144 0 
0 0 
850 949 
850 949 
850 949 
850 949 
850 949 
850 949 
850 949 
850 949 
850 949 
850 949 
850 949 
850 949 
850 949 
851 949 
852 949 
854 949 
855 949 
857 949 
859 949 
861 949 
863 949 
866 949 
868 949 
871 949 
874 949 
877 949 
880 949 
883 949 
887 949 
890 949 
894 949 
897 949 
901 949 
905 949 
908 949 
912 949 
916 949 
920 949 
924 949 
928 949 
933 949 
937 949 
941 949 
945 949 
950 949 
954 949 
958 949 
963 949 
967 949 
972 949 
976 949 
981 949 
985 949 
990 949 
994 949 
999 949 
1003 949 
1008 949 
1013 949 
1017 949 
1022 949 
1027 949 
1031 949 
1036 949 
1041 949 
1046 949 
1050 949 
1055 949 
1060 949 
1064 949 
1069 949 
1074 949 
1079 949 
1084 949 
1088 949 
1093 949 
1098 949 
1103 949 
1107 949 
1112 949 
1117 949 
1122 949 
1127 949 
1132 949 
1136 949 
1141 949 
1146 949 
1151 949 
1156 949 
1160 949 
1165 949 
1170 949 
1175 949 
1180 949 
1185 949 
1190 949 
1194 949 
1199 949 
1204 949 
1209 949 
1214 949 
1219 949 
1223 949 
1228 949 
1233 949 
1238 949 
1243 949 
1248 949 
1253 949 
1257 949 
1262 949 
1267 949 
1272 949 
1277 949 
1282 949 
1287 949 
1291 949 
1296 949 
1300 949 
1304 949 
1308 949 
1311 949 
1313 949 
1315 949 
1317 949 
1318 949 
1319 949 
1319 949 
1319 949 
1319 949 
1319 949 
1318 944 
1317 938 
1316 932 
1315 927 
1314 921 
1313 916 
1312 911 
1311 906 
1310 901 
1309 897 
1307 892 
1306 888 
1304 883 
1303 879 
1301 875 
1300 871 
1298 867 
1296 864 
1295 860 
1293 856 
1291 853 
1289 850 
1287 847 
1285 844 
1283 841 
1281 838 
1279 836 
1277 833 
1274 831 
1272 828 
1270 826 
1267 824 
1265 822 
1262 820 
1260 819 
1257 817 
1254 815 
1252 814 
1249 813 
1246 812 
1243 811 
1240 810 
1238 809 
1235 808 
1232 807 
1229 807 
1227 806 
1224 806 
1222 806 
1219 806 
1217 806 
1215 806 
1213 806 
1211 807 
1209 807 
1207 807 
1205 808 
1203 809 
1202 810 
1200 811 
1198 812 
1197 813 
1196 814 
1194 815 
1193 817 
1192 818 
1191 820 
1190 821 
1189 823 
1188 825 
1187 827 
1186 829 
1186 831 
1185 834 
1185 836 
1184 838 
1184 841 
1183 844 
1183 846 
1183 849 
1184 849 
1184 849 
1185 849 
1186 849 
1188 849 
1189 849 
1191 849 
1193 849 
1195 849 
1197 849 
1200 849 
1203 849 
1205 849 
1208 849 
1211 849 
1214 849 
1218 849 
1221 844 
1224 838 
1228 832 
1231 827 
1235 821 
1238 816 
1242 811 
1245 806 
1249 801 
1253 797 
1257 792 
1260 788 
1264 783 
1268 779 
1272 775 
1276 771 
1280 767 
1284 763 
1288 760 
1292 756 
1296 753 
1300 750 
1305 747 
1309 744 
1313 741 
1318 738 
1322 735 
1326 733 
1331 731 
1335 728 
1340 726 
1344 724 
1349 722 
1353 720 
1358 719 
1363 717 
1367 715 
1372 714 
1376 713 
1381 712 
1385 711 
1390 710 
1394 709 
1399 708 
1403 707 
1407 707 
1411 706 
1415 706 
1419 706 
1423 706 
1427 706 
1431 706 
1434 706 
1438 706 
1441 707 
1444 707 
1448 708 
1451 709 
1454 710 
1457 710 
1460 711 
1463 713 
1465 714 
1468 715 
1471 717 
1473 718 
1475 720 
1478 721 
1480 723 
1482 725 
1484 727 
1486 729 
1488 731 
1490 734 
1492 736 
1494 738 
1495 741 
1497 744 
1498 746 
1500 749 
1500 749 
1501 749 
1501 749 
1501 749 
1500 749 
1499 749 
1498 749 
1497 749 
1495 749 
1494 749 
1492 749 
1490 744 
1488 738 
1485 732 
1483 727 
1481 721 
1478 716 
1476 711 
1474 706 
1471 701 
1469 697 
1466 692 
1463 688 
1461 683 
1458 679 
1455 675 
1452 671 
1450 667 
1447 664 
1444 660 
1441 656 
1438 653 
1435 650 
1431 647 
1428 644 
1425 641 
1422 638 
1418 636 
1415 633 
1412 631 
1408 628 
1405 626 
1401 624 
1398 622 
1394 620 
1391 619 
1387 617 
1383 615 
1379 614 
1376 613 
1372 612 
1368 611 
1364 610 
1360 609 
1356 608 
1352 607 
1348 607 
1344 606 
1340 606 
1335 606 
1331 606 
1327 606 
1323 606 
1318 606 
1314 606 
1309 607 
1305 607 
1301 608 
1296 609 
1291 610 
1287 611 
1282 612 
1278 613 
1273 614 
1268 615 
1263 617 
1259 618 
1254 620 
1249 621 
1244 623 
1239 624 
1234 624 
1229 624 
1224 624 
1219 624 
1215 624 
1210 624 
1205 624 
1200 624 
1195 624 
1190 619 
1185 613 
1180 607 
1175 602 
1170 596 
1165 591 
1160 586 
1155 581 
1150 576 
1145 572 
1139 567 
1134 563 
1129 558 
1124 554 
1118 550 
1113 546 
1107 542 
1102 538 
1097 535 
1091 531 
1086 528 
1080 525 
1074 522 
1069 519 
1063 516 
1058 513 
1052 510 
1046 508 
1040 506 
1035 503 
1029 501 
1023 499 
1017 497 
1011 495 
1005 494 
1000 492 
994 490 
988 489 
982 488 
976 487 
970 486 
963 485 
957 484 
951 483 
945 482 
939 482 
933 481 
926 481 
920 481 
914 481 
908 481 
901 481 
895 481 
889 481 
882 482 
876 482 
869 483 
863 484 
856 485 
850 485 
843 486 
837 488 
830 489 
824 490 
817 492 
810 493 
804 495 
797 496 
790 498 
783 500 
777 502 
770 504 
763 506 
756 509 
749 511 
743 513 
736 516 
729 519 
722 521 
715 524 
708 527 
701 530 
694 533 
687 536 
680 540 
673 543 
666 546 
659 550 
652 553 
645 557 
637 561 
630 565 
623 569 
616 573 
609 577 
601 581 
594 585 
587 590 
580 594 
572 599 
565 603 
558 608 
550 613 
543 618 
535 623 
528 624 
521 624 
514 624 
507 624 
501 624 
494 624 
488 624 
481 624 
475 624 
469 624 
463 624 
457 624 
451 624 
445 624 
439 624 
433 624 
427 624 
422 624 
416 624 
411 624 
405 624 
399 624 
394 624 
389 624 
383 624 
378 624 
373 624 
367 624 
362 624 
357 624 
352 624 
346 624 
341 624 
336 624 
331 624 
326 624 
321 624 
316 624 
311 624 
306 624 
300 624 
295 624 
290 624 
285 624 
280 624 
275 624 
270 624 
265 624 
260 624 
256 624 
251 624 
246 624 
241 624 
236 624 
231 624 
226 624 
221 624 
216 624 
211 624 
206 624 
201 624 
196 624 
191 624 
187 624 
182 624 
177 624 
172 624 
167 624 
162 624 
157 624 
152 624 
147 624 
142 624 
138 624 
133 624 
128 624 
123 624 
118 624 
113 624 
108 624 
103 624 
99 624 
94 624 
89 624 
84 624 
79 624 
74 624 
