144 0 
0 0 
101 315 
101 315 
101 315 
101 316 
101 316 
101 317 
101 317 
101 318 
101 319 
101 320 
101 321 
101 322 
101 324 
101 325 
101 327 
102 328 
102 330 
102 332 
102 334 
102 336 
102 338 
102 340 
103 342 
103 344 
103 347 
103 349 
104 349 
105 349 
106 349 
107 349 
109 349 
111 349 
112 349 
115 349 
117 349 
119 349 
122 349 
125 349 
127 349 
130 349 
134 349 
137 349 
140 349 
143 349 
147 349 
151 349 
154 349 
158 349 
162 349 
166 349 
169 349 
173 349 
178 349 
182 349 
186 349 
190 349 
194 349 
198 349 
203 349 
207 349 
211 349 
216 349 
220 349 
225 349 
229 349 
234 349 
238 349 
243 349 
247 349 
252 349 
257 349 
261 349 
266 349 
270 349 
275 349 
280 350 
285 350 
289 351 
294 352 
299 353 
304 354 
309 355 
313 357 
318 359 
323 361 
328 363 
333 364 
338 364 
343 364 
348 364 
353 364 
358 364 
363 364 
368 364 
373 364 
378 364 
383 364 
388 364 
392 364 
397 364 
402 364 
407 364 
412 364 
417 364 
422 364 
427 364 
432 364 
437 364 
441 364 
446 364 
451 364 
456 364 
461 364 
466 364 
471 364 
476 364 
480 364 
485 364 
490 364 
495 364 
500 364 
505 364 
510 364 
515 364 
519 364 
524 364 
529 364 
534 364 
539 364 
544 364 
549 364 
554 364 
558 364 
563 364 
568 364 
573 364 
578 349 
583 349 
588 349 
592 349 
597 349 
602 349 
607 349 
612 349 
617 349 
622 349 
627 349 
631 349 
636 349 
641 349 
646 349 
651 349 
656 344 
661 338 
666 332 
671 327 
676 321 
681 316 
686 311 
691 306 
696 301 
701 297 
706 292 
711 288 
717 283 
722 279 
727 275 
733 271 
738 267 
743 264 
749 260 
754 256 
760 249 
765 249 
771 249 
776 249 
782 249 
787 249 
792 249 
798 249 
803 249 
808 249 
813 249 
818 249 
824 249 
829 249 
834 249 
839 249 
844 249 
849 249 
849 249 
849 249 
849 249 
849 249 
849 249 
849 249 
849 249 
849 249 
849 249 
849 249 
849 249 
849 249 
849 249 
849 249 
849 249 
849 249 
849 249 
849 249 
849 249 
849 249 
849 249 
849 249 
849 249 
849 249 
849 249 
849 249 
849 249 
849 249 
849 249 
849 249 
849 249 
849 249 
849 249 
849 249 
849 244 
849 238 
849 232 
849 227 
849 221 
849 216 
849 211 
849 206 
849 201 
849 197 
849 192 
849 188 
849 183 
849 179 
849 175 
849 171 
849 167 
849 163 
849 160 
850 156 
850 153 
850 150 
850 147 
851 144 
851 141 
852 138 
852 135 
853 133 
853 131 
854 128 
855 126 
856 124 
857 122 
858 120 
859 119 
860 117 
861 115 
862 114 
863 113 
865 112 
866 111 
867 110 
869 109 
870 108 
872 107 
874 107 
875 106 
877 106 
879 106 
881 106 
883 106 
885 107 
887 107 
889 108 
891 109 
893 110 
895 112 
897 113 
900 115 
902 117 
904 119 
907 122 
909 124 
912 127 
914 130 
917 134 
920 137 
923 141 
925 144 
928 148 
931 152 
934 157 
937 161 
940 164 
943 164 
947 164 
949 164 
949 164 
949 164 
949 164 
949 164 
949 164 
949 164 
949 164 
949 164 
949 164 
949 164 
949 164 
949 164 
949 164 
949 164 
949 164 
949 164 
949 164 
949 164 
949 164 
949 164 
949 164 
949 164 
949 164 
949 164 
949 164 
949 164 
949 164 
949 159 
949 153 
949 148 
949 143 
949 138 
949 133 
949 129 
949 125 
950 121 
950 117 
950 114 
950 111 
951 107 
951 105 
952 112 
952 112 
953 113 
953 113 
954 114 
955 115 
956 116 
957 118 
958 120 
959 121 
960 114 
961 114 
963 114 
964 114 
966 114 
968 114 
971 114 
973 114 
976 114 
979 114 
981 114 
984 114 
987 114 
991 114 
994 114 
997 114 
1001 114 
1005 114 
1008 114 
1012 114 
1016 114 
1020 114 
1024 114 
1028 114 
1032 114 
1036 114 
1040 114 
1044 114 
1048 114 
1053 114 
1057 114 
1061 114 
1066 114 
1070 114 
1074 114 
1079 114 
1083 114 
1088 114 
1092 115 
1097 115 
1102 116 
1106 117 
1111 118 
1116 119 
1120 120 
1125 122 
1130 124 
1135 126 
1140 128 
1144 130 
1149 133 
1154 136 
1159 139 
1164 142 
1169 145 
1175 149 
1180 153 
1185 157 
1190 161 
1195 165 
1201 170 
1206 174 
1211 179 
1216 184 
1222 190 
1227 195 
1233 200 
1238 206 
1244 211 
1249 217 
1255 223 
1260 229 
1266 235 
1272 240 
1277 247 
1283 249 
1288 249 
1294 250 
1299 250 
1305 250 
1311 250 
1316 251 
1322 252 
1328 252 
1333 253 
1339 254 
1345 255 
1351 256 
1357 257 
1362 259 
1368 260 
1374 262 
1380 263 
1386 265 
1392 267 
1398 269 
1404 271 
1410 273 
1416 275 
1422 277 
1429 279 
1435 282 
1441 284 
1447 287 
1453 290 
1460 293 
1466 295 
1472 298 
1479 302 
1485 305 
1491 308 
1498 311 
1504 315 
1511 318 
1517 322 
1524 326 
1530 329 
1537 333 
1543 337 
1550 341 
1556 345 
1563 349 
1569 349 
1576 349 
1582 349 
1588 349 
1594 349 
1600 349 
1606 349 
1612 349 
1617 349 
1623 349 
1629 349 
1635 349 
1640 349 
1646 349 
1651 349 
1657 349 
1662 349 
1667 349 
1673 349 
1678 349 
1683 349 
1689 349 
1694 349 
1699 349 
1704 349 
1709 349 
1715 349 
1720 349 
1725 349 
1730 349 
1735 349 
1740 349 
1745 349 
1750 349 
1755 349 
1760 349 
1765 349 
1770 349 
1775 349 
1780 349 
1785 349 
1790 349 
1795 349 
1800 349 
1805 349 
1810 349 
1815 349 
1820 349 
1825 349 
1830 349 
1835 349 
1840 349 
1845 349 
1849 349 
1854 349 
1859 349 
1864 349 
1869 349 
1874 349 
1879 349 
1884 349 
1889 349 
1894 349 
1898 349 
1903 349 
1908 349 
1913 349 
1918 349 
1923 349 
1928 349 
1933 349 
1938 349 
1942 349 
1947 349 
1952 349 
1957 349 
1962 349 
1967 349 
1972 349 
1977 349 
1981 349 
1986 349 
1991 349 
1996 349 
2001 349 
2006 349 
2011 349 
2016 349 
2020 349 
2025 349 
2030 349 
2035 349 
2040 349 
2045 349 
2050 349 
2054 349 
2059 349 
2064 349 
2069 349 
2074 349 
2078 349 
2083 349 
2087 349 
2091 350 
2094 350 
2098 350 
2102 350 
2105 351 
2109 352 
2113 352 
2116 353 
2120 354 
2123 355 
2127 356 
2130 357 
2134 359 
2137 360 
2141 362 
2144 363 
2148 365 
2151 367 
2154 369 
2158 371 
2161 373 
2164 375 
2168 377 
2171 379 
2174 382 
2177 384 
2180 387 
2183 390 
2186 393 
2189 395 
2191 398 
2194 402 
2196 405 
2199 408 
2201 412 
2203 416 
2206 420 
2208 424 
2210 428 
2212 433 
2214 438 
2216 443 
2217 448 
2219 453 
2221 459 
2222 464 
2223 470 
2225 476 
2226 483 
2227 489 
2228 496 
2230 502 
2231 509 
2232 516 
2232 524 
2233 531 
2234 539 
2235 547 
2235 555 
2236 563 
2236 571 
2236 578 
2229 585 
2223 591 
2217 597 
2211 603 
2204 610 
2197 617 
2191 623 
2184 630 
2177 637 
2170 644 
2163 651 
2156 658 
2148 666 
2141 673 
2134 680 
2126 688 
2118 696 
2111 703 
2103 711 
2095 719 
2087 727 
2079 735 
2070 744 
2062 752 
2054 760 
2045 769 
2037 777 
2028 786 
2019 795 
2010 804 
2001 813 
1992 822 
1983 831 
1974 840 
1965 849 
1955 858 
1946 868 
1937 877 
1927 887 
1917 897 
1908 906 
1898 916 
1888 926 
1878 936 
1868 946 
1857 956 
1847 967 
1837 977 
1827 987 
1816 998 
1805 1008 
1795 1019 
1784 1030 
1773 1041 
1762 1051 
1752 1062 
1741 1073 
1729 1085 
1711 1088 
1700 1099 
1690 1093 
1679 1087 
1669 1081 
1659 1076 
1648 1071 
1638 1065 
1627 1060 
1617 1055 
1607 1051 
1596 1046 
1586 1041 
1576 1037 
1565 1033 
1555 1028 
1544 1024 
1534 1020 
1524 1016 
1513 1013 
1503 1009 
1493 1006 
1482 1002 
1472 999 
1462 996 
1451 993 
1441 990 
1430 987 
1420 985 
1410 982 
1399 980 
1389 978 
1379 975 
1368 973 
1358 971 
1348 970 
1337 968 
1327 966 
1317 965 
1306 963 
1296 962 
1286 961 
1275 960 
1265 959 
1255 958 
1244 957 
1234 957 
1224 956 
1214 956 
1203 955 
1193 955 
1183 955 
1172 955 
1162 955 
1152 955 
1141 956 
1131 956 
1121 957 
1110 957 
1100 958 
1090 959 
1080 960 
1069 961 
1059 962 
1049 963 
1038 964 
1028 966 
1018 967 
1008 969 
997 971 
987 972 
977 974 
966 976 
956 978 
946 981 
936 983 
925 985 
915 988 
905 990 
895 993 
884 996 
874 998 
864 1001 
853 1004 
843 1007 
833 1011 
823 1014 
812 1017 
802 1021 
792 1024 
782 1028 
771 1031 
761 1035 
751 1039 
741 1043 
730 1047 
720 1051 
710 1055 
700 1060 
689 1064 
679 1069 
669 1073 
659 1078 
648 1082 
638 1087 
628 1092 
618 1097 
608 1102 
597 1107 
587 1112 
577 1118 
567 1123 
556 1128 
546 1134 
536 1139 
526 1145 
515 1151 
505 1157 
495 1162 
485 1168 
475 1174 
464 1181 
454 1187 
444 1193 
434 1199 
423 1206 
413 1212 
403 1219 
393 1225 
383 1232 
372 1239 
362 1246 
352 1249 
343 1249 
333 1249 
324 1249 
316 1249 
307 1249 
299 1249 
291 1249 
283 1249 
275 1249 
268 1249 
260 1249 
253 1249 
246 1249 
240 1249 
233 1249 
228 1249 
223 1249 
219 1249 
215 1249 
212 1249 
209 1249 
207 1249 
205 1249 
204 1249 
203 1249 
202 1249 
202 1249 
202 1249 
202 1249 
203 1249 
204 1249 
205 1249 
206 1249 
208 1249 
210 1249 
212 1249 
214 1249 
216 1249 
219 1249 
221 1249 
224 1249 
227 1249 
230 1249 
233 1249 
236 1249 
240 1249 
243 1249 
247 1249 
250 1249 
254 1249 
258 1249 
262 1249 
265 1249 
269 1249 
273 1249 
277 1249 
280 1249 
283 1249 
286 1249 
288 1249 
291 1249 
293 1249 
295 1249 
296 1249 
297 1249 
297 1249 
297 1249 
297 1249 
297 1249 
296 1249 
295 1249 
294 1249 
293 1249 
291 1249 
289 1249 
287 1249 
285 1249 
282 1249 
280 1249 
277 1249 
274 1249 
271 1249 
268 1249 
265 1249 
262 1249 
259 1249 
255 1249 
252 1249 
248 1249 
244 1249 
240 1249 
237 1249 
233 1249 
229 1249 
225 1249 
221 1249 
217 1249 
212 1249 
208 1249 
204 1249 
200 1249 
195 1249 
191 1249 
187 1249 
182 1249 
178 1249 
173 1249 
169 1249 
164 1249 
160 1249 
156 1249 
152 1249 
149 1249 
146 1249 
143 1249 
141 1249 
140 1249 
138 1249 
138 1249 
137 1249 
137 1249 
137 1249 
138 1249 
138 1249 
139 1249 
140 1249 
142 1249 
144 1249 
145 1249 
147 1249 
150 1249 
152 1249 
155 1249 
157 1249 
160 1249 
162 1249 
164 1249 
166 1249 
168 1249 
170 1249 
172 1249 
173 1249 
173 1249 
174 1249 
174 1249 
173 1249 
173 1249 
172 1249 
171 1249 
169 1249 
168 1249 
166 1249 
164 1249 
162 1249 
160 1249 
157 1249 
155 1249 
152 1249 
149 1249 
146 1249 
143 1249 
140 1249 
136 1249 
133 1249 
129 1249 
126 1249 
122 1249 
118 1249 
115 1249 
111 1249 
107 1249 
103 1249 
99 1249 
95 1249 
90 1249 
86 1249 
82 1249 
78 1249 
73 1249 
69 1249 
66 1249 
62 1249 
59 1250 
55 1250 
52 1250 
49 1250 
46 1251 
42 1252 
39 1252 
36 1253 
33 1254 
31 1255 
28 1256 
25 1257 
23 1259 
20 1260 
18 1262 
15 1263 
13 1265 
11 1267 
9 1269 
7 1271 
5 1273 
3 1275 
1 1277 
0 1279 
-1 1282 
-3 1284 
-5 1287 
-6 1290 
-7 1293 
-9 1295 
-10 1298 
-11 1302 
-12 1305 
-13 1308 
-14 1311 
-15 1315 
-16 1318 
-16 1322 
-17 1326 
-18 1329 
-18 1333 
-19 1337 
-19 1341 
-19 1345 
-20 1350 
-20 1354 
-20 1358 
-20 1363 
-20 1367 
-20 1372 
-20 1376 
-20 1381 
-19 1386 
-19 1391 
-19 1396 
-18 1401 
-18 1406 
-17 1412 
-17 1417 
-16 1422 
-15 1428 
-14 1433 
-14 1439 
-13 1445 
-12 1451 
-11 1457 
-10 1462 
-8 1468 
-7 1475 
-6 1481 
-5 1487 
-3 1493 
-2 1500 
0 1506 
0 1513 
2 1519 
3 1526 
5 1533 
7 1540 
9 1547 
10 1553 
12 1561 
14 1568 
16 1575 
18 1582 
21 1589 
23 1597 
25 1604 
27 1612 
29 1619 
32 1627 
34 1635 
37 1643 
39 1650 
42 1658 
44 1666 
47 1674 
49 1682 
49 1691 
49 1699 
49 1707 
49 1716 
49 1724 
49 1733 
49 1741 
49 1750 
49 1758 
49 1767 
49 1776 
49 1785 
49 1794 
49 1803 
49 1812 
49 1821 
49 1830 
49 1839 
49 1849 
49 1858 
49 1867 
49 1877 
49 1886 
49 1896 
49 1906 
49 1915 
49 1925 
49 1935 
49 1945 
49 1955 
49 1965 
49 1975 
49 1985 
49 1995 
49 2005 
49 2015 
49 2026 
49 2036 
49 2047 
49 2057 
49 2068 
49 2078 
49 2089 
49 2100 
49 2110 
49 2121 
49 2132 
49 2143 
49 2154 
49 2165 
49 2176 
49 2187 
49 2198 
49 2209 
49 2221 
49 2232 
49 2243 
49 2255 
49 2266 
49 2278 
49 2289 
50 2301 
50 2312 
50 2324 
50 2336 
51 2348 
51 2349 
52 2349 
53 2349 
55 2349 
56 2349 
58 2349 
60 2349 
62 2349 
65 2349 
67 2349 
70 2349 
73 2349 
76 2349 
79 2349 
82 2349 
85 2349 
88 2349 
92 2349 
95 2349 
99 2349 
103 2349 
106 2349 
110 2349 
114 2349 
118 2349 
122 2349 
126 2349 
130 2349 
134 2349 
139 2349 
143 2349 
147 2349 
151 2349 
156 2349 
160 2349 
165 2349 
169 2349 
173 2349 
178 2349 
182 2349 
187 2349 
192 2349 
196 2349 
201 2349 
205 2349 
210 2349 
215 2349 
219 2349 
224 2349 
229 2349 
233 2349 
238 2349 
243 2349 
247 2349 
252 2349 
257 2349 
262 2349 
266 2349 
271 2349 
276 2349 
281 2349 
285 2349 
290 2349 
295 2349 
300 2349 
305 2349 
309 2349 
314 2349 
319 2349 
324 2349 
329 2349 
333 2349 
338 2349 
343 2349 
348 2349 
353 2349 
358 2349 
362 2344 
367 2338 
371 2332 
375 2327 
380 2321 
384 2316 
388 2311 
392 2306 
396 2301 
399 2297 
403 2292 
407 2288 
410 2283 
414 2279 
417 2275 
420 2271 
423 2267 
426 2263 
429 2260 
432 2256 
435 2253 
438 2250 
441 2247 
443 2244 
446 2241 
448 2238 
449 2235 
449 2233 
449 2231 
449 2228 
449 2226 
449 2224 
449 2222 
449 2220 
449 2219 
449 2217 
449 2215 
449 2214 
449 2213 
449 2212 
449 2211 
448 2210 
448 2209 
448 2208 
448 2207 
448 2207 
448 2206 
437 2201 
426 2195 
414 2189 
403 2184 
401 2178 
401 2173 
401 2168 
401 2163 
401 2158 
401 2154 
401 2149 
401 2145 
401 2140 
401 2136 
401 2132 
401 2128 
401 2124 
401 2120 
401 2117 
401 2113 
401 2110 
401 2107 
401 2104 
401 2101 
401 2098 
401 2095 
401 2092 
401 2090 
401 2088 
401 2085 
411 2079 
422 2074 
433 2068 
444 2063 
449 2057 
449 2052 
449 2047 
449 2042 
449 2037 
449 2032 
449 2028 
449 2023 
449 2019 
449 2015 
449 2011 
449 2007 
449 2003 
449 1999 
449 1996 
449 1992 
449 1989 
449 1986 
449 1983 
449 1980 
449 1977 
449 1974 
449 1971 
438 1965 
428 1960 
417 1954 
406 1949 
401 1943 
401 1938 
401 1933 
401 1928 
401 1923 
401 1918 
401 1914 
401 1909 
401 1905 
401 1901 
401 1897 
401 1893 
401 1889 
401 1885 
401 1882 
401 1878 
401 1875 
401 1872 
401 1869 
401 1866 
401 1863 
401 1860 
401 1857 
401 1855 
401 1852 
401 1850 
401 1848 
401 1846 
401 1844 
401 1842 
401 1840 
401 1839 
401 1837 
401 1836 
401 1835 
412 1829 
422 1823 
433 1817 
444 1812 
449 1807 
449 1801 
449 1796 
449 1791 
449 1787 
449 1782 
449 1777 
449 1773 
449 1768 
449 1764 
449 1760 
449 1756 
449 1752 
449 1749 
449 1745 
448 1742 
448 1738 
448 1735 
448 1732 
448 1729 
448 1726 
448 1723 
447 1721 
447 1718 
447 1716 
447 1713 
436 1708 
425 1702 
415 1696 
404 1691 
401 1685 
401 1680 
401 1675 
401 1670 
401 1665 
401 1661 
401 1656 
401 1652 
401 1647 
401 1643 
401 1639 
401 1635 
401 1631 
401 1628 
401 1624 
402 1620 
402 1617 
402 1614 
402 1611 
402 1608 
402 1605 
403 1602 
403 1600 
414 1594 
425 1588 
436 1582 
447 1577 
449 1571 
449 1566 
449 1561 
449 1556 
449 1551 
449 1547 
449 1542 
449 1538 
449 1533 
449 1529 
449 1525 
449 1521 
449 1517 
449 1514 
449 1510 
449 1507 
449 1503 
449 1500 
449 1497 
449 1494 
449 1491 
449 1488 
449 1486 
449 1483 
449 1481 
449 1478 
449 1476 
449 1474 
449 1472 
449 1470 
449 1469 
449 1467 
449 1466 
449 1464 
449 1463 
449 1462 
449 1461 
449 1460 
449 1459 
449 1458 
449 1457 
449 1457 
438 1451 
427 1445 
417 1440 
406 1434 
395 1429 
384 1424 
374 1419 
363 1414 
352 1409 
342 1404 
331 1400 
320 1395 
310 1391 
299 1397 
288 1397 
278 1397 
267 1397 
256 1398 
246 1398 
235 1399 
225 1399 
214 1400 
203 1401 
201 1402 
201 1403 
201 1405 
201 1406 
201 1407 
201 1409 
201 1410 
201 1412 
201 1414 
201 1416 
201 1418 
201 1420 
201 1422 
201 1424 
201 1427 
201 1429 
201 1432 
201 1434 
201 1437 
201 1440 
201 1443 
201 1446 
201 1449 
201 1452 
