144 0 
0 0 
850 500 
850 500 
850 500 
850 501 
850 501 
851 502 
851 502 
852 503 
852 504 
853 505 
854 506 
854 507 
855 509 
856 510 
857 512 
858 513 
859 515 
860 517 
861 519 
862 521 
864 523 
865 525 
866 527 
868 529 
869 532 
871 534 
872 537 
874 540 
876 543 
877 546 
879 549 
881 552 
883 555 
885 558 
887 561 
889 565 
891 568 
893 572 
896 576 
898 579 
900 583 
902 587 
905 591 
907 595 
910 600 
912 604 
915 608 
918 613 
920 617 
923 622 
926 627 
929 631 
932 636 
934 641 
937 646 
940 651 
943 656 
946 662 
935 656 
924 650 
913 645 
902 639 
892 634 
881 628 
870 623 
860 618 
849 614 
839 609 
828 604 
818 600 
808 596 
801 591 
801 587 
801 583 
801 579 
801 576 
801 572 
801 569 
801 565 
812 560 
822 554 
833 548 
844 543 
855 537 
866 532 
876 527 
887 522 
897 517 
908 513 
918 508 
928 504 
939 499 
949 495 
949 491 
949 487 
949 483 
949 479 
949 476 
949 472 
949 469 
938 463 
928 457 
917 452 
906 446 
895 440 
884 433 
872 427 
861 420 
850 413 
839 406 
828 398 
816 390 
805 383 
801 374 
801 366 
801 358 
801 349 
801 340 
801 331 
801 322 
801 313 
801 304 
801 294 
801 285 
801 275 
801 266 
801 256 
801 246 
801 236 
801 226 
801 216 
801 206 
801 196 
801 186 
801 176 
801 166 
801 155 
801 145 
801 135 
801 125 
801 115 
801 105 
801 95 
801 86 
801 76 
801 66 
801 57 
801 47 
801 38 
801 29 
801 20 
801 11 
801 2 
801 -6 
801 -14 
801 -23 
801 -31 
801 -39 
801 -47 
801 -55 
812 -61 
823 -66 
833 -72 
844 -77 
855 -83 
866 -88 
876 -93 
887 -98 
897 -103 
908 -107 
918 -112 
928 -117 
939 -121 
949 -125 
959 -129 
969 -133 
980 -137 
990 -141 
1000 -144 
1011 -148 
1021 -151 
1031 -154 
1041 -157 
1052 -160 
1062 -163 
1072 -166 
1082 -169 
1093 -171 
1103 -174 
1113 -176 
1124 -178 
1134 -180 
1144 -182 
1154 -184 
1165 -186 
1175 -187 
1185 -189 
1195 -190 
1206 -191 
1216 -193 
1226 -194 
1236 -195 
1247 -195 
1257 -196 
1267 -197 
1277 -197 
1287 -198 
1298 -198 
1308 -198 
1318 -198 
1328 -198 
1339 -198 
1349 -198 
1359 -198 
1369 -197 
1380 -197 
1390 -196 
1400 -195 
1410 -195 
1420 -194 
1431 -193 
1441 -191 
1451 -190 
1461 -189 
1472 -188 
1482 -186 
1492 -184 
1502 -183 
1512 -181 
1523 -179 
1533 -177 
1543 -175 
1553 -173 
1564 -171 
1574 -168 
1584 -166 
1594 -163 
1604 -161 
1615 -158 
1625 -155 
1635 -152 
1645 -149 
1655 -146 
1666 -143 
1676 -140 
1686 -136 
1696 -133 
1706 -129 
1717 -126 
1727 -122 
1737 -118 
1747 -114 
1757 -110 
1768 -106 
1778 -102 
1788 -98 
1798 -94 
1808 -89 
1819 -85 
1829 -80 
1839 -76 
1849 -71 
1859 -66 
1869 -61 
1880 -56 
1890 -51 
1900 -50 
1909 -50 
1919 -50 
1928 -50 
1936 -50 
1945 -50 
1953 -50 
1961 -50 
1969 -50 
1977 -50 
1984 -50 
1991 -49 
1997 -49 
2004 -49 
2010 -49 
2017 -48 
2024 -47 
2030 -47 
2036 -46 
2042 -45 
2048 -44 
2054 -43 
2060 -42 
2066 -40 
2072 -39 
2077 -37 
2083 -36 
2088 -34 
2093 -32 
2098 -30 
2103 -28 
2108 -26 
2113 -24 
2118 -22 
2123 -20 
2127 -17 
2132 -15 
2136 -12 
2141 -9 
2145 -6 
2149 -4 
2153 -1 
2157 2 
2161 5 
2165 8 
2168 11 
2172 15 
2175 18 
2179 22 
2182 26 
2185 29 
2189 33 
2192 37 
2195 41 
2198 45 
2200 50 
2203 54 
2206 58 
2208 63 
2211 67 
2213 72 
2216 76 
2218 81 
2220 86 
2222 91 
2224 96 
2226 101 
2228 106 
2230 112 
2232 117 
2233 122 
2235 128 
2237 133 
2238 139 
2239 145 
2241 151 
2242 156 
2243 162 
2244 168 
2245 175 
2246 181 
2247 187 
2248 193 
2249 200 
2249 206 
2250 213 
2250 219 
2251 226 
2251 233 
2251 240 
2252 247 
2252 253 
2252 261 
2252 268 
2252 275 
2252 282 
2252 289 
2252 297 
2252 304 
2251 312 
2251 319 
2250 327 
2250 335 
2249 343 
2249 350 
2248 358 
2247 366 
2247 374 
2246 382 
2245 391 
2244 399 
2243 407 
2242 416 
2241 424 
2239 433 
2238 441 
2237 450 
2235 458 
2234 467 
2233 476 
2231 485 
2229 494 
2228 503 
2226 512 
2224 521 
2223 530 
2221 539 
2219 549 
2217 558 
2215 567 
2213 577 
2211 586 
2209 596 
2206 606 
2204 615 
2202 625 
2199 635 
2197 645 
2195 655 
2192 665 
2189 675 
2187 685 
2184 695 
2182 705 
2179 715 
2176 726 
2173 736 
2170 747 
2167 749 
2164 749 
2161 749 
2158 749 
2154 749 
2151 749 
2147 749 
2143 749 
2140 749 
2136 749 
2132 749 
2128 749 
2124 749 
2120 749 
2116 749 
2112 749 
2108 749 
2103 749 
2099 749 
2095 749 
2090 749 
2086 749 
2082 749 
2077 749 
2073 749 
2068 744 
2064 738 
2059 732 
2055 727 
2050 721 
2045 716 
2041 711 
2036 706 
2031 701 
2026 697 
2021 692 
2017 688 
2012 683 
2007 679 
2002 675 
1997 671 
1992 667 
1987 664 
1982 660 
1976 656 
1971 653 
1966 650 
1961 647 
1956 644 
1950 641 
1945 638 
1940 636 
1934 633 
1929 631 
1924 628 
1918 626 
1913 624 
1907 622 
1902 620 
1896 619 
1890 617 
1885 615 
1879 614 
1873 613 
1868 612 
1862 611 
1856 610 
1850 609 
1845 608 
1839 607 
1833 607 
1827 606 
1821 606 
1815 606 
1809 606 
1803 606 
1797 606 
1791 606 
1785 606 
1779 607 
1773 607 
1767 608 
1760 609 
1754 610 
1748 611 
1742 612 
1735 613 
1729 614 
1723 615 
1716 617 
1710 618 
1704 620 
1697 621 
1691 623 
1684 625 
1678 627 
1671 629 
1665 631 
1658 634 
1652 636 
1645 638 
1638 641 
1632 644 
1625 646 
1618 649 
1612 652 
1605 655 
1598 658 
1591 661 
1585 665 
1578 668 
1571 671 
1564 675 
1557 679 
1550 682 
1543 686 
1536 690 
1530 694 
1523 698 
1516 702 
1509 706 
1502 710 
1513 705 
1523 699 
1534 693 
1545 688 
1556 682 
1567 677 
1577 672 
1588 667 
1599 662 
1610 658 
1620 653 
1631 649 
1642 644 
1653 640 
1663 636 
1674 632 
1685 628 
1695 625 
1706 621 
1717 617 
1727 614 
1738 611 
1749 608 
1759 605 
1770 602 
1781 599 
1791 597 
1802 594 
1813 592 
1823 589 
1834 587 
1845 585 
1855 583 
1866 581 
1877 580 
1887 578 
1898 576 
1908 575 
1919 574 
1930 573 
1940 572 
1951 571 
1962 570 
1972 569 
1983 568 
1993 568 
2004 567 
2015 567 
2025 567 
2036 567 
2046 567 
2057 567 
2067 567 
2078 568 
2089 568 
2099 568 
2110 569 
2120 570 
2131 571 
2141 572 
2152 573 
2162 574 
2173 575 
2183 576 
2193 578 
2203 579 
2213 581 
2223 582 
2233 584 
2243 586 
2252 588 
2261 590 
2271 592 
2280 595 
2289 597 
2298 599 
2307 602 
2315 605 
2324 607 
2332 610 
2341 613 
2349 616 
2357 619 
2365 622 
2373 626 
2380 629 
2388 632 
2396 636 
2403 640 
2410 643 
2417 647 
2424 651 
2431 655 
2438 659 
2445 663 
2452 667 
2458 672 
2465 676 
2471 680 
2477 685 
2483 689 
2489 694 
2495 699 
2501 704 
2507 709 
2512 714 
2518 719 
2523 724 
2529 729 
2534 735 
2539 740 
2544 746 
2549 751 
2554 757 
2558 763 
2563 768 
2568 774 
2572 780 
2577 786 
2581 792 
2586 799 
2590 805 
2594 811 
2599 818 
2603 824 
2607 831 
2612 837 
2616 844 
2620 851 
2624 857 
2628 864 
2633 871 
2637 878 
2641 885 
2645 893 
2649 900 
2653 907 
2657 915 
2661 922 
2665 930 
2669 937 
2673 945 
2676 949 
2680 949 
2683 949 
2686 949 
2689 949 
2691 949 
2694 949 
2696 949 
2698 949 
2701 949 
2703 949 
2706 949 
2709 949 
2711 949 
2714 949 
2718 949 
2721 949 
2724 949 
2728 949 
2731 949 
2735 949 
2739 949 
2742 949 
2746 949 
2750 949 
2754 949 
2758 949 
2762 949 
2766 949 
2770 949 
2775 949 
2779 949 
2783 949 
2787 949 
2790 949 
2793 949 
2796 949 
2799 949 
2802 949 
2805 949 
2807 949 
2809 949 
2811 949 
2813 949 
2815 949 
2817 949 
2819 949 
2820 949 
2821 949 
2823 949 
2824 949 
2825 949 
2826 949 
2827 949 
2828 949 
2829 949 
2830 949 
2831 949 
2832 949 
2832 949 
2833 949 
2834 949 
2834 949 
2835 949 
2835 949 
2836 949 
2836 949 
2837 949 
2837 949 
2837 949 
2838 949 
2838 949 
2838 949 
2839 949 
2839 949 
2839 949 
2840 949 
2840 949 
2840 949 
2840 949 
2840 949 
2841 949 
2840 949 
2840 949 
2839 949 
2838 949 
2837 949 
2836 949 
2834 949 
2832 949 
2830 949 
2828 949 
2826 949 
2823 949 
2820 949 
2818 949 
2815 949 
2812 949 
2808 949 
2805 949 
2802 949 
2798 949 
2795 949 
2791 949 
2787 949 
2784 949 
2780 949 
2776 949 
2772 949 
2768 949 
2764 949 
2760 949 
2756 944 
2751 938 
2747 932 
2743 927 
2738 921 
2734 916 
2730 911 
2725 906 
2721 901 
2716 897 
2712 892 
2707 888 
2703 883 
2698 879 
2693 875 
2689 871 
2684 867 
2679 864 
2674 860 
2669 856 
2665 853 
2660 850 
2655 847 
2650 844 
2645 841 
2640 838 
2635 836 
2630 833 
2624 831 
2619 828 
2614 826 
2609 824 
2604 822 
2598 820 
2593 819 
2588 817 
2582 815 
2577 814 
2571 813 
2566 812 
2560 811 
2555 810 
2549 809 
2544 808 
2538 807 
2533 807 
2527 806 
2521 806 
2516 806 
2510 806 
2504 806 
2498 806 
2492 806 
2486 807 
2481 807 
2475 807 
2469 808 
2463 809 
2457 810 
2451 811 
2445 812 
2439 813 
2433 814 
2426 815 
2420 817 
2414 818 
2408 820 
2402 821 
2401 823 
2401 825 
2401 827 
2401 829 
2401 831 
2401 834 
2401 836 
2401 838 
2401 841 
2401 844 
2401 846 
2401 849 
2401 852 
2401 855 
2401 858 
2401 861 
2401 865 
2401 868 
2401 871 
2401 875 
2401 879 
2401 882 
2401 886 
2400 890 
2400 894 
2400 898 
2400 902 
2399 906 
2399 911 
2398 915 
2398 919 
2397 924 
2397 929 
2396 933 
2395 938 
2394 943 
2393 948 
2392 949 
2391 949 
2389 949 
2387 949 
2385 949 
2383 949 
2381 949 
2378 949 
2376 949 
2373 949 
2370 949 
2367 949 
2364 949 
2361 949 
2357 949 
2354 949 
2350 944 
2347 938 
2343 932 
2339 927 
2336 921 
2332 916 
2328 911 
2324 906 
2321 901 
2317 897 
2313 892 
2309 898 
2305 898 
2301 898 
2297 898 
2293 899 
2288 899 
2284 900 
2280 901 
2276 901 
2271 902 
2267 903 
2263 904 
2258 906 
2254 907 
2249 908 
2245 910 
2240 911 
2236 913 
2231 915 
2226 917 
2222 919 
2217 921 
2212 923 
2207 925 
2202 928 
2198 930 
2193 933 
2188 935 
2183 938 
2178 941 
2173 944 
2168 947 
2163 949 
2158 949 
2153 949 
2148 949 
2143 949 
2138 949 
2133 949 
2128 949 
2123 949 
2118 949 
2113 949 
2108 949 
2103 949 
2098 949 
2093 949 
2088 949 
2083 949 
2078 949 
2073 949 
2068 944 
2063 938 
2058 932 
2053 927 
2048 921 
2043 916 
2038 911 
2033 906 
2028 901 
2023 897 
2017 892 
2012 898 
2007 898 
2001 898 
1996 898 
1991 899 
1985 899 
1980 900 
1974 900 
1969 901 
1963 902 
1958 903 
1952 904 
1947 906 
1941 907 
1935 908 
1930 910 
1924 911 
1918 913 
1912 915 
1906 917 
1901 919 
1895 921 
1889 923 
1883 925 
1877 928 
1871 930 
1865 933 
1859 935 
1853 938 
1847 941 
1841 944 
1835 947 
1829 941 
1823 935 
1816 929 
1810 924 
1804 919 
1798 913 
1792 908 
1786 903 
1779 898 
1773 894 
1767 899 
1760 899 
1754 900 
1748 900 
1741 900 
1735 901 
1728 901 
1722 902 
1716 903 
1709 904 
1703 905 
1696 906 
1689 907 
1683 908 
1676 910 
1670 911 
1663 913 
1656 915 
1650 916 
1643 918 
1636 920 
1629 922 
1623 925 
1616 927 
1609 929 
1602 932 
1595 934 
1588 937 
1581 940 
1574 942 
1567 946 
1561 949 
1554 952 
1547 956 
1539 960 
1533 964 
1526 964 
1519 964 
1513 964 
1506 964 
1500 964 
1494 964 
1487 964 
1481 964 
1475 964 
1469 964 
1464 964 
1458 964 
1452 964 
1446 964 
1441 964 
1435 964 
1430 964 
1424 964 
1419 964 
1413 964 
1408 964 
1402 964 
1397 964 
1392 964 
1386 964 
1381 964 
1376 964 
1371 964 
1366 964 
1360 964 
1355 964 
1350 964 
1345 964 
1340 964 
1335 964 
1330 964 
1325 964 
1320 964 
1315 964 
1310 964 
1306 964 
1301 964 
1298 964 
1294 964 
1290 964 
1288 964 
1285 964 
1283 964 
1282 964 
1280 949 
1280 949 
1279 949 
1279 949 
1279 949 
1280 949 
1281 949 
1282 949 
1283 949 
1284 949 
1286 949 
1288 949 
1290 949 
1292 949 
1295 949 
1297 949 
1300 949 
1303 949 
1306 949 
1309 944 
1312 938 
1315 932 
1318 927 
1321 921 
1325 916 
1328 911 
1331 906 
1335 901 
1338 897 
1342 892 
1345 888 
1349 883 
1349 879 
1349 875 
1349 871 
1349 867 
1349 864 
1349 860 
1349 856 
1349 853 
1349 850 
1349 847 
1349 844 
1349 841 
1349 838 
1349 836 
1349 833 
1349 831 
1349 828 
1349 826 
1349 824 
1349 822 
1349 820 
1349 819 
1339 813 
1328 807 
1317 801 
1306 796 
1296 791 
1286 785 
1276 780 
1265 775 
1255 770 
1245 766 
1235 761 
1225 757 
1215 752 
1205 748 
1195 744 
1185 740 
1175 736 
1165 733 
1155 729 
1145 726 
1135 722 
1125 719 
1115 716 
1105 713 
1101 710 
1101 707 
1101 705 
1101 702 
1101 700 
1101 697 
1101 695 
1101 693 
1112 687 
1122 682 
1133 676 
1144 670 
1154 665 
1164 660 
1175 655 
1185 650 
1195 645 
1204 640 
1214 636 
1224 631 
1233 627 
1242 623 
1251 619 
1260 615 
1269 611 
1278 607 
1287 604 
1295 600 
1304 597 
1312 594 
1320 590 
1329 587 
1337 585 
1344 582 
1349 579 
1338 573 
1327 568 
1316 562 
1305 557 
1294 551 
1283 546 
1272 541 
1261 536 
1250 531 
1239 526 
1228 552 
1217 552 
1206 552 
1195 552 
1183 553 
1172 553 
1161 554 
1150 555 
1139 556 
1128 556 
1117 557 
1106 559 
1101 560 
1101 561 
1111 555 
1122 559 
1133 560 
1144 560 
1154 560 
1164 560 
1175 561 
1185 562 
1194 562 
1204 563 
1214 564 
1223 565 
1233 566 
1242 567 
1251 569 
1260 570 
1269 572 
1278 573 
1287 575 
1295 577 
1304 579 
1312 581 
1320 583 
1329 585 
1337 587 
1344 589 
1349 592 
1349 594 
1349 597 
1349 600 
1349 603 
1349 606 
1349 608 
1349 612 
1349 615 
1349 618 
1349 621 
1349 625 
1349 628 
1349 632 
1349 636 
1348 639 
1348 643 
1348 647 
1348 651 
1337 645 
1326 640 
1315 634 
1304 629 
1293 623 
1282 618 
1271 613 
1259 608 
1248 603 
1237 598 
1226 594 
1215 589 
1204 585 
1193 581 
1182 577 
1171 573 
1160 569 
1149 565 
1138 562 
1127 558 
1116 555 
1105 552 
1101 549 
1101 546 
1101 543 
1112 537 
1122 531 
1133 525 
1144 520 
1154 515 
1164 509 
1175 504 
1179 499 
1179 495 
1179 490 
1179 485 
1179 481 
1179 477 
1179 472 
1179 468 
1179 464 
1179 460 
1178 457 
1178 453 
1177 450 
1177 446 
1176 443 
1175 440 
1175 437 
1174 434 
1173 431 
1172 429 
1171 426 
1170 424 
1169 422 
1168 419 
1167 417 
1166 415 
1164 414 
1163 412 
1162 410 
1160 409 
1159 407 
1157 406 
1155 405 
1154 404 
1152 403 
1150 402 
1148 401 
1147 401 
1145 400 
1143 400 
1141 399 
1138 399 
1136 399 
1134 399 
1132 399 
1130 399 
1127 400 
1125 400 
1122 401 
1120 401 
1117 402 
1115 403 
1112 404 
1109 405 
1107 406 
1104 407 
1101 408 
1098 410 
1095 411 
1092 413 
1089 415 
1086 416 
1083 418 
1080 420 
1077 422 
1074 425 
1070 427 
1067 429 
1064 432 
1060 434 
1057 437 
1054 440 
1050 442 
1046 445 
1043 448 
1039 449 
1035 449 
1031 449 
1027 449 
1024 449 
1019 449 
1015 449 
1011 449 
1007 449 
1003 449 
999 449 
994 449 
990 449 
986 449 
981 449 
977 449 
972 449 
968 449 
963 449 
959 450 
954 450 
950 450 
945 450 
940 451 
936 452 
931 452 
926 453 
921 454 
917 455 
912 456 
907 457 
902 459 
897 460 
892 462 
887 463 
882 465 
877 467 
872 469 
866 471 
861 473 
856 475 
851 477 
846 479 
840 482 
835 484 
830 487 
824 490 
819 493 
813 495 
808 498 
802 502 
801 505 
801 508 
801 511 
801 515 
801 518 
801 522 
801 526 
801 529 
801 533 
801 537 
801 541 
801 545 
801 550 
801 554 
801 558 
801 563 
801 567 
801 572 
801 577 
801 581 
801 586 
801 591 
801 596 
801 601 
801 606 
801 612 
801 617 
801 622 
801 628 
801 633 
801 639 
801 645 
801 651 
801 657 
801 662 
801 668 
801 675 
801 681 
801 687 
801 693 
801 700 
801 706 
801 713 
801 719 
801 726 
801 733 
801 740 
801 747 
801 754 
801 761 
801 768 
801 775 
801 782 
801 789 
801 797 
801 804 
801 812 
801 819 
801 827 
801 835 
801 843 
801 850 
801 858 
801 866 
801 874 
801 882 
800 891 
800 899 
800 907 
800 916 
799 924 
799 933 
798 941 
798 949 
797 949 
796 949 
795 949 
793 949 
791 949 
789 949 
787 949 
785 949 
783 949 
780 949 
777 949 
774 949 
771 949 
768 949 
765 949 
762 949 
758 949 
755 949 
751 949 
748 949 
744 949 
740 949 
736 949 
732 949 
728 949 
724 949 
720 949 
716 949 
712 949 
708 949 
703 949 
699 949 
695 949 
690 949 
686 949 
682 949 
677 949 
673 949 
668 949 
664 949 
659 949 
654 949 
650 949 
645 949 
641 949 
637 949 
633 949 
629 949 
626 949 
623 949 
620 949 
617 949 
615 949 
612 949 
610 949 
608 949 
606 949 
604 949 
603 949 
601 949 
601 949 
600 949 
600 949 
601 944 
601 938 
601 932 
602 927 
602 921 
603 916 
604 911 
604 906 
605 901 
606 897 
607 892 
608 888 
609 883 
610 879 
611 875 
612 871 
613 867 
614 864 
616 860 
617 856 
619 853 
620 850 
622 847 
623 844 
625 841 
627 838 
628 836 
630 833 
632 831 
634 828 
636 826 
638 824 
640 822 
642 820 
644 819 
646 817 
649 815 
649 814 
649 813 
649 812 
649 811 
649 810 
649 809 
649 808 
649 807 
638 802 
628 796 
617 790 
606 785 
595 779 
584 774 
573 769 
563 764 
552 759 
541 755 
530 750 
519 746 
509 741 
498 737 
487 733 
476 729 
466 725 
455 721 
444 718 
433 714 
423 711 
412 708 
401 705 
390 702 
380 699 
369 696 
358 693 
347 691 
337 689 
326 686 
315 684 
305 682 
294 680 
283 678 
273 676 
262 675 
251 673 
241 672 
230 671 
219 670 
209 668 
198 668 
187 667 
177 666 
166 665 
155 665 
145 664 
134 664 
123 664 
113 664 
102 664 
92 664 
81 664 
71 664 
60 665 
50 665 
40 666 
30 667 
20 668 
11 668 
1 669 
-7 671 
-17 672 
-26 673 
-35 675 
-44 676 
-52 678 
-61 679 
-70 681 
-78 683 
-86 685 
-95 687 
-103 689 
-111 692 
-119 694 
-126 696 
-134 699 
-141 702 
-149 704 
-156 707 
-163 710 
-170 713 
-177 716 
-184 719 
-191 723 
-198 726 
-204 729 
-211 733 
-217 736 
-223 740 
-229 744 
-235 748 
-241 752 
-247 756 
-253 760 
-258 764 
-264 768 
-269 773 
-275 777 
-280 782 
-285 786 
-290 791 
-295 796 
-300 801 
-305 806 
-309 811 
-314 816 
-318 821 
-323 826 
-327 832 
-331 837 
-335 843 
-339 848 
-343 854 
