144 2022-06-09
0 0 
100 1115 
100 1115 
100 1115 
100 1116 
100 1116 
100 1117 
100 1117 
100 1118 
100 1119 
100 1120 
100 1121 
100 1122 
100 1124 
100 1125 
100 1127 
100 1128 
100 1130 
100 1132 
100 1134 
100 1136 
100 1138 
100 1140 
100 1142 
100 1144 
100 1147 
100 1149 
100 1149 
100 1149 
100 1149 
100 1149 
100 1149 
100 1149 
100 1149 
100 1149 
100 1144 
100 1138 
100 1132 
100 1127 
100 1121 
100 1116 
100 1111 
100 1106 
100 1101 
100 1097 
100 1092 
100 1088 
100 1083 
100 1079 
100 1075 
100 1071 
100 1067 
100 1063 
100 1060 
100 1056 
111 1051 
122 1045 
132 1039 
143 1034 
154 1028 
165 1023 
176 1018 
186 1013 
197 1008 
208 1004 
219 999 
230 995 
240 990 
251 986 
262 982 
273 978 
283 974 
294 970 
305 967 
316 963 
326 960 
337 957 
348 954 
359 951 
369 948 
379 945 
388 943 
397 941 
406 939 
415 937 
424 935 
433 933 
443 932 
452 930 
461 929 
470 927 
479 926 
488 925 
498 924 
507 923 
516 923 
525 922 
534 921 
544 921 
553 921 
562 920 
571 920 
581 920 
590 920 
599 921 
608 921 
618 921 
627 922 
636 922 
645 923 
655 924 
