144 0 
0 0 
1050 1365 
1050 1365 
1050 1365 
1050 1366 
1050 1366 
1051 1367 
1051 1367 
1052 1368 
1052 1369 
1053 1370 
1054 1371 
1054 1372 
1055 1374 
1056 1375 
1057 1377 
1058 1378 
1059 1380 
1060 1382 
1061 1384 
1062 1386 
1064 1388 
1065 1390 
1066 1392 
1068 1394 
1069 1397 
1071 1399 
1072 1402 
1074 1405 
1076 1408 
1077 1411 
1079 1414 
1081 1417 
1083 1420 
1085 1423 
1087 1426 
1089 1430 
1091 1433 
1093 1437 
1096 1441 
1098 1444 
1100 1448 
1103 1449 
1105 1449 
1108 1449 
1111 1449 
1114 1449 
1117 1449 
1120 1449 
1124 1449 
1127 1449 
1130 1449 
1134 1449 
1138 1449 
1141 1449 
1145 1449 
1149 1444 
1153 1438 
1157 1432 
1161 1427 
1165 1421 
1169 1416 
1173 1411 
1177 1406 
1182 1401 
1186 1397 
1190 1392 
1194 1388 
1199 1383 
1203 1379 
1208 1375 
1212 1371 
1217 1367 
1221 1364 
1226 1360 
1230 1356 
1235 1353 
1239 1350 
1244 1347 
1249 1344 
1254 1341 
1258 1338 
1263 1336 
1268 1333 
1273 1331 
1278 1328 
1283 1326 
1288 1324 
1293 1322 
1298 1320 
1287 1314 
1276 1309 
1265 1303 
1255 1298 
1244 1292 
1234 1287 
1224 1282 
1214 1277 
1204 1272 
1194 1267 
1184 1263 
1174 1258 
1165 1254 
1155 1250 
1145 1246 
1135 1242 
1125 1238 
1116 1234 
1106 1231 
1096 1227 
1086 1224 
1076 1221 
1066 1218 
1057 1215 
1047 1212 
1037 1209 
1027 1206 
1017 1204 
1008 1201 
998 1199 
988 1197 
978 1195 
968 1193 
958 1191 
949 1189 
939 1188 
929 1186 
919 1185 
909 1184 
900 1182 
911 1177 
921 1171 
932 1165 
943 1160 
954 1154 
964 1149 
975 1144 
985 1139 
996 1134 
1006 1130 
1017 1125 
1027 1121 
1038 1116 
1048 1112 
1059 1108 
1069 1104 
1080 1100 
1090 1097 
1101 1093 
1111 1089 
1121 1086 
1132 1083 
1142 1080 
1153 1077 
1163 1074 
1174 1071 
1184 1069 
1195 1066 
1205 1064 
1215 1061 
1226 1059 
1236 1057 
1247 1055 
1257 1053 
1267 1052 
1278 1050 
1288 1048 
1298 1047 
1287 1041 
1276 1035 
1265 1030 
1254 1024 
1243 1019 
1232 1014 
1221 1009 
1210 1004 
1199 999 
1188 994 
1178 990 
1167 985 
1156 981 
1145 977 
1134 973 
1123 969 
1112 965 
1101 961 
1090 958 
1080 954 
1069 951 
1058 947 
1047 944 
1036 941 
1025 939 
1015 936 
1004 933 
993 931 
982 928 
971 926 
960 924 
950 922 
939 920 
928 918 
918 916 
907 915 
900 913 
911 907 
922 901 
933 896 
944 890 
955 885 
966 880 
977 875 
988 870 
999 865 
1010 860 
1021 856 
1031 851 
1042 847 
1053 843 
1064 839 
1075 835 
1086 831 
1097 827 
1108 824 
1119 820 
1130 817 
1141 813 
1152 810 
1163 807 
1174 804 
1184 802 
1195 799 
1206 797 
1217 794 
1228 792 
1239 790 
1249 788 
1260 786 
1270 784 
1281 782 
1291 781 
1299 779 
1288 773 
1277 767 
1267 762 
1256 756 
1245 751 
1234 746 
1224 741 
1213 736 
1202 731 
1192 726 
1181 722 
1171 717 
1160 713 
1149 709 
1139 705 
1128 701 
1118 697 
1107 693 
1097 689 
1086 686 
1075 683 
1065 679 
1054 676 
1044 673 
1033 670 
1023 668 
1012 665 
1002 663 
991 660 
981 658 
970 656 
960 654 
949 652 
939 650 
929 648 
919 647 
909 645 
900 644 
911 638 
922 632 
933 626 
944 621 
955 616 
966 610 
977 605 
988 600 
999 596 
1010 591 
1021 586 
1032 582 
1043 577 
1054 573 
1065 569 
1076 565 
1087 561 
1098 558 
1109 554 
1120 551 
1131 547 
1142 544 
1153 541 
1164 538 
1175 535 
1186 532 
1197 530 
1207 527 
1218 525 
1229 522 
1239 520 
1250 518 
1260 516 
1270 514 
1281 513 
1291 511 
1299 510 
1288 504 
1277 498 
1267 492 
1256 487 
1245 482 
1234 476 
1223 471 
1212 466 
1201 461 
1190 457 
1179 452 
1168 448 
1157 443 
1146 439 
1136 435 
1125 431 
1114 427 
1103 424 
1092 420 
1081 417 
1070 413 
1059 410 
1049 407 
1038 404 
1027 401 
1016 398 
1005 396 
994 393 
984 391 
973 388 
962 386 
951 384 
941 382 
930 380 
920 379 
909 377 
900 376 
911 370 
922 364 
933 358 
944 353 
955 348 
966 342 
977 337 
988 332 
999 327 
1010 323 
1021 318 
1032 314 
1043 309 
1054 305 
1065 301 
1076 297 
1087 293 
1098 290 
1109 286 
1120 283 
1131 279 
1142 276 
1153 273 
1164 270 
1175 267 
1186 264 
1197 262 
1208 259 
1219 257 
1230 254 
1241 252 
1252 250 
1262 248 
1273 246 
1284 245 
1295 243 
1306 242 
1317 240 
1328 239 
1339 238 
1349 237 
1360 236 
1371 235 
1382 234 
1393 234 
1404 233 
1415 233 
1425 232 
1436 232 
1447 232 
1458 232 
1469 232 
1479 232 
1490 233 
1501 233 
1512 234 
1523 234 
1533 235 
1544 236 
1555 237 
1566 238 
1576 239 
1587 240 
1598 241 
1609 243 
1619 244 
1630 246 
1641 248 
1651 242 
1662 236 
1672 230 
1682 225 
1693 220 
1703 214 
1713 209 
1724 204 
1734 199 
1745 195 
1755 190 
1765 186 
1776 181 
1786 177 
1796 173 
1807 169 
1817 165 
1827 162 
1838 158 
1848 155 
1858 151 
1869 148 
1879 150 
1889 150 
1900 150 
1910 150 
1920 151 
1931 151 
1941 152 
1951 153 
1962 154 
1972 154 
1982 155 
1993 157 
2003 158 
2013 159 
2023 161 
2034 162 
2044 164 
2054 165 
2065 167 
2075 169 
2085 171 
2096 173 
2106 175 
2116 177 
2126 180 
2137 182 
2147 185 
2157 187 
2168 190 
2178 193 
2188 196 
2198 199 
2209 202 
2219 205 
2229 208 
2240 212 
2250 215 
2260 219 
2270 222 
2281 226 
2291 230 
2301 234 
2312 238 
2322 242 
2332 246 
2342 249 
2352 249 
2362 249 
2371 249 
2380 249 
2389 249 
2398 250 
2406 250 
2415 251 
2423 252 
2432 253 
2440 254 
2449 255 
2458 257 
2466 259 
2475 261 
2483 263 
2492 265 
2501 268 
2509 271 
2518 274 
2527 277 
2536 280 
2544 284 
2553 288 
2562 292 
2570 296 
2579 300 
2588 305 
2597 309 
2605 314 
2614 319 
2623 325 
2632 330 
2640 336 
2649 342 
2649 348 
2649 354 
2649 360 
2649 367 
2649 373 
2649 380 
2649 387 
2649 394 
2649 402 
2649 409 
2649 417 
2649 425 
2649 433 
2649 441 
2649 450 
2649 458 
2649 467 
2649 476 
2649 485 
2649 494 
2649 504 
2649 513 
2638 507 
2627 502 
2617 497 
2606 492 
2595 487 
2584 482 
2574 478 
2563 473 
2552 469 
2542 465 
2531 462 
2521 458 
2510 454 
2499 451 
2489 447 
2478 444 
2468 441 
2457 438 
2447 435 
2436 432 
2425 429 
2415 427 
2404 424 
2394 447 
2383 447 
2373 447 
2362 448 
2351 448 
2341 449 
2330 449 
2320 450 
2309 451 
2299 452 
2288 453 
2278 454 
2267 455 
2257 456 
2246 458 
2236 459 
2225 461 
2215 462 
2204 464 
2194 466 
2183 468 
2173 470 
2162 472 
2152 475 
2141 477 
2131 479 
2120 482 
2110 485 
2099 487 
2089 490 
2078 493 
2068 496 
2057 499 
2047 502 
2036 506 
2026 509 
2015 512 
2005 516 
1995 519 
1984 523 
1974 527 
1963 531 
1953 535 
1942 539 
1932 543 
1921 547 
1911 549 
1901 549 
1891 549 
1882 549 
1873 549 
1864 549 
1855 549 
1847 549 
1838 549 
1830 549 
1823 544 
1815 538 
1807 532 
1799 527 
1791 521 
1783 516 
1775 511 
1768 506 
1760 501 
1752 497 
1744 492 
1736 488 
1728 483 
1720 479 
1712 475 
1704 471 
1696 467 
1688 464 
1680 460 
1672 456 
1664 453 
1656 450 
1647 452 
1639 452 
1631 453 
1623 453 
1615 454 
1607 455 
1599 456 
1590 458 
1582 459 
1574 461 
1566 463 
1558 465 
1549 468 
1541 470 
1533 473 
1525 476 
1516 479 
1508 483 
1500 486 
1500 490 
1500 494 
1500 498 
1500 503 
1500 507 
1500 512 
1500 517 
1500 522 
1500 527 
1500 533 
1500 538 
1500 544 
1500 550 
1500 556 
1500 562 
1500 569 
1500 576 
1500 583 
1500 590 
1500 597 
1500 604 
1500 612 
1500 619 
1500 627 
1500 635 
1500 644 
1500 652 
1500 661 
1500 669 
1500 678 
1500 687 
1500 697 
1500 706 
1500 716 
1500 725 
1500 735 
1500 745 
1500 755 
1500 766 
1500 776 
1500 787 
1500 798 
1500 809 
1500 820 
1500 831 
1500 843 
1500 854 
1500 866 
1500 878 
1500 890 
1500 902 
1500 915 
1500 927 
1500 940 
1500 953 
1500 965 
1500 978 
1500 991 
1500 1005 
1511 999 
1521 993 
1532 987 
1543 982 
1554 976 
1565 971 
1575 966 
1586 961 
1597 956 
1599 952 
1599 947 
1599 943 
1599 938 
1599 934 
1599 930 
1599 926 
1599 922 
1599 919 
1599 915 
1599 911 
1599 908 
1599 905 
1599 902 
1599 899 
1599 896 
1599 893 
1599 891 
1599 888 
1599 886 
1599 883 
1599 881 
1599 879 
1599 877 
1599 875 
1599 874 
1599 872 
1599 870 
1599 869 
1599 868 
1599 867 
1599 866 
1599 865 
1599 864 
1599 863 
1599 862 
1599 862 
1599 862 
1599 861 
1599 861 
1599 861 
1599 861 
1599 861 
1599 861 
1599 862 
1599 862 
1599 862 
1599 863 
1599 864 
1599 865 
1599 866 
1599 867 
1599 868 
1599 869 
1599 870 
1599 872 
1599 873 
1599 875 
1599 876 
1599 878 
1599 880 
1599 882 
1599 884 
1599 886 
1599 889 
1599 891 
1599 893 
1599 896 
1599 899 
1599 901 
1599 904 
1599 907 
1599 910 
1599 913 
1599 916 
1599 920 
1599 923 
1599 926 
1599 930 
1599 934 
1599 937 
1599 941 
1599 945 
1599 949 
1599 953 
1599 957 
1599 961 
1599 966 
1599 970 
1599 974 
1599 979 
1599 984 
1599 988 
1599 993 
1599 998 
1599 1003 
1599 1008 
1599 1013 
1599 1018 
1599 1023 
1599 1029 
1599 1034 
1599 1040 
1600 1045 
1600 1051 
1600 1057 
1600 1062 
1601 1068 
1601 1074 
1602 1080 
1602 1086 
1603 1093 
1603 1099 
1604 1105 
1605 1112 
1606 1118 
1607 1125 
1608 1131 
1609 1138 
1610 1145 
1611 1149 
1612 1149 
1614 1149 
1616 1149 
1618 1149 
1620 1149 
1622 1149 
1625 1149 
1627 1149 
1630 1149 
1633 1149 
1636 1149 
1639 1149 
1642 1149 
1646 1149 
1649 1149 
1653 1149 
1656 1149 
1660 1149 
1664 1149 
1667 1149 
1671 1149 
1675 1149 
1679 1149 
1683 1149 
1687 1149 
1692 1149 
1696 1149 
1700 1149 
1704 1149 
1709 1149 
1713 1149 
1717 1149 
1722 1149 
1726 1149 
1731 1144 
1735 1138 
1740 1132 
1744 1127 
1749 1121 
1754 1116 
1758 1111 
1763 1106 
1768 1101 
1772 1097 
1777 1092 
1782 1088 
1787 1083 
1792 1079 
1797 1075 
1802 1071 
1807 1067 
1812 1064 
1817 1060 
1822 1056 
1827 1053 
1832 1050 
1838 1047 
1843 1044 
1848 1041 
1853 1038 
1859 1036 
1864 1033 
1869 1031 
1875 1028 
1880 1026 
1886 1024 
1891 1022 
1897 1020 
1899 1019 
1899 1017 
1899 1015 
1899 1014 
1899 1013 
1899 1012 
1899 1011 
1899 1010 
1888 1004 
1878 998 
1867 992 
1856 987 
1846 982 
1836 976 
1825 971 
1815 966 
1805 962 
1800 957 
1800 952 
1800 948 
1800 943 
1800 939 
1800 935 
1800 931 
1800 927 
1800 924 
1800 920 
1800 917 
1800 913 
1800 910 
1800 907 
1800 904 
1800 901 
1800 898 
1800 896 
1810 890 
1821 884 
1832 878 
1843 873 
1853 868 
1863 862 
1873 857 
1884 852 
1893 848 
1903 843 
1913 838 
1922 834 
1932 830 
1941 825 
1950 821 
1959 817 
1968 813 
1977 810 
1986 806 
1994 803 
2003 799 
2011 796 
2019 793 
2028 790 
2036 787 
2043 784 
2051 782 
2059 779 
2066 777 
2074 775 
2081 772 
2088 770 
2095 768 
2103 766 
2110 765 
2117 763 
2124 762 
2131 760 
2138 759 
2145 758 
2152 757 
2159 756 
2166 755 
2173 754 
2181 754 
2188 753 
2195 753 
2202 752 
2210 752 
2217 752 
2224 752 
2231 752 
2239 753 
2246 753 
2254 754 
2261 755 
2268 756 
2276 757 
2283 759 
2291 760 
2298 762 
2306 764 
2313 767 
2321 769 
2328 772 
2336 775 
2343 778 
2351 781 
2358 785 
2366 789 
2374 792 
2381 797 
2389 801 
2397 805 
2404 810 
2412 815 
2420 820 
2427 825 
2435 830 
2443 836 
2451 841 
2459 847 
2466 853 
2474 860 
2482 866 
2490 873 
2498 879 
2506 886 
2513 894 
2521 901 
2529 908 
2537 916 
2545 924 
2553 932 
2561 940 
2569 948 
2577 957 
2585 965 
2593 974 
2601 983 
2609 992 
2617 1002 
2625 1011 
2633 1021 
2642 1031 
2649 1041 
2649 1051 
2649 1061 
2649 1072 
2649 1082 
2649 1093 
2649 1104 
2649 1115 
2649 1126 
2649 1137 
2649 1149 
2649 1161 
2639 1155 
2628 1149 
2617 1144 
2606 1139 
2596 1134 
2586 1129 
2576 1124 
2565 1119 
2556 1114 
2546 1110 
2536 1105 
2526 1101 
2516 1097 
2506 1093 
2497 1089 
2487 1085 
2477 1082 
2467 1078 
2457 1075 
2448 1072 
2438 1068 
2428 1065 
2418 1062 
2408 1060 
2399 1057 
2389 1054 
2379 1052 
2369 1050 
2359 1048 
2349 1052 
2340 1052 
2330 1052 
2320 1053 
2310 1054 
2300 1055 
2290 1056 
2281 1058 
2271 1059 
2261 1061 
2251 1063 
2241 1065 
2231 1068 
2222 1070 
2212 1073 
2202 1076 
2192 1079 
2182 1083 
2172 1086 
2162 1090 
2153 1094 
2143 1098 
2133 1103 
2123 1107 
2113 1112 
2103 1117 
2100 1122 
2100 1127 
2100 1132 
2100 1138 
2100 1144 
2100 1150 
2100 1156 
2100 1162 
2100 1169 
2100 1176 
2100 1182 
2100 1189 
2100 1197 
2100 1204 
2100 1212 
2100 1219 
2100 1227 
2100 1235 
2100 1244 
2100 1252 
2100 1260 
2100 1269 
2100 1278 
2100 1286 
2100 1295 
2100 1304 
2100 1313 
2100 1322 
2100 1330 
2100 1340 
2099 1349 
2099 1358 
2099 1367 
2099 1376 
2098 1386 
2098 1395 
2097 1404 
2097 1414 
2096 1423 
2096 1433 
2095 1443 
2094 1449 
2093 1449 
2092 1449 
2090 1449 
2089 1449 
2087 1449 
2085 1449 
2082 1449 
2080 1449 
2077 1449 
2075 1449 
2072 1449 
2069 1449 
2066 1449 
2062 1449 
2059 1449 
2056 1449 
2052 1449 
2049 1449 
2045 1449 
2041 1449 
2038 1449 
2034 1449 
2030 1449 
2026 1449 
2022 1449 
2018 1449 
2013 1449 
2009 1449 
2005 1444 
2001 1438 
1996 1432 
1992 1427 
1988 1421 
1983 1416 
1979 1411 
1974 1406 
1970 1401 
1965 1397 
1961 1392 
1956 1388 
1952 1383 
1947 1379 
1942 1375 
1937 1371 
1933 1367 
1928 1364 
1923 1360 
1918 1356 
1913 1353 
1908 1350 
1903 1352 
1898 1352 
1893 1352 
1888 1352 
1883 1353 
1878 1353 
1873 1354 
