144 0 
0 0 
100 315 
100 315 
100 315 
100 316 
100 316 
100 317 
100 317 
100 318 
100 319 
101 320 
101 321 
101 322 
101 324 
101 325 
101 327 
101 328 
102 330 
102 332 
102 334 
103 336 
103 338 
104 340 
104 342 
105 344 
105 347 
106 349 
107 349 
108 349 
110 349 
112 349 
113 349 
115 349 
118 349 
120 349 
123 349 
125 349 
128 349 
131 349 
134 349 
137 349 
141 349 
144 349 
147 349 
151 349 
155 349 
158 349 
162 349 
166 349 
170 349 
174 349 
178 349 
182 349 
186 349 
190 349 
194 349 
199 349 
203 349 
207 349 
212 349 
216 349 
221 349 
225 349 
229 349 
234 349 
239 349 
243 349 
248 349 
252 349 
257 349 
261 349 
266 349 
271 349 
275 349 
280 350 
285 350 
289 351 
294 352 
299 353 
304 354 
309 355 
314 357 
319 359 
324 361 
329 363 
334 364 
339 364 
344 364 
349 364 
353 364 
358 364 
363 364 
368 364 
373 364 
378 364 
383 364 
388 364 
393 364 
398 364 
403 364 
408 364 
413 364 
418 364 
422 364 
427 364 
432 364 
437 364 
442 364 
447 364 
452 364 
457 364 
462 364 
467 364 
471 364 
476 364 
481 364 
486 364 
491 364 
496 364 
501 364 
506 364 
510 364 
515 364 
520 364 
525 364 
530 364 
535 364 
540 364 
545 364 
549 364 
554 364 
559 364 
564 364 
569 364 
574 364 
579 364 
583 364 
588 364 
593 349 
598 349 
603 344 
608 338 
613 332 
618 327 
623 321 
628 316 
633 311 
638 306 
643 301 
648 297 
653 292 
659 288 
664 283 
669 279 
674 275 
680 271 
685 267 
691 263 
696 260 
701 256 
707 253 
712 250 
718 247 
724 244 
729 241 
735 238 
740 236 
746 233 
752 231 
758 228 
763 226 
769 224 
775 222 
781 220 
787 219 
793 217 
799 215 
805 214 
811 213 
817 212 
823 211 
829 210 
835 209 
841 208 
847 207 
849 207 
849 206 
849 206 
849 206 
849 206 
849 206 
849 206 
849 206 
849 206 
849 207 
849 207 
849 208 
849 209 
849 210 
849 211 
849 212 
849 213 
849 214 
849 215 
849 217 
849 218 
849 220 
849 221 
849 223 
849 225 
849 227 
849 229 
849 231 
849 234 
849 236 
849 238 
849 241 
849 244 
849 246 
849 249 
849 249 
849 249 
849 249 
849 249 
849 249 
849 244 
849 238 
849 232 
849 227 
849 221 
849 216 
849 211 
849 206 
849 201 
849 197 
849 192 
849 188 
849 183 
849 179 
849 175 
849 171 
849 167 
849 164 
849 160 
849 156 
850 153 
850 150 
850 147 
850 144 
851 141 
851 138 
852 136 
852 133 
853 131 
853 128 
854 126 
855 134 
856 134 
857 134 
858 135 
859 136 
860 137 
861 138 
862 139 
863 141 
865 142 
866 144 
867 146 
869 149 
870 151 
872 154 
874 157 
875 160 
877 163 
879 164 
881 164 
883 164 
886 164 
888 164 
891 164 
894 164 
897 164 
900 164 
903 164 
907 164 
910 164 
914 164 
917 164 
921 164 
925 164 
928 164 
932 164 
936 164 
940 164 
944 164 
948 164 
949 164 
949 164 
949 164 
949 164 
949 164 
949 164 
949 164 
949 164 
949 164 
949 164 
949 164 
949 164 
949 164 
949 164 
949 164 
949 164 
949 164 
949 164 
949 159 
949 153 
949 148 
950 143 
950 138 
950 133 
950 129 
951 125 
951 131 
952 131 
952 132 
953 132 
953 133 
954 134 
955 135 
956 137 
957 138 
958 139 
959 139 
961 139 
963 139 
965 139 
967 139 
969 139 
972 139 
974 139 
977 139 
980 139 
983 139 
986 139 
989 139 
993 139 
996 139 
1000 139 
1003 139 
1007 139 
1011 139 
1015 139 
1019 139 
1022 139 
1026 139 
1031 139 
1035 139 
1039 139 
1043 139 
1047 139 
1052 139 
1056 139 
1060 139 
1065 139 
1069 139 
1073 139 
1078 139 
1082 139 
1087 139 
1091 139 
1096 140 
1101 140 
1105 141 
1110 142 
1115 143 
1119 144 
1124 145 
1129 147 
1134 149 
1139 151 
1143 153 
1148 155 
1153 158 
1158 161 
1163 164 
1168 164 
1173 164 
1178 164 
1183 164 
1188 164 
1193 164 
1198 165 
1203 165 
1208 166 
1213 166 
1218 167 
1224 169 
1229 170 
1234 172 
1239 174 
1244 175 
1250 177 
1255 179 
1260 181 
1266 184 
1271 186 
1277 188 
1282 191 
1288 193 
1293 196 
1299 199 
1304 202 
1310 204 
1315 207 
1321 211 
1327 214 
1332 217 
1338 220 
1344 224 
1350 227 
1356 231 
1361 235 
1367 239 
1373 243 
1379 247 
1385 251 
1391 255 
1397 259 
1403 263 
1409 268 
1415 272 
1421 277 
1428 281 
1434 286 
1440 291 
1446 296 
1452 301 
1459 306 
1465 311 
1471 316 
1478 321 
1484 327 
1490 332 
1497 338 
1503 343 
1510 349 
1516 349 
1522 349 
1528 349 
1534 349 
1540 349 
1546 344 
1552 338 
1558 332 
1564 327 
1570 321 
1576 316 
1583 311 
1589 306 
1595 301 
1601 297 
1607 292 
1613 288 
1620 283 
1626 279 
1632 275 
1639 271 
1645 267 
1651 264 
1658 260 
1664 256 
1671 253 
1677 250 
1683 247 
1690 244 
1696 241 
1703 238 
1710 236 
1716 233 
1723 231 
1729 228 
1736 226 
1743 224 
1750 222 
1756 220 
1763 219 
1770 217 
1777 215 
1783 214 
1790 213 
1797 212 
1804 211 
1811 210 
1818 209 
1825 208 
1832 207 
1839 207 
1846 206 
1853 206 
1860 206 
1867 206 
1874 206 
1881 206 
1888 206 
1895 206 
1902 207 
1909 207 
1916 208 
1924 209 
1931 210 
1938 211 
1945 212 
1953 213 
1960 214 
1967 215 
1975 217 
1982 218 
1989 220 
1997 222 
2004 224 
2011 226 
2019 229 
2026 231 
2034 234 
2041 237 
2049 241 
2056 244 
2064 248 
2071 252 
2078 256 
2086 260 
2093 264 
2100 269 
2107 274 
2114 279 
2121 284 
2128 289 
2134 295 
2141 300 
2147 306 
2154 312 
2160 318 
2166 325 
2172 331 
2178 338 
2184 345 
2189 352 
2195 360 
2200 367 
2206 375 
2211 382 
2216 390 
2221 399 
2226 407 
2231 415 
2236 424 
2241 433 
2245 442 
2250 451 
2254 460 
2259 470 
2263 479 
2267 489 
2271 499 
2275 509 
2279 519 
2283 530 
2280 534 
2272 542 
2264 550 
2256 558 
2248 566 
2239 575 
2231 583 
2222 592 
2213 600 
2205 609 
2196 618 
2187 627 
2178 636 
2169 645 
2160 654 
2150 663 
2141 673 
2132 682 
2122 692 
2113 701 
2103 711 
2093 721 
2083 731 
2073 740 
2063 750 
2053 761 
2043 771 
2033 781 
2023 791 
2012 802 
2002 812 
1991 823 
1981 833 
1970 844 
1959 855 
1948 866 
1937 877 
1926 888 
1915 899 
1904 910 
1893 921 
1882 932 
1870 944 
1859 955 
1847 967 
1836 978 
1824 990 
1812 1002 
1800 1013 
1789 1025 
1777 1037 
1765 1049 
1753 1061 
1740 1074 
1728 1086 
1716 1098 
1704 1110 
1691 1123 
1679 1135 
1659 1140 
1647 1152 
1635 1164 
1623 1176 
1612 1170 
1601 1164 
1590 1158 
1578 1153 
1567 1148 
1556 1142 
1545 1137 
1533 1132 
1522 1128 
1511 1123 
1500 1118 
1489 1114 
1478 1109 
1466 1105 
1455 1101 
1444 1097 
1433 1093 
1422 1090 
1411 1086 
1400 1083 
1388 1079 
1377 1076 
1366 1073 
1355 1070 
1344 1067 
1333 1064 
1322 1062 
1311 1059 
1300 1057 
1289 1054 
1278 1052 
1267 1050 
1256 1048 
1245 1046 
1234 1045 
1222 1043 
1211 1042 
1200 1040 
1189 1039 
1178 1038 
1167 1037 
1156 1036 
1146 1035 
1135 1034 
1124 1034 
1113 1033 
1102 1033 
1091 1032 
1080 1032 
1069 1032 
1058 1032 
1047 1032 
1036 1032 
1025 1033 
1014 1033 
1003 1034 
992 1034 
982 1035 
971 1036 
960 1037 
949 1038 
938 1039 
927 1040 
916 1041 
905 1043 
895 1044 
884 1046 
873 1048 
862 1049 
851 1051 
840 1053 
830 1055 
819 1058 
808 1060 
797 1062 
786 1065 
776 1067 
765 1070 
754 1073 
743 1075 
732 1078 
722 1081 
711 1084 
700 1087 
689 1091 
679 1094 
668 1098 
657 1101 
646 1105 
636 1108 
625 1112 
614 1116 
603 1120 
593 1124 
582 1128 
571 1132 
560 1137 
550 1141 
539 1145 
528 1150 
518 1155 
507 1159 
496 1164 
486 1169 
475 1174 
464 1179 
454 1184 
443 1189 
432 1195 
422 1200 
411 1205 
400 1211 
390 1216 
379 1222 
368 1228 
358 1234 
347 1239 
336 1245 
326 1249 
316 1249 
306 1249 
296 1249 
287 1249 
278 1249 
269 1249 
260 1249 
252 1249 
244 1249 
236 1249 
228 1249 
221 1249 
213 1249 
206 1249 
199 1249 
192 1249 
185 1249 
179 1249 
172 1249 
166 1249 
159 1249 
153 1249 
147 1249 
141 1249 
135 1249 
129 1249 
124 1249 
119 1249 
114 1249 
111 1249 
107 1249 
104 1249 
102 1249 
100 1249 
99 1249 
98 1249 
97 1249 
97 1249 
97 1249 
97 1249 
98 1249 
99 1249 
100 1249 
101 1249 
103 1249 
104 1249 
106 1249 
108 1249 
111 1249 
113 1249 
116 1249 
119 1249 
121 1249 
124 1249 
127 1249 
131 1249 
134 1249 
137 1249 
139 1249 
142 1249 
144 1249 
146 1249 
148 1249 
150 1249 
152 1249 
154 1249 
155 1249 
156 1249 
157 1249 
157 1249 
157 1249 
156 1249 
156 1249 
155 1249 
153 1249 
152 1249 
150 1249 
149 1249 
147 1249 
144 1249 
142 1249 
140 1249 
137 1249 
134 1249 
131 1249 
128 1249 
125 1249 
122 1249 
118 1249 
115 1249 
111 1249 
108 1249 
104 1249 
100 1249 
97 1249 
93 1249 
89 1249 
85 1249 
81 1249 
76 1249 
72 1249 
68 1249 
64 1249 
60 1249 
56 1249 
53 1250 
49 1250 
46 1250 
42 1251 
39 1251 
36 1252 
33 1252 
30 1253 
27 1254 
24 1255 
22 1256 
19 1257 
16 1259 
14 1260 
12 1262 
9 1263 
7 1265 
5 1267 
3 1269 
1 1271 
0 1273 
-2 1276 
-4 1279 
-6 1282 
-7 1285 
-9 1288 
-10 1292 
-12 1295 
-13 1299 
-14 1303 
-16 1308 
-17 1312 
-18 1317 
-19 1322 
-20 1327 
-21 1332 
-21 1337 
-22 1343 
-23 1349 
-23 1355 
-24 1361 
-24 1367 
-25 1374 
-25 1380 
-25 1387 
-25 1394 
-25 1401 
-25 1409 
-25 1416 
-25 1424 
-25 1432 
-25 1440 
-25 1448 
-24 1456 
-24 1465 
-24 1474 
-23 1483 
-22 1492 
-22 1501 
-21 1510 
-20 1520 
-20 1529 
-19 1539 
-18 1549 
-17 1559 
-16 1570 
-15 1580 
-13 1591 
-12 1602 
-11 1613 
-10 1624 
-8 1635 
-7 1646 
-5 1658 
-4 1670 
-2 1682 
0 1694 
0 1706 
2 1718 
4 1731 
6 1743 
8 1756 
10 1769 
12 1782 
14 1795 
16 1809 
18 1822 
20 1836 
22 1849 
25 1863 
27 1877 
30 1892 
32 1906 
35 1920 
37 1935 
40 1950 
42 1965 
45 1980 
48 1995 
49 2010 
49 2026 
49 2041 
49 2057 
49 2073 
49 2089 
49 2105 
49 2121 
49 2137 
49 2154 
49 2170 
49 2187 
49 2204 
49 2221 
49 2238 
49 2255 
49 2272 
49 2290 
50 2308 
50 2325 
50 2343 
50 2361 
51 2364 
51 2364 
52 2364 
53 2364 
55 2364 
56 2364 
58 2364 
60 2364 
62 2364 
65 2364 
67 2364 
70 2364 
73 2364 
76 2349 
79 2349 
82 2349 
85 2349 
88 2349 
92 2349 
95 2349 
99 2349 
103 2349 
106 2349 
110 2349 
114 2349 
118 2349 
122 2349 
126 2349 
130 2349 
134 2349 
139 2349 
143 2349 
147 2349 
151 2349 
156 2349 
160 2349 
165 2349 
169 2349 
173 2349 
178 2349 
182 2349 
187 2349 
192 2349 
196 2349 
201 2349 
205 2349 
210 2349 
215 2349 
219 2349 
224 2349 
229 2349 
233 2349 
238 2349 
243 2349 
247 2349 
252 2349 
257 2349 
262 2349 
266 2349 
271 2349 
276 2349 
281 2349 
285 2349 
290 2349 
295 2349 
300 2349 
305 2349 
309 2349 
314 2349 
319 2349 
324 2349 
329 2349 
333 2349 
338 2349 
343 2349 
348 2349 
353 2344 
358 2338 
363 2332 
367 2327 
372 2321 
377 2316 
382 2311 
387 2306 
392 2301 
397 2297 
402 2292 
407 2288 
411 2283 
416 2279 
420 2275 
424 2271 
429 2267 
433 2263 
437 2260 
441 2256 
445 2253 
448 2250 
449 2247 
449 2244 
449 2241 
449 2238 
449 2235 
449 2233 
449 2231 
449 2228 
449 2226 
449 2224 
449 2222 
438 2216 
427 2210 
417 2205 
406 2199 
400 2194 
400 2189 
400 2184 
400 2179 
400 2174 
400 2169 
400 2165 
400 2160 
400 2156 
400 2152 
400 2148 
400 2144 
400 2140 
400 2136 
400 2133 
400 2129 
400 2126 
411 2120 
421 2114 
432 2109 
443 2103 
449 2098 
449 2092 
449 2087 
449 2082 
449 2078 
449 2073 
449 2068 
449 2064 
449 2060 
449 2055 
449 2051 
449 2047 
449 2043 
449 2040 
449 2036 
449 2033 
449 2029 
449 2026 
438 2020 
427 2015 
417 2009 
406 2003 
400 1998 
400 1993 
400 1988 
400 1983 
400 1978 
400 1973 
400 1969 
400 1964 
400 1960 
400 1956 
400 1952 
400 1948 
400 1944 
400 1940 
400 1937 
400 1933 
400 1930 
400 1927 
400 1923 
411 1918 
422 1912 
432 1906 
443 1901 
449 1895 
449 1890 
449 1885 
449 1880 
449 1875 
449 1871 
449 1866 
449 1862 
449 1857 
449 1853 
449 1849 
449 1845 
449 1841 
449 1837 
449 1834 
449 1830 
449 1827 
449 1824 
449 1821 
449 1818 
438 1812 
427 1806 
417 1801 
406 1795 
400 1790 
400 1785 
400 1779 
400 1774 
400 1770 
400 1765 
400 1760 
400 1756 
400 1752 
400 1747 
400 1743 
400 1739 
400 1736 
400 1732 
400 1728 
400 1725 
400 1721 
400 1718 
400 1715 
411 1709 
421 1703 
432 1698 
443 1692 
449 1687 
449 1682 
449 1677 
449 1672 
449 1667 
449 1662 
449 1658 
449 1653 
449 1649 
449 1645 
449 1641 
449 1637 
449 1633 
449 1629 
449 1626 
449 1622 
449 1619 
449 1615 
449 1612 
449 1609 
449 1607 
449 1604 
449 1601 
449 1599 
438 1593 
427 1587 
417 1581 
406 1576 
400 1571 
400 1565 
400 1560 
400 1555 
399 1550 
399 1546 
399 1541 
399 1537 
399 1532 
399 1528 
399 1524 
399 1520 
399 1516 
399 1513 
399 1509 
398 1506 
398 1502 
397 1499 
397 1496 
396 1493 
396 1490 
395 1487 
394 1485 
394 1482 
393 1480 
392 1477 
391 1475 
390 1473 
389 1471 
388 1469 
386 1468 
385 1466 
384 1465 
383 1463 
381 1462 
380 1461 
378 1460 
377 1459 
375 1458 
373 1457 
372 1457 
370 1456 
368 1456 
366 1455 
364 1455 
362 1455 
360 1455 
358 1455 
356 1455 
354 1456 
351 1456 
349 1457 
347 1457 
344 1458 
342 1459 
339 1460 
337 1461 
334 1462 
331 1463 
329 1464 
326 1466 
323 1467 
320 1469 
318 1471 
315 1472 
312 1474 
309 1476 
306 1478 
303 1480 
299 1483 
296 1485 
293 1488 
290 1490 
286 1493 
283 1495 
280 1498 
276 1501 
273 1504 
