144 0 
0 0 
850 500 
850 500 
850 500 
850 501 
850 501 
851 502 
851 502 
852 503 
852 504 
853 505 
854 506 
854 507 
855 509 
856 510 
857 512 
858 513 
859 515 
860 517 
861 519 
862 521 
864 523 
865 525 
866 527 
868 529 
869 532 
871 534 
872 537 
874 540 
876 543 
877 546 
879 549 
881 552 
883 555 
885 558 
887 561 
889 565 
891 568 
893 572 
896 576 
898 579 
900 583 
902 587 
905 591 
907 595 
910 600 
912 604 
915 608 
918 613 
920 617 
923 622 
926 627 
929 631 
932 636 
934 641 
937 646 
940 651 
944 656 
947 662 
949 667 
939 661 
928 655 
917 650 
906 644 
896 639 
886 634 
875 629 
865 624 
855 619 
845 614 
835 610 
825 605 
815 601 
806 597 
800 593 
800 589 
800 585 
811 579 
822 573 
832 568 
843 562 
854 557 
865 552 
875 546 
886 542 
896 537 
907 532 
917 527 
927 523 
938 519 
948 514 
949 510 
949 506 
949 503 
949 499 
949 495 
949 492 
949 488 
938 483 
928 477 
917 471 
906 466 
895 460 
884 454 
873 448 
862 441 
851 434 
840 427 
829 420 
818 413 
807 405 
800 397 
800 389 
800 381 
800 372 
800 364 
800 355 
800 346 
800 337 
800 327 
800 318 
800 308 
800 299 
800 289 
800 279 
800 269 
800 259 
800 249 
800 239 
800 229 
800 218 
800 208 
800 198 
800 187 
800 177 
800 167 
800 156 
800 146 
800 136 
800 125 
800 115 
800 105 
800 95 
800 85 
800 75 
800 65 
800 55 
800 45 
800 36 
800 26 
800 17 
800 8 
800 0 
800 -9 
800 -18 
800 -26 
800 -35 
800 -43 
800 -51 
811 -57 
822 -63 
832 -68 
843 -74 
854 -79 
865 -84 
875 -90 
886 -95 
896 -99 
907 -104 
917 -109 
927 -113 
938 -117 
948 -122 
958 -126 
968 -130 
979 -133 
989 -137 
999 -141 
1010 -144 
1020 -148 
1030 -151 
1040 -154 
1051 -157 
1061 -160 
1071 -163 
1081 -165 
1092 -168 
1102 -170 
1112 -172 
1123 -175 
1133 -177 
1143 -179 
1153 -180 
1164 -182 
1174 -184 
1184 -185 
1194 -187 
1205 -188 
1215 -189 
1225 -190 
1235 -191 
1246 -192 
1256 -193 
1266 -193 
1276 -194 
1286 -194 
1297 -195 
1307 -195 
1317 -195 
1327 -195 
1338 -195 
1348 -195 
1358 -194 
1368 -194 
1379 -193 
1389 -193 
1399 -192 
1409 -191 
1419 -190 
1430 -189 
1440 -188 
1450 -187 
1460 -186 
1471 -184 
1481 -183 
1491 -181 
1501 -179 
1511 -177 
1522 -176 
1532 -174 
1542 -172 
1552 -169 
1563 -167 
1573 -165 
1583 -162 
1593 -160 
1603 -157 
1614 -154 
1624 -152 
1634 -149 
1644 -146 
1654 -143 
1665 -139 
1675 -136 
1685 -133 
1695 -129 
1705 -126 
1716 -122 
1726 -118 
1736 -115 
1746 -111 
1756 -107 
1767 -103 
1777 -99 
1787 -95 
1797 -90 
1807 -86 
1818 -81 
1828 -77 
1838 -72 
1848 -68 
1858 -63 
1868 -58 
1879 -53 
1889 -50 
1899 -50 
1908 -50 
1918 -50 
1927 -50 
1935 -50 
1944 -50 
1952 -50 
1960 -50 
1968 -50 
1975 -50 
1982 -50 
1989 -50 
1995 -49 
2001 -49 
2007 -49 
2013 -48 
2019 -47 
2025 -46 
2030 -45 
2036 -43 
2042 -41 
2048 -39 
2053 -37 
2059 -35 
2064 -32 
2069 -30 
2074 -27 
2079 -24 
2084 -20 
2089 -17 
2094 -13 
2098 -9 
2103 -5 
2107 -1 
2112 2 
2116 7 
2120 12 
2124 17 
2128 22 
2132 27 
2136 33 
2140 39 
2143 45 
2147 51 
2151 57 
2154 63 
2157 70 
2160 77 
2164 84 
2167 91 
2170 98 
2173 106 
2175 113 
2178 121 
2181 129 
2183 137 
2186 145 
2188 154 
2191 163 
2193 171 
2195 180 
2197 190 
2199 199 
2201 208 
2203 218 
2205 228 
2206 238 
2208 248 
2210 258 
2211 269 
2212 279 
2214 290 
2215 301 
2216 312 
2217 323 
2218 335 
2219 346 
2220 358 
2221 370 
2222 382 
2223 394 
2223 406 
2224 418 
2224 431 
2225 444 
2225 457 
2226 470 
2226 483 
2226 496 
2226 509 
2226 523 
2226 537 
2226 551 
2226 565 
2226 579 
2225 593 
2225 608 
2225 622 
2224 637 
2224 652 
2223 666 
2222 681 
2222 696 
2221 711 
2220 726 
2219 741 
2218 749 
2217 749 
2216 749 
2214 749 
2212 749 
2210 749 
2208 749 
2206 749 
2203 749 
2201 749 
2198 749 
2195 749 
2192 749 
2189 749 
2185 749 
2182 749 
2179 749 
2175 749 
2171 749 
2168 749 
2164 749 
2160 749 
2156 749 
2152 749 
2148 749 
2144 749 
2140 749 
2136 749 
2132 749 
2128 749 
2123 749 
2119 749 
2115 749 
2110 749 
2106 749 
2101 749 
2097 749 
2092 749 
2088 749 
2083 749 
2079 749 
2074 749 
2070 749 
2065 749 
2060 749 
2056 749 
2051 749 
2046 744 
2042 738 
2037 732 
2032 727 
2027 721 
2022 716 
2018 711 
2013 706 
2008 701 
2003 697 
1998 692 
1993 688 
1988 683 
1983 679 
1977 675 
1972 671 
1967 667 
1962 664 
1957 660 
1951 656 
1946 653 
1941 650 
1935 647 
1930 644 
1925 641 
1919 638 
1914 636 
1908 633 
1902 631 
1897 628 
1891 626 
1886 624 
1880 622 
1874 620 
1869 619 
1863 617 
1857 615 
1851 614 
1845 613 
1840 612 
1834 611 
1828 610 
1822 609 
1816 608 
1810 607 
1804 607 
1798 606 
1792 606 
1786 606 
1780 606 
1773 606 
1767 606 
1761 606 
1755 607 
1749 607 
1742 607 
1736 608 
1730 609 
1724 610 
1717 611 
1711 612 
1704 613 
1698 614 
1691 615 
1685 617 
1679 618 
1672 620 
1665 621 
1659 623 
1652 625 
1646 627 
1639 629 
1632 631 
1626 634 
1619 636 
1612 638 
1606 641 
1599 644 
1592 646 
1585 649 
1578 652 
1572 655 
1565 658 
1558 661 
1551 665 
1544 668 
1538 671 
1531 675 
1525 679 
1518 682 
1512 686 
1506 690 
1500 694 
1511 688 
1522 682 
1533 677 
1544 671 
1555 666 
1566 661 
1577 656 
1588 651 
1599 646 
1610 641 
1621 636 
1633 632 
1644 628 
1655 623 
1666 619 
1677 615 
1688 612 
1699 608 
1710 604 
1720 601 
1731 597 
1742 594 
1753 591 
1764 588 
1775 585 
1786 583 
1797 580 
1808 577 
1819 575 
1830 573 
1841 570 
1852 568 
1863 566 
1874 565 
1884 563 
1895 561 
1906 560 
1917 558 
1928 557 
1939 556 
1950 555 
1961 554 
1971 553 
1982 552 
1993 552 
2004 551 
2015 551 
2026 551 
2036 550 
2047 550 
2058 550 
2069 550 
2080 551 
2090 551 
2101 551 
2112 552 
2123 553 
2133 554 
2144 555 
2154 556 
2165 558 
2175 560 
2185 562 
2195 564 
2205 567 
2215 569 
2225 572 
2234 575 
2244 578 
2253 582 
2262 585 
2271 589 
2280 593 
2289 597 
2298 601 
2306 606 
2315 611 
2323 616 
2331 621 
2339 626 
2347 631 
2355 637 
2363 643 
2371 649 
2378 655 
2386 661 
2393 668 
2400 675 
2407 681 
2414 688 
2421 696 
2428 703 
2435 711 
2441 718 
2448 726 
2454 734 
2460 743 
2466 751 
2473 760 
2478 768 
2484 777 
2490 786 
2496 796 
2501 805 
2507 815 
2512 824 
2517 834 
2522 844 
2527 854 
2532 865 
2537 875 
2542 886 
2547 897 
2551 908 
2556 919 
2560 930 
2565 942 
2569 953 
2573 964 
2576 964 
2579 964 
2582 964 
2584 964 
2586 964 
2587 964 
2588 964 
2588 964 
2589 964 
2588 964 
2588 964 
2587 964 
2586 964 
2585 964 
2584 964 
2582 964 
2580 964 
2578 964 
2576 964 
2574 964 
2571 964 
2569 964 
2566 964 
2563 964 
2560 964 
2557 964 
2553 964 
2550 964 
2547 964 
2543 964 
2539 964 
2536 964 
2532 964 
2528 964 
2524 964 
2520 964 
2516 964 
2512 964 
2508 964 
2504 964 
2500 964 
2495 964 
2491 964 
2487 964 
2482 964 
2478 964 
2474 964 
2469 964 
2465 964 
2460 964 
2456 964 
2451 964 
2447 964 
2442 964 
2437 964 
2433 964 
2428 964 
2424 964 
2419 964 
2414 964 
2409 964 
2405 964 
2400 959 
2395 953 
2391 948 
2386 943 
2381 938 
2376 933 
2371 929 
2366 925 
2361 921 
2356 917 
2351 914 
2346 911 
2341 908 
2336 905 
2331 902 
2326 900 
2320 898 
2315 896 
2310 899 
2305 899 
2299 900 
2294 900 
2288 901 
2283 902 
2278 903 
2272 905 
2267 906 
2261 908 
2255 910 
2250 913 
2244 915 
2238 918 
2233 920 
2227 923 
2221 926 
2216 929 
2210 932 
2204 935 
2198 938 
2192 942 
2186 945 
2180 949 
2174 949 
2169 949 
2163 949 
2157 949 
2152 949 
2146 949 
2140 949 
2135 949 
2129 949 
2124 949 
2119 944 
2113 938 
2108 932 
2102 927 
2097 921 
2091 916 
2086 911 
2080 906 
2074 901 
2069 897 
2063 897 
2057 897 
2052 897 
2046 898 
2040 898 
2034 899 
2028 899 
2023 900 
2017 901 
2011 902 
2005 903 
1999 904 
1993 905 
1987 906 
1981 908 
1975 909 
1969 911 
1962 913 
1956 914 
1950 916 
1944 918 
1938 920 
1931 922 
1925 925 
1919 927 
1913 929 
1906 932 
1900 935 
1893 937 
1887 940 
1881 943 
1874 946 
1868 949 
1861 949 
1855 949 
1849 949 
1843 949 
1837 944 
1830 938 
1824 932 
1818 927 
1812 921 
1806 916 
1800 911 
1794 906 
1787 901 
1781 897 
1775 897 
1768 897 
1762 897 
1756 898 
1749 898 
1743 899 
1736 899 
1730 900 
1724 901 
1717 902 
1711 903 
1704 904 
1697 905 
1691 906 
1684 908 
1678 909 
1671 911 
1664 913 
1658 915 
1651 917 
1644 920 
1637 922 
1631 925 
1624 928 
1617 932 
1610 935 
1603 939 
1596 943 
1589 947 
1582 951 
1576 955 
1569 960 
1562 964 
1555 964 
1548 964 
1541 964 
1535 964 
1528 964 
1522 964 
1516 964 
1510 964 
1504 964 
1498 964 
1492 964 
1486 964 
1480 964 
1474 964 
1469 964 
1463 964 
1458 964 
1452 964 
1447 964 
1441 964 
1436 964 
1430 964 
1425 964 
1420 964 
1414 964 
1409 964 
1404 964 
1399 964 
1393 964 
1388 964 
1383 964 
1378 964 
1373 964 
1368 964 
1364 964 
1359 964 
1355 964 
1352 964 
1348 964 
1345 964 
1342 964 
1339 964 
1336 964 
1334 964 
1331 964 
1329 964 
1328 964 
1327 949 
1326 949 
1326 949 
1326 944 
1326 938 
1326 932 
1326 927 
1326 921 
1326 916 
1327 911 
1327 906 
1327 901 
1328 897 
1328 892 
1329 888 
1330 883 
1330 879 
1331 875 
1332 871 
1333 867 
1334 864 
1335 860 
1336 856 
1337 853 
1338 850 
1340 847 
1341 844 
1342 841 
1344 838 
1345 836 
1347 833 
1348 831 
1349 828 
1349 826 
1349 824 
1349 822 
1349 820 
1349 819 
1349 817 
1349 815 
1338 810 
1328 804 
1317 798 
1306 793 
1296 787 
1286 782 
1275 777 
1265 772 
1255 767 
1245 763 
1235 758 
1225 754 
1215 749 
1205 745 
1196 741 
1186 737 
1176 733 
1167 730 
1157 726 
1148 722 
1139 719 
1129 716 
1120 713 
1111 710 
1102 707 
1100 704 
1111 698 
1122 693 
1132 687 
1143 681 
1154 676 
1165 671 
1175 666 
1186 661 
1196 656 
1207 651 
1217 647 
1227 642 
1238 638 
1248 634 
1258 630 
1268 626 
1278 622 
1288 618 
1298 615 
1307 611 
1317 608 
1327 605 
1336 601 
1346 598 
1349 596 
1349 593 
1349 590 
1349 588 
1349 585 
1349 583 
1349 581 
1349 579 
1349 577 
1338 571 
1327 565 
1317 560 
1306 554 
1295 549 
1284 549 
1274 549 
1263 549 
1253 549 
1242 550 
1232 550 
1222 551 
1211 551 
1201 552 
1191 553 
1181 554 
1171 555 
1161 557 
1151 558 
1142 559 
1132 561 
1122 562 
1113 564 
1103 566 
1100 568 
1111 562 
1122 556 
1132 551 
1143 545 
1154 540 
1165 534 
1175 529 
1186 524 
1196 520 
1207 515 
1217 510 
1227 506 
1233 502 
1222 496 
1211 490 
1200 484 
1190 479 
1179 474 
1168 468 
1158 463 
1147 458 
1136 453 
1126 449 
1115 444 
1105 440 
1094 435 
1083 431 
1073 427 
1062 423 
1052 419 
1041 416 
1030 412 
1020 409 
1009 405 
999 402 
988 399 
978 396 
967 393 
957 390 
946 388 
935 385 
925 383 
914 380 
904 379 
893 377 
883 375 
872 374 
862 373 
851 372 
841 371 
830 371 
820 370 
809 370 
800 371 
800 371 
800 371 
800 372 
800 373 
800 374 
800 376 
800 377 
800 379 
800 381 
800 383 
800 386 
800 388 
800 391 
800 394 
800 397 
800 400 
800 404 
800 408 
800 412 
800 416 
800 420 
800 424 
800 429 
800 434 
800 439 
800 444 
800 450 
800 455 
800 461 
800 467 
800 473 
800 479 
800 486 
800 492 
800 499 
800 506 
800 513 
800 521 
800 528 
800 536 
800 544 
800 552 
800 560 
800 568 
800 577 
800 586 
800 595 
800 604 
800 613 
800 622 
800 632 
800 641 
800 651 
800 661 
800 671 
800 682 
800 692 
800 703 
800 714 
800 724 
800 736 
800 747 
800 758 
800 770 
800 781 
800 793 
800 805 
800 818 
800 830 
800 842 
800 855 
800 868 
800 881 
799 894 
799 907 
799 920 
799 933 
798 946 
798 949 
797 949 
796 949 
795 949 
794 949 
792 949 
790 949 
788 949 
786 949 
783 949 
781 949 
778 949 
775 949 
773 949 
769 949 
766 949 
763 949 
760 949 
756 949 
753 949 
749 949 
745 949 
742 949 
738 949 
734 949 
730 949 
726 949 
722 949 
718 949 
713 949 
709 949 
705 949 
701 949 
696 949 
692 949 
688 949 
683 949 
679 949 
674 949 
670 949 
665 949 
661 949 
656 949 
652 949 
647 949 
642 949 
638 949 
633 949 
628 949 
624 949 
620 949 
616 949 
613 949 
609 944 
606 938 
604 932 
601 927 
598 921 
595 916 
593 911 
590 906 
588 901 
585 897 
583 892 
581 888 
579 883 
577 879 
575 875 
573 871 
571 867 
569 863 
568 860 
566 856 
565 853 
563 850 
562 847 
561 844 
559 841 
558 838 
557 835 
556 833 
555 831 
554 828 
554 826 
553 824 
552 822 
552 820 
551 819 
551 817 
550 815 
550 814 
550 813 
549 812 
549 811 
549 810 
549 809 
549 808 
549 807 
550 807 
550 806 
550 806 
551 806 
551 806 
551 806 
552 806 
553 806 
553 806 
554 807 
555 807 
556 808 
557 809 
558 810 
559 810 
560 812 
561 813 
562 814 
563 815 
564 817 
565 818 
566 820 
567 821 
568 823 
569 825 
570 827 
570 829 
571 831 
571 834 
572 836 
572 838 
572 841 
573 844 
573 846 
573 849 
573 852 
573 855 
573 858 
573 861 
572 865 
572 868 
572 871 
572 875 
572 878 
571 882 
571 886 
571 890 
571 894 
571 898 
571 902 
570 906 
570 910 
571 915 
571 919 
571 924 
571 928 
571 933 
572 938 
572 943 
573 948 
573 949 
574 944 
576 938 
577 932 
578 927 
579 921 
580 916 
582 911 
583 906 
585 901 
586 897 
588 892 
589 888 
591 883 
593 879 
595 875 
596 871 
598 867 
600 864 
602 860 
604 856 
606 853 
609 850 
611 847 
613 844 
615 841 
618 838 
620 836 
622 833 
625 831 
628 828 
630 826 
633 824 
635 822 
638 820 
641 819 
644 817 
647 815 
649 814 
638 808 
627 802 
616 797 
606 791 
595 786 
584 781 
574 776 
563 771 
552 766 
542 761 
531 757 
521 752 
510 748 
499 744 
489 740 
478 736 
468 732 
457 728 
446 725 
436 721 
425 718 
415 714 
404 711 
394 708 
383 706 
373 703 
362 700 
351 698 
341 695 
330 693 
320 691 
309 689 
299 687 
288 685 
278 683 
267 682 
257 680 
246 679 
236 677 
225 676 
215 675 
204 674 
194 673 
183 673 
173 672 
162 671 
152 671 
141 671 
131 671 
120 671 
110 671 
99 672 
89 672 
78 673 
68 674 
57 676 
47 677 
36 679 
26 681 
15 683 
5 685 
-4 688 
-15 691 
-25 694 
-36 697 
-46 700 
-57 703 
-67 707 
-78 711 
-88 715 
-98 719 
-109 724 
-119 728 
-130 733 
-140 738 
-151 743 
-161 749 
-171 754 
-182 760 
-192 766 
-203 772 
-213 778 
-223 785 
-234 791 
-244 798 
-255 805 
-265 812 
-275 819 
-286 827 
-296 835 
-307 842 
-317 850 
-327 859 
-338 867 
