144 0 
0 0 
1500 315 
1500 315 
1500 315 
1500 316 
1500 316 
1501 317 
1501 317 
1502 318 
1502 319 
1503 320 
1504 321 
1504 322 
1505 324 
1506 325 
1507 327 
1508 328 
1509 330 
1510 332 
1511 334 
1512 336 
1514 338 
1515 340 
1516 342 
1518 344 
1519 347 
1521 349 
1522 352 
1524 355 
1526 358 
1527 361 
1529 364 
1531 367 
1533 370 
1535 373 
1537 376 
1539 380 
1541 383 
1543 387 
1546 391 
1548 394 
1550 398 
1553 399 
1555 399 
1558 399 
1561 399 
1564 399 
1567 399 
1570 399 
1574 399 
1577 399 
1580 394 
1584 388 
1588 382 
1591 377 
1595 371 
1599 366 
1599 361 
1599 356 
1599 351 
1599 347 
1599 342 
1599 338 
1599 333 
1599 329 
1599 325 
1599 321 
1599 317 
1599 314 
1599 310 
1599 306 
1599 303 
1599 300 
1599 297 
1588 291 
1577 285 
1566 280 
1555 274 
1544 269 
1532 264 
1521 258 
1510 254 
1499 249 
1488 244 
1477 239 
1466 235 
1455 231 
1444 226 
1433 222 
1422 218 
1411 215 
1400 211 
1389 207 
1378 204 
1367 200 
1356 197 
1345 194 
1334 191 
1323 188 
1313 185 
1302 183 
1291 180 
1280 178 
1269 176 
1258 173 
1247 171 
1236 169 
1225 168 
1214 166 
1203 164 
1193 163 
1182 161 
1171 160 
1160 159 
1149 158 
1138 157 
1127 156 
1116 155 
1106 155 
1095 154 
1084 154 
1073 153 
1062 153 
1051 153 
1041 153 
1030 153 
1019 154 
1008 154 
997 154 
987 155 
976 155 
965 156 
954 157 
944 158 
933 159 
922 160 
911 161 
901 163 
890 165 
879 166 
869 169 
858 171 
848 173 
837 176 
827 179 
817 182 
807 185 
797 189 
787 193 
777 196 
767 200 
758 205 
749 209 
739 214 
730 219 
721 223 
712 229 
703 234 
695 240 
686 245 
678 251 
669 257 
661 263 
653 270 
645 276 
637 283 
630 290 
622 297 
614 305 
607 312 
600 320 
593 328 
585 335 
579 344 
572 352 
565 360 
558 369 
552 378 
545 387 
539 396 
533 405 
527 415 
521 424 
515 434 
509 444 
503 454 
498 465 
492 475 
487 486 
481 496 
476 507 
471 518 
466 530 
461 541 
456 552 
451 564 
447 576 
442 588 
438 600 
433 612 
429 625 
425 637 
421 650 
417 663 
413 676 
409 689 
405 702 
402 716 
398 729 
395 743 
391 757 
388 771 
385 785 
395 779 
405 773 
414 768 
424 762 
434 757 
444 752 
454 747 
464 742 
474 737 
483 732 
493 727 
503 723 
513 719 
523 714 
533 710 
543 706 
553 703 
562 699 
572 695 
582 692 
592 688 
602 685 
612 682 
622 679 
632 676 
642 674 
651 671 
661 668 
671 666 
681 664 
691 661 
701 659 
711 657 
721 656 
731 654 
740 652 
750 651 
760 649 
770 648 
780 647 
790 646 
800 645 
810 644 
820 643 
830 643 
839 642 
849 642 
859 642 
869 641 
879 641 
889 641 
899 641 
909 642 
919 642 
929 642 
939 643 
949 643 
958 644 
968 645 
978 646 
988 647 
998 648 
1008 649 
1018 651 
1028 652 
1038 653 
1048 655 
1058 657 
1068 659 
1078 660 
1087 662 
1097 665 
1107 667 
1117 669 
1127 671 
1137 674 
1147 676 
1157 679 
1167 682 
1177 685 
1187 687 
1197 690 
1207 694 
1217 697 
1227 700 
1237 703 
1246 707 
1256 710 
1266 714 
1276 718 
1286 721 
1296 725 
1306 729 
1316 733 
1326 737 
1336 742 
1346 746 
1356 750 
1366 755 
1376 759 
1386 764 
1396 769 
1406 773 
1416 778 
1426 783 
1436 788 
1445 793 
1455 799 
1465 804 
1475 810 
1484 816 
1494 822 
1504 828 
1513 835 
1522 842 
1532 848 
1541 855 
1550 863 
1559 870 
1568 877 
1577 885 
1586 893 
1595 901 
1603 909 
1612 917 
1620 926 
1628 935 
1637 944 
1644 953 
1652 962 
1660 971 
1668 981 
1675 990 
1683 1000 
1690 1010 
1697 1020 
1704 1031 
1711 1041 
1718 1052 
1725 1063 
1732 1073 
1738 1085 
1745 1096 
1751 1107 
1757 1119 
1763 1130 
1769 1142 
1767 1147 
1758 1156 
1748 1166 
1738 1175 
1729 1185 
1719 1195 
1709 1205 
1699 1215 
1689 1225 
1681 1218 
1673 1210 
1665 1203 
1657 1196 
1649 1189 
1641 1182 
1633 1176 
1625 1169 
1617 1163 
1609 1156 
1601 1150 
1593 1144 
1585 1138 
1577 1133 
1569 1127 
1561 1122 
1553 1116 
1545 1111 
1537 1106 
1529 1101 
1521 1096 
1513 1091 
1504 1087 
1496 1082 
1488 1078 
1480 1074 
1472 1070 
1464 1066 
1455 1062 
1447 1058 
1439 1055 
1431 1051 
1422 1048 
1414 1045 
1406 1047 
1397 1047 
1389 1047 
1381 1047 
1372 1048 
1364 1048 
1356 1049 
1347 1049 
1339 1050 
1331 1051 
1322 1052 
1314 1053 
1305 1054 
1297 1056 
1289 1057 
1280 1059 
1272 1060 
1263 1062 
1255 1064 
1246 1066 
1238 1068 
1229 1070 
1221 1072 
1212 1074 
1204 1077 
1195 1079 
1186 1082 
1178 1084 
1169 1087 
1161 1090 
1152 1093 
1143 1096 
1135 1099 
1126 1102 
1118 1105 
1109 1108 
1100 1112 
1092 1115 
1083 1119 
1074 1123 
1066 1126 
1057 1130 
1048 1134 
1039 1138 
1031 1142 
1022 1147 
1013 1151 
1005 1155 
996 1160 
987 1164 
978 1169 
969 1174 
961 1178 
952 1183 
943 1188 
934 1193 
925 1198 
917 1204 
908 1209 
899 1214 
890 1220 
881 1225 
872 1231 
863 1236 
855 1242 
846 1248 
837 1254 
828 1260 
819 1266 
810 1272 
801 1278 
792 1284 
783 1290 
774 1297 
765 1299 
757 1299 
748 1299 
740 1299 
732 1299 
724 1299 
716 1299 
709 1299 
702 1299 
694 1299 
687 1299 
681 1299 
674 1299 
667 1299 
661 1299 
654 1299 
648 1299 
642 1299 
635 1299 
629 1299 
623 1299 
617 1299 
612 1299 
606 1299 
600 1299 
594 1299 
589 1299 
583 1300 
577 1300 
572 1301 
566 1301 
560 1303 
555 1304 
549 1305 
543 1307 
538 1309 
532 1311 
527 1313 
521 1315 
516 1318 
510 1321 
505 1324 
499 1327 
494 1330 
489 1334 
483 1338 
478 1342 
473 1346 
468 1350 
464 1355 
459 1359 
454 1364 
450 1369 
445 1375 
441 1380 
437 1386 
432 1391 
428 1397 
424 1404 
420 1410 
417 1417 
413 1423 
409 1430 
406 1437 
402 1444 
399 1452 
396 1459 
392 1467 
389 1475 
386 1483 
383 1491 
380 1500 
377 1508 
375 1517 
372 1526 
370 1535 
367 1544 
365 1554 
362 1563 
360 1573 
358 1583 
356 1593 
354 1603 
352 1613 
350 1624 
348 1635 
347 1645 
345 1656 
348 1663 
356 1671 
364 1679 
372 1687 
381 1696 
389 1704 
398 1698 
405 1705 
412 1712 
419 1719 
426 1726 
433 1733 
440 1740 
447 1747 
454 1749 
460 1749 
467 1749 
473 1749 
479 1749 
486 1749 
492 1749 
498 1749 
504 1749 
510 1749 
516 1749 
522 1749 
527 1749 
533 1749 
539 1749 
544 1749 
550 1749 
555 1749 
561 1749 
566 1749 
572 1749 
577 1749 
582 1749 
588 1749 
593 1749 
598 1749 
603 1749 
609 1749 
614 1749 
619 1749 
624 1749 
629 1749 
634 1749 
639 1749 
645 1749 
650 1749 
655 1749 
660 1749 
665 1749 
670 1749 
675 1749 
680 1749 
685 1749 
690 1749 
695 1749 
700 1749 
705 1749 
710 1749 
715 1749 
719 1749 
724 1749 
729 1749 
734 1744 
739 1738 
744 1732 
749 1727 
754 1721 
759 1716 
765 1711 
770 1706 
775 1701 
780 1697 
785 1692 
791 1688 
796 1683 
801 1679 
807 1675 
812 1671 
817 1667 
823 1663 
828 1660 
834 1656 
840 1653 
845 1650 
851 1647 
856 1644 
862 1641 
868 1638 
873 1635 
879 1633 
885 1631 
891 1628 
896 1626 
902 1624 
908 1622 
914 1620 
920 1619 
926 1617 
932 1615 
938 1614 
944 1613 
950 1612 
956 1611 
962 1610 
968 1609 
975 1608 
981 1607 
987 1607 
993 1606 
999 1606 
1006 1606 
1012 1606 
1018 1606 
1025 1606 
1031 1606 
1038 1606 
1044 1607 
1050 1607 
1057 1608 
1063 1609 
1070 1610 
1076 1610 
1083 1611 
1090 1613 
1096 1614 
1103 1615 
1109 1617 
1116 1618 
1123 1620 
1129 1621 
1136 1623 
1143 1625 
1150 1627 
1157 1629 
1163 1631 
1170 1634 
1177 1636 
1184 1638 
1191 1641 
1198 1644 
1205 1646 
1212 1649 
1219 1652 
1226 1655 
1233 1658 
1240 1661 
1247 1665 
1254 1668 
1261 1671 
1268 1675 
1275 1678 
1282 1682 
1289 1686 
1297 1690 
1304 1694 
1311 1698 
1318 1702 
1326 1706 
1333 1710 
1340 1715 
1347 1719 
1355 1724 
1362 1728 
1370 1733 
1377 1738 
1384 1743 
1392 1748 
1399 1742 
1406 1736 
1414 1731 
1421 1725 
1428 1720 
1436 1714 
1443 1709 
1450 1704 
1458 1700 
1465 1695 
1473 1690 
1480 1686 
1487 1682 
1495 1677 
1502 1673 
1510 1669 
1517 1665 
1525 1662 
1533 1658 
1540 1655 
1548 1651 
1555 1648 
1563 1645 
1571 1642 
1578 1639 
1586 1636 
1594 1634 
1601 1631 
1609 1629 
1617 1627 
1624 1624 
1632 1622 
1640 1620 
1648 1619 
1656 1617 
1663 1615 
1671 1614 
1679 1612 
1687 1611 
1695 1610 
1703 1609 
1711 1608 
1719 1607 
1726 1606 
1734 1606 
1742 1605 
1749 1605 
1738 1599 
1727 1593 
1717 1588 
1706 1582 
1695 1577 
1684 1571 
1674 1566 
1663 1561 
1652 1557 
1642 1552 
1631 1547 
1620 1543 
1610 1539 
1599 1534 
1588 1530 
1578 1526 
1567 1522 
1556 1519 
1546 1515 
1535 1512 
1525 1508 
1514 1505 
1503 1502 
1493 1499 
1482 1496 
1471 1498 
1461 1499 
1450 1499 
1440 1499 
1429 1499 
1418 1500 
1408 1501 
1397 1501 
1387 1502 
1376 1503 
1366 1504 
1355 1505 
1344 1506 
1334 1508 
1323 1509 
1313 1511 
1302 1512 
1292 1514 
1281 1516 
1270 1518 
1260 1520 
1249 1522 
1239 1524 
1228 1526 
1218 1528 
1207 1531 
1197 1533 
1186 1536 
1176 1539 
1165 1542 
1155 1544 
1144 1547 
1134 1551 
1123 1554 
1113 1557 
1102 1560 
1092 1564 
1081 1567 
1071 1571 
1060 1575 
1050 1578 
1039 1582 
1029 1586 
1018 1590 
1008 1594 
997 1599 
987 1603 
976 1607 
966 1612 
955 1616 
945 1621 
934 1626 
924 1630 
914 1635 
903 1640 
893 1645 
882 1650 
872 1655 
861 1661 
851 1666 
840 1671 
830 1677 
820 1682 
809 1688 
799 1694 
788 1700 
778 1706 
767 1711 
757 1717 
747 1724 
736 1730 
726 1736 
715 1742 
705 1749 
695 1743 
685 1737 
675 1732 
665 1726 
655 1721 
645 1715 
635 1710 
624 1705 
614 1701 
604 1696 
594 1691 
584 1687 
574 1683 
564 1678 
554 1674 
544 1670 
534 1666 
524 1663 
514 1659 
504 1656 
494 1652 
484 1649 
474 1646 
463 1643 
453 1640 
443 1637 
433 1635 
423 1632 
413 1630 
403 1628 
393 1625 
383 1623 
373 1621 
363 1620 
353 1618 
343 1616 
333 1615 
323 1613 
313 1612 
307 1607 
314 1614 
320 1620 
327 1615 
333 1609 
339 1603 
346 1598 
352 1592 
358 1587 
365 1582 
371 1577 
377 1572 
384 1568 
390 1563 
397 1559 
403 1554 
410 1550 
416 1546 
423 1542 
429 1538 
436 1534 
442 1531 
449 1527 
456 1524 
462 1521 
469 1518 
476 1515 
483 1512 
489 1509 
496 1506 
503 1504 
510 1502 
517 1499 
523 1497 
530 1495 
537 1493 
544 1491 
551 1490 
549 1488 
549 1486 
549 1485 
549 1484 
549 1483 
549 1482 
549 1481 
549 1480 
549 1479 
549 1478 
538 1473 
527 1467 
517 1461 
506 1456 
495 1450 
484 1445 
474 1440 
463 1435 
453 1430 
442 1426 
432 1421 
421 1417 
410 1412 
400 1408 
389 1404 
379 1400 
368 1396 
358 1392 
347 1389 
337 1385 
326 1382 
316 1379 
305 1376 
295 1373 
284 1370 
274 1367 
263 1364 
253 1362 
242 1359 
232 1357 
221 1355 
211 1353 
200 1351 
190 1349 
179 1347 
169 1346 
159 1344 
150 1343 
150 1342 
150 1341 
150 1339 
150 1339 
150 1338 
150 1337 
150 1336 
150 1336 
150 1335 
150 1335 
161 1329 
171 1323 
182 1318 
193 1312 
203 1307 
214 1302 
224 1297 
235 1292 
245 1287 
256 1282 
266 1278 
277 1273 
287 1269 
298 1265 
308 1261 
319 1257 
329 1253 
340 1249 
350 1246 
361 1242 
371 1239 
382 1235 
392 1232 
402 1229 
413 1227 
423 1224 
434 1221 
444 1219 
455 1216 
465 1214 
476 1212 
486 1210 
496 1208 
507 1206 
517 1204 
528 1203 
538 1201 
549 1200 
559 1198 
569 1197 
580 1196 
590 1195 
601 1194 
611 1194 
621 1193 
632 1192 
642 1192 
653 1192 
663 1192 
673 1191 
684 1191 
694 1192 
704 1192 
715 1192 
725 1193 
736 1193 
746 1194 
756 1194 
767 1195 
777 1196 
787 1197 
798 1198 
808 1199 
819 1201 
829 1202 
839 1204 
850 1205 
860 1207 
870 1209 
881 1211 
891 1213 
901 1215 
912 1217 
922 1219 
932 1222 
943 1224 
953 1227 
963 1229 
974 1232 
984 1235 
994 1238 
1005 1241 
1015 1244 
1025 1247 
1036 1250 
1046 1254 
1056 1257 
1067 1260 
1077 1264 
1087 1268 
1098 1272 
1108 1275 
1118 1279 
1129 1283 
1139 1288 
1149 1292 
1160 1296 
1170 1299 
1180 1294 
1190 1288 
1200 1282 
1210 1277 
1220 1271 
1230 1266 
1240 1261 
1250 1256 
1260 1251 
1270 1247 
1280 1242 
1289 1238 
1299 1233 
1309 1229 
1319 1225 
1329 1221 
1339 1217 
1349 1214 
1359 1210 
1369 1206 
1379 1203 
1389 1200 
1399 1197 
1409 1194 
1419 1191 
1429 1188 
1439 1186 
1449 1183 
1459 1181 
1469 1178 
1479 1176 
1489 1174 
1499 1172 
1509 1170 
1519 1169 
1529 1167 
1539 1165 
1549 1164 
1559 1163 
1569 1162 
1579 1161 
1589 1160 
1599 1159 
1609 1158 
1619 1157 
1629 1157 
1639 1156 
1649 1156 
1659 1156 
1669 1156 
1679 1156 
1689 1156 
1699 1156 
1709 1156 
1719 1157 
1729 1157 
1739 1158 
1744 1155 
1738 1149 
1731 1143 
1725 1137 
1718 1132 
1712 1127 
1706 1121 
1699 1116 
1693 1111 
1687 1106 
1681 1102 
1675 1097 
1669 1093 
1663 1088 
1656 1084 
1650 1080 
1644 1076 
1638 1072 
1632 1069 
1625 1065 
1619 1062 
1613 1058 
1607 1055 
1600 1052 
1594 1049 
1587 1046 
1581 1043 
1575 1041 
1568 1038 
1562 1036 
1555 1033 
1549 1031 
1542 1029 
1535 1027 
1529 1025 
1522 1024 
1516 1022 
1509 1021 
1502 1019 
1500 1018 
1511 1012 
1522 1006 
1532 1001 
1543 995 
1554 990 
1565 985 
1575 980 
1586 975 
1597 970 
1608 965 
1618 961 
1629 956 
1640 952 
1651 948 
1661 943 
1672 940 
1683 936 
1693 932 
1704 928 
1715 925 
1725 922 
1736 918 
1747 915 
1757 912 
1768 909 
1779 907 
1789 904 
1800 901 
1811 899 
1821 897 
1832 895 
1843 893 
1853 891 
1863 889 
1874 887 
1884 885 
1894 884 
1899 883 
1888 877 
1877 871 
1866 865 
1855 860 
1844 854 
1833 849 
1822 844 
1811 839 
1800 834 
1789 830 
1778 825 
1767 821 
1756 816 
1745 812 
1734 808 
1723 804 
1712 800 
1701 797 
1690 793 
1679 790 
1668 786 
1657 783 
1646 780 
1635 777 
1624 774 
1613 771 
1602 769 
1591 766 
1580 764 
1569 761 
1558 759 
1548 757 
1537 755 
1526 753 
1515 752 
1504 750 
1493 748 
1482 747 
1471 746 
1460 745 
1450 744 
1439 743 
1428 742 
1417 741 
1406 740 
1395 740 
1384 740 
1374 739 
1363 739 
1352 739 
1341 739 
1330 739 
1320 739 
1309 740 
1298 740 
1287 740 
1276 741 
1266 742 
1255 743 
1244 744 
1233 745 
1223 746 
1212 747 
1201 748 
1190 750 
1180 751 
1169 753 
1158 754 
1147 756 
1137 758 
1126 760 
1115 762 
1104 764 
1094 767 
1083 769 
1072 771 
1062 774 
1051 777 
1040 779 
1030 782 
1019 785 
1008 788 
998 791 
987 794 
976 798 
966 801 
955 804 
944 808 
934 812 
923 815 
912 819 
902 823 
891 827 
880 831 
870 835 
859 839 
849 844 
838 848 
828 842 
817 836 
807 831 
797 825 
787 820 
776 815 
766 810 
756 805 
746 800 
735 795 
725 791 
715 786 
705 782 
694 778 
684 773 
674 769 
664 766 
653 762 
643 758 
633 755 
623 752 
612 748 
602 745 
592 742 
582 739 
571 737 
561 734 
551 731 
541 729 
531 727 
520 725 
510 723 
500 721 
490 719 
479 717 
469 715 
459 714 
449 713 
439 711 
428 710 
418 709 
408 708 
398 707 
387 706 
377 706 
367 705 
357 705 
347 705 
337 704 
327 704 
317 704 
308 704 
301 701 
308 695 
315 690 
321 684 
328 679 
335 673 
342 668 
348 663 
355 658 
362 653 
369 648 
376 644 
383 639 
390 635 
396 631 
403 627 
410 623 
417 619 
424 615 
431 612 
438 608 
446 605 
453 602 
460 599 
467 596 
474 593 
481 590 
488 587 
495 585 
503 582 
510 580 
517 578 
524 576 
532 574 
539 572 
546 570 
549 569 
549 567 
549 566 
549 565 
549 563 
549 562 
549 561 
549 561 
538 555 
527 549 
517 543 
506 538 
495 533 
484 527 
474 522 
463 517 
453 512 
442 508 
432 503 
421 499 
410 494 
400 490 
389 486 
379 482 
368 478 
358 475 
347 471 
337 468 
326 464 
316 461 
305 458 
295 455 
284 452 
274 449 
263 447 
253 444 
242 442 
232 439 
222 437 
211 435 
201 433 
191 431 
181 430 
171 428 
161 427 
151 425 
162 419 
173 414 
184 408 
195 403 
206 397 
218 392 
229 387 
240 382 
251 377 
262 372 
273 368 
284 363 
295 359 
306 355 
317 351 
328 347 
339 343 
350 339 
361 336 
372 332 
383 329 
394 326 
405 323 
416 320 
427 317 
437 314 
448 311 
459 309 
470 306 
481 304 
492 302 
503 300 
514 298 
525 296 
536 294 
547 293 
557 291 
568 290 
579 289 
590 287 
601 286 
612 285 
623 284 
634 284 
644 283 
655 283 
666 282 
677 282 
688 282 
698 282 
709 282 
720 282 
731 282 
742 282 
753 283 
763 283 
774 284 
785 285 
796 285 
806 286 
817 287 
828 288 
839 290 
849 291 
860 292 
871 294 
882 295 
892 297 
903 299 
914 301 
925 303 
935 305 
946 307 
957 309 
967 312 
978 314 
989 317 
1000 319 
1010 322 
1021 325 
1032 328 
1042 331 
1053 334 
1064 337 
1074 340 
1085 344 
1096 347 
1106 351 
1117 354 
1128 358 
1138 362 
1149 366 
1159 370 
1170 374 
1181 378 
1191 382 
1202 386 
1213 391 
1223 395 
1234 399 
1244 394 
1254 388 
1265 382 
1275 377 
1285 371 
1295 366 
1306 361 
1316 356 
1326 351 
1336 347 
1347 342 
1357 338 
1367 333 
1377 329 
1388 325 
1398 321 
1408 317 
1418 314 
1429 310 
1439 306 
1449 303 
1459 300 
1469 297 
1480 294 
1490 291 
1500 288 
1510 286 
1521 283 
1531 281 
1541 278 
1551 276 
1561 274 
1572 272 
1582 270 
1592 269 
1602 267 
1613 265 
1623 264 
1633 263 
1643 262 
1653 261 
1664 260 
1674 259 
1684 258 
1694 257 
1704 257 
1715 256 
1725 256 
1735 256 
1745 256 
1755 256 
1766 256 
1776 256 
1786 257 
1796 257 
1806 257 
1817 258 
1827 259 
1837 260 
1847 261 
1857 262 
1868 263 
1878 264 
1888 265 
1898 267 
1899 268 
1899 270 
1899 271 
1899 273 
1899 275 
1899 277 
1899 279 
1899 281 
1899 284 
1899 286 
1899 288 
1899 291 
1899 294 
1899 296 
1899 299 
1899 302 
1899 305 
1899 308 
1889 302 
1878 297 
1867 291 
1856 285 
1846 280 
1835 275 
1825 270 
1814 265 
1804 260 
1793 255 
1783 251 
1773 246 
1763 242 
1753 238 
1743 234 
1733 230 
1723 226 
1713 222 
1703 219 
1693 215 
1683 212 
1673 209 
1663 205 
1653 202 
1643 200 
1632 197 
1622 194 
1612 192 
1602 189 
1592 187 
1582 185 
1572 183 
1562 181 
1552 179 
1542 177 
1532 176 
1522 174 
1512 173 
1502 171 
1492 170 
1482 169 
1472 168 
1462 167 
1452 167 
1442 166 
1432 166 
1422 165 
1412 165 
1402 165 
1392 165 
1381 165 
1371 165 
1361 165 
1351 165 
1341 166 
1331 166 
1321 167 
1311 167 
1301 168 
1291 169 
1281 170 
1271 171 
1261 173 
1251 174 
1241 175 
1231 177 
1221 178 
1211 180 
1201 182 
1191 184 
1181 186 
1171 188 
1161 190 
1151 192 
1140 195 
1130 197 
1120 200 
1110 202 
1100 205 
1090 208 
1080 211 
1070 214 
1060 217 
1050 220 
1040 223 
1030 227 
1020 230 
1010 234 
1000 237 
990 241 
980 245 
970 249 
960 253 
950 257 
940 261 
929 265 
919 269 
909 274 
899 278 
889 283 
879 287 
869 292 
859 297 
849 302 
839 306 
829 312 
819 317 
809 322 
799 327 
789 332 
779 338 
769 343 
759 349 
749 355 
739 360 
729 366 
718 372 
708 378 
698 384 
688 390 
678 396 
668 399 
659 399 
649 399 
640 399 
631 399 
622 399 
614 399 
606 400 
598 400 
589 401 
581 402 
573 403 
565 404 
557 405 
548 407 
540 409 
532 411 
523 413 
515 415 
507 418 
499 421 
491 424 
483 427 
475 430 
467 434 
459 438 
451 442 
444 446 
436 450 
429 455 
422 459 
414 464 
407 469 
400 475 
394 480 
387 486 
380 492 
374 498 
367 504 
361 510 
355 517 
349 523 
343 530 
337 537 
331 544 
326 552 
320 559 
314 567 
309 575 
304 583 
299 591 
294 600 
289 608 
284 617 
279 626 
274 635 
270 644 
265 654 
261 663 
257 672 
265 680 
272 687 
280 695 
288 703 
296 711 
304 719 
312 727 
321 736 
329 744 
337 736 
345 729 
353 722 
361 715 
369 708 
376 701 
384 695 
392 688 
400 682 
408 676 
416 670 
424 664 
432 658 
440 653 
448 647 
456 642 
465 636 
473 631 
481 626 
489 621 
497 617 
505 612 
513 608 
521 603 
530 599 
538 595 
546 591 
549 587 
549 583 
549 580 
549 576 
549 573 
549 570 
549 566 
549 563 
549 560 
549 558 
549 555 
549 552 
549 550 
549 548 
549 546 
549 543 
549 541 
549 540 
549 538 
549 536 
549 535 
549 533 
549 532 
549 531 
549 530 
549 529 
549 528 
549 527 
549 526 
549 526 
549 525 
549 525 
549 525 
549 525 
549 525 
549 525 
549 525 
549 525 
549 526 
549 526 
549 527 
549 527 
549 528 
549 529 
549 530 
549 531 
549 532 
549 534 
549 535 
549 537 
549 538 
549 540 
549 542 
549 543 
549 545 
549 548 
549 550 
549 552 
549 554 
549 557 
549 559 
549 562 
549 565 
549 567 
549 570 
549 573 
549 576 
549 579 
549 583 
549 586 
549 589 
550 593 
550 596 
550 600 
550 604 
551 608 
551 612 
552 616 
552 620 
553 624 
553 628 
554 633 
555 637 
556 642 
557 646 
558 651 
559 656 
560 660 
561 665 
562 670 
563 676 
565 681 
566 686 
567 691 
569 697 
570 702 
572 708 
574 713 
575 719 
577 725 
579 731 
581 737 
583 743 
585 749 
587 755 
589 761 
591 767 
593 774 
595 780 
597 787 
600 793 
602 800 
604 807 
607 814 
609 820 
612 827 
615 834 
617 842 
620 849 
623 849 
626 849 
629 849 
632 844 
635 838 
638 832 
642 827 
645 821 
648 816 
652 811 
655 806 
659 801 
662 797 
666 792 
670 788 
673 783 
677 779 
681 775 
685 771 
689 767 
692 764 
696 760 
700 756 
704 753 
708 750 
712 747 
717 744 
721 741 
725 738 
729 736 
733 733 
738 731 
742 728 
746 726 
751 724 
755 722 
760 720 
764 719 
769 717 
773 715 
778 714 
783 713 
787 712 
792 711 
797 710 
802 709 
806 708 
811 707 
816 707 
821 706 
826 706 
831 706 
836 706 
841 706 
846 706 
851 706 
857 707 
862 707 
867 707 
872 708 
877 709 
883 710 
888 711 
893 712 
899 713 
904 714 
910 715 
915 717 
921 718 
926 720 
932 721 
937 723 
943 725 
949 727 
954 729 
960 731 
966 734 
972 736 
977 738 
983 741 
989 744 
995 746 
1001 749 
1007 752 
1013 755 
1019 758 
1025 761 
1031 765 
1037 768 
1043 771 
1049 775 
1055 779 
1061 782 
1067 786 
1074 790 
1080 794 
1086 798 
1092 802 
1099 806 
1105 810 
1111 815 
1118 819 
1124 824 
1131 828 
1137 833 
1143 838 
1150 843 
1156 848 
1163 849 
1169 849 
1175 849 
1182 849 
1188 849 
1194 849 
1200 849 
1205 849 
1211 849 
1217 849 
1223 849 
1228 849 
1234 849 
1239 849 
1245 849 
1250 849 
1256 849 
1261 849 
1266 849 
1272 849 
1277 849 
1282 849 
1288 849 
1293 849 
1298 849 
1303 849 
1308 850 
1313 850 
1319 851 
1324 851 
1329 852 
1335 854 
1340 855 
1345 857 
1351 859 
1356 861 
1361 863 
1366 864 
1371 864 
1375 864 
1379 864 
1383 864 
1387 864 
1390 864 
1393 864 
1396 864 
1399 864 
1401 864 
1404 864 
1406 864 
1408 864 
1410 864 
1412 864 
1414 864 
1416 864 
1417 864 
1419 864 
1420 864 
1421 864 
1423 864 
1424 864 
1425 864 
1426 864 
1427 864 
1428 864 
1428 864 
1429 864 
1430 864 
1431 864 
1431 864 
1432 864 
1432 864 
1433 864 
1433 864 
1434 864 
1434 864 
1435 864 
1435 864 
1435 864 
1436 864 
1436 864 
1437 864 
1438 864 
1440 864 
1441 864 
1443 864 
1445 864 
1447 864 
1450 864 
1452 864 
1455 864 
1457 864 
1460 864 
1463 864 
1466 864 
1470 864 
1473 864 
1476 864 
1480 864 
1484 864 
1487 864 
1491 865 
1494 865 
1498 866 
1501 867 
1505 868 
1509 869 
1512 870 
1516 872 
1520 874 
1524 876 
1528 878 
1532 880 
1536 883 
1540 886 
1544 889 
1548 892 
1552 895 
1556 899 
1560 903 
1565 907 
1569 911 
1573 915 
1577 920 
1581 924 
1585 929 
1589 934 
1593 940 
1597 945 
1601 951 
1605 957 
1609 963 
1613 969 
1617 975 
1621 982 
1625 988 
1629 995 
1633 1002 
1636 1009 
1640 1017 
1644 1024 
1648 1032 
1651 1040 
1655 1048 
1658 1056 
1662 1065 
1666 1073 
1669 1082 
1673 1091 
1676 1100 
1680 1109 
1683 1119 
1687 1128 
1690 1138 
1693 1148 
1696 1158 
1699 1168 
1702 1178 
1705 1189 
1708 1200 
1707 1207 
1699 1215 
1691 1223 
1683 1231 
1675 1239 
1666 1248 
1658 1256 
1649 1265 
1641 1273 
1625 1274 
1616 1283 
1608 1277 
1600 1271 
1592 1266 
1583 1260 
1575 1255 
1567 1249 
1558 1244 
1550 1239 
1542 1235 
1533 1230 
1525 1225 
1517 1221 
1508 1217 
1500 1212 
1492 1208 
1483 1204 
1475 1200 
1466 1197 
1458 1193 
1450 1190 
1441 1186 
1433 1183 
1424 1180 
1416 1177 
1407 1174 
1399 1171 
1390 1169 
1382 1166 
1373 1164 
1365 1162 
1356 1159 
1347 1157 
1339 1155 
1330 1154 
1322 1152 
1313 1150 
1305 1149 
1296 1147 
1287 1146 
1279 1145 
1270 1144 
1261 1143 
1253 1142 
1244 1141 
1235 1141 
1227 1140 
1218 1140 
1209 1139 
1201 1139 
1192 1139 
1183 1139 
1174 1139 
1166 1139 
1157 1140 
1148 1140 
1139 1141 
1131 1141 
1122 1142 
1113 1143 
1104 1144 
1095 1145 
1087 1146 
1078 1147 
1069 1148 
1060 1150 
1051 1151 
1042 1153 
1033 1155 
1025 1156 
1016 1158 
1007 1160 
998 1162 
989 1165 
980 1167 
971 1169 
962 1172 
953 1174 
944 1177 
935 1180 
926 1182 
917 1185 
909 1188 
900 1191 
891 1195 
882 1198 
873 1201 
864 1205 
855 1208 
846 1212 
837 1215 
828 1219 
818 1223 
809 1227 
800 1231 
791 1235 
782 1239 
773 1244 
764 1248 
755 1253 
746 1257 
737 1262 
728 1266 
719 1271 
710 1276 
700 1281 
691 1286 
682 1291 
673 1296 
664 1299 
655 1299 
646 1299 
638 1299 
630 1299 
622 1299 
614 1299 
606 1299 
599 1299 
592 1299 
585 1299 
578 1299 
571 1299 
564 1299 
557 1300 
551 1300 
544 1300 
538 1301 
531 1302 
524 1303 
517 1304 
511 1305 
504 1307 
498 1309 
491 1311 
485 1313 
478 1315 
472 1318 
466 1321 
459 1324 
453 1327 
447 1330 
442 1334 
436 1338 
430 1342 
425 1346 
419 1350 
414 1355 
408 1360 
403 1364 
398 1370 
393 1375 
388 1380 
383 1386 
379 1392 
374 1398 
370 1404 
365 1410 
361 1417 
357 1423 
353 1430 
348 1437 
345 1444 
341 1452 
337 1459 
333 1467 
330 1475 
326 1483 
323 1491 
319 1500 
316 1508 
313 1517 
310 1526 
307 1535 
304 1544 
301 1554 
298 1563 
295 1573 
293 1583 
290 1593 
288 1603 
296 1610 
303 1618 
318 1618 
326 1626 
333 1633 
341 1640 
348 1635 
355 1629 
362 1623 
370 1618 
377 1612 
384 1607 
392 1602 
399 1597 
407 1592 
414 1588 
421 1583 
429 1579 
436 1574 
444 1570 
451 1566 
459 1562 
466 1558 
474 1555 
481 1551 
489 1547 
497 1544 
504 1541 
512 1538 
519 1535 
527 1532 
535 1529 
542 1527 
550 1524 
558 1522 
566 1519 
573 1517 
581 1515 
589 1513 
597 1511 
604 1510 
612 1508 
620 1506 
628 1505 
636 1504 
644 1503 
652 1502 
659 1501 
667 1500 
675 1499 
683 1498 
691 1498 
699 1497 
707 1497 
715 1497 
723 1497 
731 1497 
739 1497 
747 1497 
755 1497 
763 1498 
771 1498 
780 1499 
788 1500 
796 1501 
804 1502 
812 1503 
820 1504 
828 1505 
837 1506 
845 1508 
853 1509 
861 1511 
869 1512 
878 1514 
886 1516 
894 1518 
903 1520 
911 1522 
919 1525 
927 1527 
936 1529 
944 1532 
952 1535 
961 1537 
969 1540 
977 1543 
986 1546 
994 1549 
1003 1552 
1011 1556 
1020 1559 
1028 1562 
1036 1566 
1045 1569 
1053 1573 
1062 1577 
1070 1581 
1079 1585 
1087 1589 
1096 1593 
1104 1597 
1113 1601 
1121 1606 
1130 1610 
1139 1615 
1147 1619 
1156 1624 
1164 1629 
1173 1634 
1182 1639 
1190 1644 
1199 1649 
1207 1654 
1216 1659 
1225 1665 
1233 1670 
1242 1676 
1251 1681 
1260 1687 
1268 1693 
1277 1698 
1286 1704 
1294 1710 
1303 1716 
1312 1722 
1321 1729 
1329 1735 
1338 1741 
1347 1747 
1356 1749 
1364 1744 
1373 1738 
1381 1732 
1390 1727 
1399 1721 
1407 1716 
1416 1711 
1424 1706 
1433 1701 
1442 1697 
1450 1692 
1459 1688 
1468 1683 
1476 1679 
1485 1675 
1494 1671 
1502 1667 
1511 1664 
1520 1660 
1528 1656 
1537 1653 
1546 1650 
1555 1647 
1563 1644 
1572 1641 
1581 1638 
1590 1636 
1598 1633 
1607 1631 
1616 1628 
1625 1626 
1634 1624 
1642 1622 
1651 1620 
1660 1619 
1669 1617 
1678 1615 
1687 1614 
1696 1613 
1704 1612 
1713 1611 
1722 1610 
1731 1609 
1740 1608 
1749 1607 
1758 1607 
1767 1606 
1776 1606 
1785 1606 
1794 1606 
1803 1606 
1812 1606 
1821 1606 
1830 1606 
1839 1607 
1848 1607 
1857 1608 
1866 1609 
1875 1610 
1884 1611 
1893 1612 
1902 1613 
