5600 5200 100 1115
/
desert
/
wall 0 0 1400 100;
wall 0 100 100 100;
wall 1300 100 100 100;
wall 0 200 100 100;
wall 1300 200 100 100;
wall 0 300 100 100;
wall 1300 300 100 100;
wall 0 400 100 100;
wall 1300 400 100 100;
wall 0 500 100 100;
wall 1300 500 100 100;
wall 0 600 100 100;
wall 1300 600 100 100;
wall 0 700 100 100;
wall 1300 700 100 100;
wall 0 800 100 100;
wall 1300 800 100 100;
wall 0 900 100 100;
flag 700 900;
wall 1300 900 100 100;
wall 0 1000 100 100;
stickyWall 400 1000 700 100;
wall 1300 1000 100 100;
wall 0 1100 100 100;
wall 1300 1100 100 100;
wall 0 1200 1400 100;
