8400 7800 1500 315
/
/
wall wall 0 0 2100 150;
wall wall 0 150 150 150;
gate 1650 150 150 150 1;
wall wall 1950 150 150 150;
wall wall 0 300 150 150;
gate 1650 300 150 150 1;
key 1800 300 2;
wall wall 1950 300 150 150;
wall wall 0 450 150 150;
wall wall 600 450 1500 150;
wall wall 0 600 150 150;
corner 150 600 150 150 225.0;
wall wall 1950 600 150 150;
wall wall 0 750 300 150;
corner 300 750 150 150 225.0;
wall wall 1950 750 150 150;
wall wall 0 900 1500 150;
wall wall 1950 900 150 150;
wall wall 0 1050 150 150;
corner 1800 1050 150 150 315.0;
wall wall 1950 1050 150 150;
wall wall 0 1200 150 150;
corner 1650 1200 150 150 315.0;
wall wall 1800 1200 300 150;
wall wall 0 1350 150 150;
wall wall 600 1350 1650 150;
wall wall 0 1500 150 150;
corner 150 1500 150 150 225.0;
gate 1800 1500 150 150 2;
gate 2100 1500 150 150 2;
wall wall 0 1650 300 150;
corner 300 1650 150 150 225.0;
key 1650 1650 1;
gate 1800 1650 150 150 2;
flag 1950 1650;
gate 2100 1650 150 150 2;
wall wall 0 1800 2400 150;