4 8.92361111111111 8.98611111111111 9.04861111111111 9.11111111111111 9.17361111111111 9.4375 9.680555555555555 9.784722222222221 9.86111111111111 10.243055555555555 11.069444444444445 11.868055555555555 11.881944444444445 12.097222222222221 12.13888888888889 12.465277777777779 13.340277777777779 15.152777777777779 19.604166666666668 19.79861111111111 25.493055555555557 
lol 5.5 5.902777777777778 6.0625 6.229166666666667 6.375 6.451388888888889 6.479166666666667 6.479166666666667 6.548611111111111 6.729166666666667 6.729166666666667 6.833333333333333 7.625 7.666666666666667 20.07638888888889 25.09027777777778 45.78472222222222 47.69444444444444
3 6.979166666666667 7.0 7.069444444444445 7.097222222222222 7.097222222222222 7.208333333333333 7.215277777777778 7.222222222222222 7.243055555555555 7.25 7.284722222222222 7.319444444444445 7.451388888888889 7.513888888888889 7.520833333333333 7.659722222222222 7.6875 7.715277777777778 7.756944444444445 7.847222222222222 7.902777777777778 7.909722222222222 7.9375 8.11111111111111 8.20138888888889 8.6875 8.715277777777779 8.833333333333334 9.0625 9.145833333333334 9.29861111111111 9.32638888888889 9.444444444444445 9.465277777777779 9.472222222222221 9.715277777777779 9.82638888888889 9.854166666666666 10.07638888888889 10.104166666666666 10.430555555555555 10.708333333333334 10.743055555555555 10.930555555555555 13.569444444444445 14.180555555555555 25.38888888888889 34.59722222222222 39.673611111111114 50.30555555555556 51.81944444444444 56.395833333333336 104.0625 
2 7.416666666666667 7.451388888888889 7.451388888888889 7.472222222222222 7.472222222222222 7.479166666666667 7.5 7.520833333333333 7.520833333333333 7.527777777777778 7.527777777777778 7.541666666666667 7.548611111111111 7.548611111111111 7.548611111111111 7.555555555555555 7.5625 7.569444444444445 7.569444444444445 7.576388888888889 7.583333333333333 7.590277777777778 7.590277777777778 7.597222222222222 7.618055555555555 7.618055555555555 7.618055555555555 7.631944444444445 7.638888888888889 7.638888888888889 7.652777777777778 7.652777777777778 7.652777777777778 7.666666666666667 7.666666666666667 7.715277777777778 7.715277777777778 7.722222222222222 7.722222222222222 7.729166666666667 7.736111111111111 7.743055555555555 7.777777777777778 7.784722222222222 7.798611111111111 7.805555555555555 7.826388888888889 7.826388888888889 7.847222222222222 7.861111111111111 7.909722222222222 7.9375 7.9375 7.958333333333333 7.958333333333333 7.958333333333333 7.979166666666667 8.034722222222221 8.041666666666666 8.055555555555555 8.069444444444445 8.097222222222221 8.17361111111111 8.1875 8.243055555555555 8.29861111111111 8.319444444444445 8.340277777777779 8.354166666666666 8.368055555555555 8.368055555555555 8.375 8.38888888888889 8.409722222222221 8.42361111111111 8.444444444444445 8.444444444444445 8.472222222222221 8.534722222222221 8.590277777777779 8.680555555555555 8.715277777777779 8.743055555555555 8.840277777777779 8.944444444444445 8.95138888888889 9.006944444444445 9.395833333333334 9.416666666666666 9.63888888888889 9.645833333333334 9.67361111111111 10.145833333333334 10.291666666666666 10.340277777777779 10.38888888888889 10.57638888888889 10.694444444444445 10.729166666666666 10.86111111111111 
5 15.4375 15.493055555555555 15.534722222222221 15.79861111111111 15.840277777777779 15.875 15.875 15.92361111111111 15.95138888888889 16.01388888888889 16.11111111111111 16.13888888888889 16.25 16.256944444444443 16.270833333333332 16.34027777777778 16.375 16.53472222222222 16.541666666666668 16.84722222222222 16.90972222222222 17.0 17.270833333333332 17.541666666666668 17.9375 18.868055555555557 19.520833333333332 25.11111111111111 32.02777777777778 34.763888888888886 
1 0.5694444444444444 0.7013888888888888 0.7083333333333334 0.7152777777777778 0.7222222222222222 0.7222222222222222 0.7291666666666666 0.7291666666666666 0.7291666666666666 0.7361111111111112 0.7361111111111112 0.7361111111111112 0.7361111111111112 0.7569444444444444 0.7569444444444444 0.7569444444444444 0.7569444444444444 0.7569444444444444 0.7638888888888888 0.7638888888888888 0.7638888888888888 0.7638888888888888 0.7708333333333334 0.7708333333333334 0.7708333333333334 0.7708333333333334 0.7708333333333334 0.7708333333333334 0.7777777777777778 0.7777777777777778 0.7777777777777778 0.7847222222222222 0.7916666666666666 0.7916666666666666 0.7916666666666666 0.7986111111111112 0.8055555555555556 0.8055555555555556 0.8055555555555556 0.8055555555555556 0.8055555555555556 0.8055555555555556 0.8055555555555556 0.8055555555555556 0.8055555555555556 0.8125 0.8125 0.8125 0.8125 0.8125 0.8125 0.8125 0.8194444444444444 0.8194444444444444 0.8194444444444444 0.8194444444444444 0.8194444444444444 0.8194444444444444 0.8194444444444444 0.8263888888888888 0.8263888888888888 0.8263888888888888 0.8333333333333334 0.8333333333333334 0.8333333333333334 0.8333333333333334 0.8333333333333334 0.8402777777777778 0.8402777777777778 0.8402777777777778 0.8402777777777778 0.8472222222222222 0.8472222222222222 0.8541666666666666 0.8541666666666666 0.8541666666666666 0.8541666666666666 0.8611111111111112 0.8680555555555556 0.8680555555555556 0.875 0.875 0.875 0.8819444444444444 0.8819444444444444 0.8888888888888888 0.8958333333333334 0.8958333333333334 0.8958333333333334 0.9027777777777778 0.9027777777777778 0.9027777777777778 0.9097222222222222 0.9097222222222222 0.9097222222222222 0.9097222222222222 0.9097222222222222 0.9166666666666666 0.9166666666666666 0.9236111111111112 
lol - Copy (2) 12.583333333333334
lol - Copy 3.0416666666666665
lol - Copy 5.9375
lol - Copy (2) 8.833333333333334
lol - Copy (2) 9.493055555555555
lol - Copy (2) 8.979166666666666
lol - Copy (2) 9.944444444444445
lol - Copy 3.0416666666666665
lol - Copy 3.0277777777777777