144 0 
0 0 
1050 1365 
1050 1365 
1050 1365 
1050 1366 
1050 1366 
1051 1367 
1051 1367 
1052 1368 
1052 1369 
1053 1370 
1054 1371 
1054 1372 
1055 1374 
1056 1375 
1057 1377 
1058 1378 
1059 1380 
1060 1382 
1061 1384 
1062 1386 
1064 1388 
1065 1390 
1066 1392 
1068 1394 
1069 1397 
1071 1399 
1072 1402 
1074 1405 
1076 1408 
1077 1411 
1079 1414 
1081 1417 
1083 1420 
1085 1423 
1087 1426 
1089 1430 
1091 1433 
1093 1437 
1096 1441 
1098 1444 
1100 1448 
1103 1449 
1105 1449 
1108 1449 
1111 1449 
1114 1449 
1117 1449 
1120 1449 
1124 1449 
1127 1449 
1130 1449 
1134 1449 
1138 1449 
1141 1449 
1145 1444 
1149 1438 
1153 1432 
1157 1427 
1161 1421 
1165 1416 
1169 1411 
1173 1406 
1177 1401 
1181 1397 
1186 1392 
1190 1388 
1194 1383 
1198 1379 
1203 1375 
1207 1371 
1212 1367 
1216 1364 
1221 1360 
1225 1356 
1230 1353 
1234 1350 
1239 1347 
1244 1344 
1248 1341 
1253 1338 
1258 1336 
1263 1333 
1267 1331 
1272 1328 
1277 1326 
1282 1324 
1287 1322 
1292 1320 
1297 1319 
1286 1313 
1275 1307 
1265 1301 
1254 1296 
1243 1291 
1233 1285 
1222 1280 
1212 1275 
1201 1270 
1191 1266 
1181 1261 
1171 1257 
1160 1252 
1150 1248 
1140 1244 
1130 1240 
1120 1236 
1109 1233 
1099 1229 
1089 1226 
1079 1222 
1068 1219 
1058 1216 
1048 1213 
1038 1210 
1028 1207 
1017 1205 
1007 1202 
997 1200 
987 1197 
977 1195 
966 1193 
956 1191 
946 1189 
936 1188 
926 1186 
916 1185 
906 1183 
901 1182 
912 1176 
923 1170 
934 1165 
945 1159 
956 1154 
967 1149 
978 1144 
989 1139 
1000 1134 
1011 1129 
1022 1125 
1033 1120 
1044 1116 
1055 1112 
1066 1107 
1077 1103 
1088 1100 
1099 1096 
1110 1092 
1121 1089 
1132 1086 
1143 1082 
1154 1079 
1165 1076 
1176 1073 
1187 1071 
1198 1068 
1209 1065 
1220 1063 
1231 1061 
1241 1059 
1252 1057 
1263 1055 
1274 1053 
1284 1051 
1295 1049 
1284 1044 
1273 1038 
1262 1032 
1251 1027 
1240 1021 
1229 1016 
1218 1011 
1207 1006 
1196 1001 
1185 997 
1174 992 
1163 988 
1153 983 
1142 979 
1131 975 
1120 971 
1109 967 
1098 963 
1087 960 
1076 956 
1066 953 
1055 950 
1044 947 
1033 944 
1022 941 
1011 938 
1000 935 
990 933 
979 931 
968 928 
958 926 
947 924 
937 922 
927 920 
917 918 
907 917 
901 915 
912 910 
923 904 
934 898 
945 893 
956 887 
967 882 
978 877 
989 872 
1000 867 
1011 863 
1022 858 
1033 854 
1044 849 
1055 845 
1066 841 
1077 837 
1088 833 
1099 829 
1110 826 
1121 822 
1132 819 
1143 816 
1154 813 
1165 810 
1176 807 
1187 804 
1198 801 
1209 799 
1220 797 
1231 794 
1242 792 
1252 790 
1263 788 
1274 786 
1285 784 
1296 783 
1299 781 
1299 780 
1288 774 
1278 768 
1267 763 
1256 757 
1246 752 
1236 747 
1225 742 
1215 737 
1205 732 
1195 727 
1185 723 
1175 718 
1166 714 
1156 710 
1146 706 
1136 702 
1126 698 
1116 694 
1106 690 
1096 687 
1086 684 
1076 680 
1066 677 
1056 674 
1046 671 
1036 669 
1026 666 
1017 664 
1007 661 
997 659 
987 657 
977 655 
967 653 
958 651 
948 649 
939 647 
929 646 
920 645 
911 643 
902 642 
913 636 
924 631 
935 625 
946 619 
957 614 
968 609 
980 604 
991 599 
1002 594 
1013 589 
1024 585 
1035 580 
1046 576 
1057 572 
1068 568 
1079 564 
1090 560 
1101 556 
1112 553 
1123 549 
1134 546 
1145 543 
1156 539 
1167 536 
1177 534 
1188 531 
1199 528 
1210 526 
1221 523 
1232 521 
1243 519 
1254 517 
1265 515 
1276 513 
1287 511 
1298 510 
1299 508 
1299 507 
1299 505 
1299 504 
1299 503 
1299 502 
1299 501 
1299 501 
1299 500 
1299 500 
1288 494 
1277 488 
1266 482 
1255 477 
1244 472 
1233 466 
1222 461 
1211 456 
1200 451 
1189 447 
1178 442 
1167 438 
1156 433 
1145 429 
1134 425 
1123 421 
1112 417 
1101 414 
1090 410 
1079 407 
1068 403 
1057 400 
1047 397 
1036 394 
1026 391 
1015 388 
1005 386 
995 383 
985 381 
975 378 
966 376 
956 374 
947 372 
937 370 
928 369 
919 367 
910 366 
901 364 
912 358 
924 353 
935 347 
946 341 
957 336 
968 331 
979 326 
990 321 
1001 316 
1012 311 
1023 307 
1034 302 
1045 298 
1056 294 
1067 290 
1078 286 
1089 282 
1100 278 
1111 275 
1122 271 
1133 268 
1144 265 
1155 261 
1166 258 
1177 256 
1188 253 
1199 250 
1210 248 
1221 245 
1231 243 
1242 241 
1253 239 
1264 237 
1275 235 
1286 233 
1297 232 
1308 230 
1319 229 
1329 227 
1340 226 
1351 225 
1362 224 
1373 223 
1384 223 
1395 222 
1405 222 
1416 221 
1427 221 
1438 221 
1449 221 
1460 221 
1470 221 
1481 221 
1492 221 
1503 222 
1514 222 
1524 223 
1535 223 
1546 224 
1557 225 
1567 226 
1578 227 
1589 229 
1600 230 
1610 231 
1621 233 
1632 234 
1643 236 
1653 238 
1664 240 
1675 242 
1686 244 
1696 246 
1707 240 
1717 234 
1727 229 
1738 223 
1748 218 
1758 213 
1769 208 
1779 203 
1789 198 
1800 193 
1810 189 
1820 184 
1831 180 
1841 176 
1851 172 
1862 168 
1872 164 
1882 160 
1893 156 
1903 153 
1913 150 
1924 146 
1934 143 
1944 140 
1955 147 
1965 148 
1975 148 
1985 148 
1996 148 
2006 149 
2016 150 
2027 150 
2037 151 
2047 152 
2058 153 
2068 154 
2078 155 
2088 157 
2099 158 
2109 160 
2119 161 
2130 163 
2140 165 
2150 167 
2160 169 
2171 171 
2181 173 
2191 175 
2202 177 
2212 180 
2222 182 
2232 185 
2242 188 
2252 191 
2262 194 
2272 198 
2282 201 
2292 205 
2301 209 
2310 213 
2320 217 
2329 222 
2338 227 
2347 232 
2356 237 
2364 242 
2373 247 
2381 253 
2389 259 
2398 265 
2406 271 
2414 277 
2422 284 
2429 291 
2437 297 
2444 305 
2452 312 
2459 319 
2466 327 
2473 334 
2480 342 
2487 350 
2494 359 
2500 367 
2507 376 
2513 384 
2520 393 
2526 402 
2532 412 
2538 421 
2544 431 
2550 440 
2556 450 
2561 460 
2567 471 
2572 481 
2577 491 
2583 502 
2588 513 
2593 524 
2598 535 
2602 546 
2607 549 
2611 549 
2615 549 
2618 549 
2620 549 
2623 549 
2624 549 
2626 549 
2626 549 
2627 549 
2627 549 
2627 549 
2627 549 
2626 549 
2625 549 
2624 549 
2622 549 
2621 549 
2619 549 
2617 549 
2615 549 
2612 549 
2610 549 
2607 549 
2604 549 
2601 549 
2598 549 
2595 549 
2592 549 
2589 549 
2585 549 
2582 549 
2578 549 
2574 549 
2571 549 
2567 549 
2563 549 
2559 549 
2555 549 
2551 549 
2547 549 
2542 549 
2538 549 
2534 549 
2530 549 
2525 549 
2521 549 
2517 549 
2512 549 
2508 549 
2503 549 
2499 549 
2494 549 
2490 549 
2485 549 
2481 549 
2476 549 
2471 549 
2467 549 
2462 549 
2458 549 
2453 549 
2448 544 
2443 538 
2439 532 
2434 527 
2429 521 
2424 516 
2419 511 
2414 506 
2410 501 
2405 497 
2400 492 
2394 488 
2389 483 
2384 479 
2379 475 
2374 471 
2369 467 
2364 463 
2358 460 
2353 456 
2348 453 
2342 450 
2337 447 
2332 444 
2326 441 
2321 448 
2315 448 
2310 448 
2304 449 
2298 449 
2293 450 
2287 450 
2281 451 
2276 452 
2270 453 
2264 454 
2259 455 
2253 456 
2247 457 
2241 459 
2235 460 
2229 462 
2223 464 
2217 465 
2211 467 
2205 469 
2199 471 
2193 473 
2187 476 
2181 478 
2175 481 
2169 483 
2162 486 
2156 488 
2150 491 
2144 494 
2137 497 
2131 500 
2125 503 
2118 507 
2112 510 
2106 513 
2099 517 
2093 521 
2086 524 
2080 528 
2073 532 
2067 536 
2060 540 
2053 544 
2047 548 
2040 542 
2034 537 
2027 531 
2021 526 
2014 520 
2007 515 
2001 510 
1994 505 
1987 500 
1981 495 
1974 491 
1967 486 
1961 482 
1954 478 
1947 474 
1940 470 
1933 466 
1926 462 
1919 459 
1913 455 
1906 452 
1899 449 
1892 446 
1885 443 
1878 440 
1871 447 
1864 447 
1857 447 
1849 448 
1842 448 
1835 448 
1828 449 
1821 450 
1814 451 
1807 452 
1799 453 
1792 454 
1785 455 
1778 456 
1770 458 
1763 459 
1756 461 
1748 462 
1741 464 
1734 466 
1726 468 
1719 470 
1711 472 
1704 475 
1696 477 
1689 480 
1682 483 
1674 486 
1666 489 
1659 493 
1651 497 
1644 501 
1636 505 
1629 509 
1621 513 
1613 518 
1606 523 
1598 528 
1590 533 
1583 539 
1575 544 
1568 550 
1560 556 
1553 562 
1545 568 
1538 575 
1531 581 
1524 588 
1517 595 
1510 602 
1503 610 
1501 617 
1501 625 
1501 633 
1501 641 
1501 649 
1501 657 
1501 666 
1501 674 
1501 683 
1501 692 
1501 702 
1501 711 
1501 720 
1501 730 
1501 740 
1502 750 
1502 760 
1502 770 
1502 781 
1502 791 
1502 802 
1502 812 
1503 823 
1503 833 
1503 844 
1503 855 
1503 866 
1504 876 
1504 887 
1504 898 
1504 909 
1505 920 
1505 931 
1505 943 
1505 954 
1506 965 
1506 976 
1506 988 
1507 999 
1507 1011 
1508 1022 
1509 1034 
1509 1045 
1510 1057 
1511 1069 
1512 1080 
1513 1092 
1514 1104 
1515 1116 
1516 1128 
1517 1140 
1518 1149 
1520 1149 
1521 1149 
1523 1149 
1525 1149 
1527 1149 
1530 1149 
1532 1149 
1535 1149 
1538 1149 
1541 1149 
1544 1149 
1547 1149 
1550 1149 
1554 1149 
1557 1149 
1561 1149 
1564 1149 
1568 1149 
1572 1149 
1576 1149 
1579 1149 
1583 1149 
1587 1149 
1592 1149 
1596 1149 
1600 1149 
1604 1149 
1608 1149 
1613 1149 
1617 1149 
1621 1149 
1626 1149 
1630 1149 
1635 1149 
1639 1149 
1644 1149 
1648 1149 
1653 1149 
1657 1149 
1662 1149 
1666 1149 
1671 1149 
1676 1149 
1680 1149 
1685 1149 
1690 1149 
1694 1149 
1699 1149 
1704 1149 
1708 1149 
1713 1144 
1718 1138 
1723 1132 
1727 1127 
1732 1121 
1737 1116 
1742 1111 
1747 1106 
1752 1101 
1757 1097 
1762 1092 
1767 1088 
1772 1083 
1777 1079 
1783 1075 
1788 1071 
1793 1067 
1798 1063 
1804 1060 
1809 1056 
1814 1053 
1820 1050 
1825 1047 
1831 1044 
1836 1041 
1842 1038 
1847 1035 
1853 1033 
1858 1031 
1864 1028 
1870 1026 
1875 1024 
1881 1022 
1887 1020 
1892 1019 
1898 1017 
1887 1011 
1876 1005 
1865 1000 
1854 994 
1844 989 
1833 984 
1822 979 
1812 974 
1801 969 
1801 964 
1801 960 
1801 955 
1801 951 
1801 947 
1801 942 
1801 939 
1801 935 
1801 931 
1801 927 
1801 924 
1801 921 
1812 915 
1823 909 
1833 903 
1844 898 
1855 893 
1866 887 
1877 882 
1888 877 
1899 872 
1910 849 
1921 849 
1931 849 
1941 849 
1950 849 
1960 849 
1969 849 
1977 849 
1986 849 
1994 844 
2003 838 
2011 832 
2019 827 
2028 821 
2036 816 
2044 811 
2053 806 
2061 801 
2069 797 
2078 792 
2086 788 
2095 783 
2103 779 
2112 776 
2120 772 
2129 769 
2137 766 
2145 763 
2154 760 
2163 758 
2171 756 
2180 754 
2188 752 
2197 750 
2205 749 
2214 748 
2222 747 
2231 746 
2240 746 
2248 745 
2257 745 
2265 745 
2274 746 
2283 746 
2291 747 
2300 748 
2309 749 
2317 750 
2326 752 
2334 754 
2343 756 
2351 758 
2360 760 
2368 763 
2376 765 
2385 768 
2393 771 
2401 775 
2409 778 
2417 782 
2425 786 
2433 790 
2441 794 
2448 799 
2456 803 
2463 808 
2470 813 
2477 818 
2484 824 
2491 829 
2498 835 
2505 841 
2512 847 
2518 853 
2524 860 
2531 866 
2537 873 
2543 880 
2549 887 
2555 895 
2561 902 
2566 910 
2572 918 
2577 926 
2583 934 
2588 942 
2593 951 
2598 959 
2603 968 
2608 977 
2613 986 
2618 996 
2622 1005 
2627 1014 
2631 1024 
2635 1033 
2640 1043 
2644 1052 
2648 1062 
2649 1072 
2649 1081 
2649 1091 
2649 1101 
2649 1111 
2649 1121 
2649 1131 
2649 1141 
2649 1151 
2649 1161 
2649 1172 
2638 1166 
2627 1160 
2616 1154 
2605 1149 
2594 1144 
2583 1138 
2571 1133 
2560 1128 
2549 1124 
2538 1119 
2527 1114 
2516 1110 
2505 1106 
2494 1101 
2483 1097 
2472 1093 
2461 1089 
2450 1086 
2439 1082 
2428 1079 
2417 1075 
2406 1072 
2395 1069 
2384 1066 
2374 1063 
2363 1060 
2352 1058 
2341 1055 
2330 1053 
2319 1051 
2308 1048 
2297 1046 
2286 1044 
2275 1043 
2264 1041 
2253 1049 
2243 1049 
2232 1049 
2221 1050 
2210 1050 
2199 1051 
2188 1052 
2177 1053 
2167 1054 
2156 1056 
2145 1058 
2134 1060 
2123 1062 
2112 1064 
2102 1067 
2101 1069 
2101 1072 
2101 1075 
2101 1079 
2101 1082 
2101 1086 
2101 1090 
2101 1094 
2101 1098 
2101 1102 
2101 1107 
2101 1112 
2101 1117 
2101 1122 
2101 1127 
2101 1133 
2101 1139 
2101 1144 
2101 1150 
2101 1157 
2101 1163 
2101 1170 
2101 1177 
2101 1184 
2101 1191 
2101 1198 
2101 1205 
2101 1213 
2101 1221 
2101 1229 
2101 1237 
2101 1245 
2101 1254 
2101 1263 
2101 1271 
2101 1280 
2101 1289 
2101 1299 
2101 1308 
2101 1318 
2101 1328 
2101 1338 
2100 1348 
2100 1358 
2100 1369 
2100 1379 
2099 1390 
2099 1401 
2098 1412 
2098 1422 
2097 1433 
2097 1444 
2096 1449 
2095 1449 
2094 1449 
2092 1449 
2090 1449 
2089 1449 
2087 1449 
2084 1449 
2082 1449 
2079 1449 
2077 1449 
2074 1449 
2071 1449 
2068 1449 
2065 1449 
2061 1449 
2058 1449 
2055 1449 
2051 1444 
2047 1438 
2044 1432 
2040 1427 
2036 1421 
2033 1416 
2029 1411 
2025 1406 
2021 1401 
2017 1397 
2013 1392 
2009 1388 
2005 1383 
2001 1379 
1997 1375 
1993 1371 
1989 1367 
1984 1363 
1980 1360 
1976 1356 
1972 1353 
1967 1350 
1963 1347 
1958 1344 
1954 1341 
1949 1348 
1945 1348 
1940 1348 
1936 1349 
1931 1349 
1926 1350 
1922 1350 
1917 1351 
1912 1352 
1907 1353 
1902 1354 
1897 1355 
1893 1356 
1888 1357 
1883 1359 
1878 1360 
1873 1362 
