144 0 
0 0 
101 315 
101 315 
101 315 
101 316 
101 316 
101 317 
101 317 
101 318 
101 319 
101 320 
101 321 
101 322 
101 324 
101 325 
101 327 
102 328 
102 330 
102 332 
102 334 
102 336 
102 338 
102 340 
103 342 
103 344 
103 347 
103 349 
104 349 
105 349 
106 349 
107 349 
109 349 
111 349 
112 349 
115 349 
117 349 
119 349 
122 349 
125 349 
127 349 
130 349 
134 349 
137 349 
140 349 
143 349 
147 349 
151 349 
154 349 
158 349 
162 349 
166 349 
169 349 
173 349 
178 349 
182 349 
186 349 
190 349 
194 349 
198 349 
203 349 
207 349 
211 349 
216 349 
220 349 
225 349 
229 349 
234 349 
238 349 
243 349 
247 349 
252 349 
257 349 
261 349 
266 349 
270 349 
275 349 
280 349 
284 349 
289 350 
294 350 
299 351 
303 352 
308 353 
313 354 
318 355 
323 357 
328 359 
333 361 
338 363 
343 364 
348 364 
353 364 
358 364 
363 364 
368 364 
373 364 
378 364 
383 364 
387 364 
392 364 
397 364 
402 364 
407 364 
412 364 
417 364 
422 364 
427 364 
432 364 
437 364 
441 364 
446 364 
451 364 
456 364 
461 364 
466 364 
471 364 
476 364 
481 364 
485 364 
490 364 
495 364 
500 364 
505 364 
510 364 
515 364 
520 349 
524 349 
529 349 
534 349 
539 349 
544 349 
549 349 
554 349 
559 349 
563 344 
568 338 
573 332 
578 327 
583 321 
588 316 
593 311 
598 306 
604 301 
609 297 
614 292 
619 288 
624 283 
630 279 
635 275 
640 271 
646 267 
651 264 
657 260 
662 256 
667 253 
673 250 
679 247 
684 244 
690 241 
695 238 
701 236 
707 233 
712 231 
718 228 
724 226 
730 224 
736 222 
741 220 
747 219 
753 217 
759 215 
765 214 
771 213 
777 212 
783 212 
789 211 
795 211 
801 211 
808 211 
814 211 
820 212 
826 213 
832 214 
839 215 
845 217 
849 218 
849 220 
849 222 
849 224 
849 227 
849 229 
849 232 
849 235 
849 238 
839 232 
828 227 
817 222 
806 216 
796 212 
786 207 
775 203 
765 199 
756 195 
746 191 
736 187 
726 184 
717 181 
708 178 
701 176 
701 174 
701 171 
701 169 
701 168 
701 166 
712 160 
723 155 
734 150 
745 145 
756 140 
767 135 
778 131 
789 127 
800 123 
811 119 
822 116 
833 112 
844 109 
855 107 
866 104 
877 112 
888 112 
899 112 
910 113 
921 114 
932 115 
943 116 
954 117 
965 114 
976 109 
986 113 
997 113 
1006 114 
1016 114 
1025 114 
1034 114 
1043 114 
1052 114 
1060 114 
1068 114 
1076 114 
1083 114 
1091 115 
1099 115 
1106 116 
1114 116 
1121 118 
1129 119 
1136 120 
1144 122 
1152 124 
1159 126 
1167 128 
1175 130 
1182 133 
1190 136 
1198 139 
1206 142 
1213 145 
1221 149 
1229 153 
1237 157 
1245 161 
1252 165 
1260 170 
1268 174 
1276 179 
1284 184 
1292 189 
1300 194 
1308 200 
1315 205 
1323 210 
1331 216 
1339 221 
1347 227 
1355 233 
1363 238 
1371 244 
1380 250 
1388 256 
1396 262 
1404 268 
1412 274 
1420 281 
1428 287 
1436 294 
1444 300 
1453 307 
1461 313 
1469 320 
1477 327 
1485 334 
1493 341 
1502 348 
1510 342 
1518 336 
1526 330 
1534 325 
1542 320 
1550 314 
1558 309 
1566 304 
1574 299 
1583 295 
1591 290 
1599 286 
1607 281 
1615 277 
1623 273 
1632 269 
1640 265 
1648 262 
1656 258 
1665 255 
1673 251 
1681 248 
1689 245 
1698 242 
1706 239 
1714 236 
1723 234 
1731 231 
1739 229 
1748 226 
1756 224 
1764 222 
1773 220 
1781 218 
1790 217 
1798 215 
1807 214 
1815 213 
1823 212 
1832 211 
1840 211 
1849 211 
1857 211 
1865 211 
1873 211 
1881 212 
1889 212 
1896 213 
1904 215 
1911 216 
1919 218 
1926 220 
1933 222 
1940 224 
1947 226 
1954 229 
1960 231 
1967 234 
1973 238 
1980 241 
1986 245 
1992 248 
1998 252 
2004 256 
2010 261 
2016 265 
2022 270 
2027 275 
2033 280 
2038 285 
2043 290 
2048 296 
2053 302 
2058 308 
2063 314 
2068 320 
2073 327 
2077 333 
2082 340 
2086 347 
2091 355 
2095 362 
2099 369 
2103 377 
2107 385 
2111 393 
2114 401 
2118 410 
2122 418 
2125 427 
2128 436 
2132 445 
2135 454 
2138 463 
2141 473 
2144 483 
2147 493 
2150 503 
2152 513 
2155 523 
2158 534 
2160 544 
2162 555 
2165 566 
2167 577 
2169 588 
2171 600 
2173 611 
2175 623 
2177 635 
2173 641 
2164 650 
2155 659 
2146 668 
2137 676 
2128 685 
2119 695 
2110 704 
2101 713 
2091 722 
2082 732 
2072 742 
2063 751 
2053 761 
2043 771 
2033 780 
2023 790 
2013 800 
2003 811 
1993 821 
1983 831 
1973 841 
1962 852 
1952 862 
1941 873 
1930 884 
1920 894 
1909 905 
1898 916 
1887 927 
1876 938 
1865 949 
1854 960 
1842 972 
1831 983 
1820 994 
1808 1006 
1797 1017 
1785 1029 
1773 1041 
1762 1052 
1750 1064 
1738 1076 
1719 1080 
1707 1092 
1696 1086 
1685 1080 
1674 1075 
1663 1069 
1652 1064 
1641 1059 
1629 1054 
1618 1049 
1607 1044 
1596 1039 
1585 1034 
1574 1030 
1563 1026 
1552 1021 
1541 1017 
1530 1013 
1519 1010 
1508 1006 
1497 1002 
1486 999 
1475 995 
1464 992 
1453 989 
1442 986 
1431 983 
1420 981 
1409 978 
1398 975 
1387 973 
1376 971 
1366 969 
1355 966 
1344 965 
1333 963 
1322 961 
1311 959 
1300 958 
1289 956 
1278 955 
1267 954 
1257 953 
1246 952 
1235 951 
1224 950 
1213 950 
1202 949 
1191 949 
1181 949 
1170 948 
1159 948 
1148 948 
1137 948 
1126 949 
1116 949 
1105 949 
1094 950 
1083 950 
1072 951 
1062 952 
1051 953 
1040 954 
1029 955 
1019 956 
1008 958 
997 959 
986 960 
975 962 
965 964 
954 966 
943 967 
933 969 
922 972 
911 974 
900 976 
890 978 
879 981 
868 983 
858 986 
847 989 
836 992 
825 994 
815 997 
804 1001 
793 1004 
783 1007 
772 1010 
761 1014 
751 1017 
740 1021 
729 1025 
719 1028 
708 1032 
697 1036 
687 1040 
676 1044 
665 1049 
655 1053 
644 1057 
634 1062 
623 1066 
612 1071 
602 1076 
591 1080 
581 1085 
570 1090 
559 1095 
549 1100 
538 1105 
528 1111 
517 1116 
506 1122 
496 1127 
485 1133 
475 1138 
464 1144 
453 1150 
443 1156 
432 1162 
422 1168 
411 1174 
401 1180 
390 1186 
380 1192 
369 1199 
359 1205 
348 1212 
337 1219 
327 1225 
316 1232 
306 1239 
296 1246 
286 1240 
277 1234 
268 1229 
259 1223 
250 1218 
242 1212 
233 1207 
225 1202 
216 1198 
208 1193 
200 1188 
192 1184 
184 1180 
176 1175 
168 1171 
161 1167 
153 1163 
146 1160 
139 1156 
132 1153 
125 1149 
118 1146 
111 1143 
104 1140 
98 1137 
91 1134 
85 1132 
79 1129 
72 1127 
66 1125 
60 1122 
55 1120 
49 1118 
43 1117 
38 1115 
32 1113 
27 1112 
22 1110 
16 1109 
11 1108 
6 1107 
1 1106 
-2 1105 
-7 1104 
-12 1104 
-16 1103 
-21 1103 
-25 1102 
-29 1102 
-33 1102 
-37 1103 
-41 1103 
-45 1104 
-49 1105 
-53 1106 
-56 1107 
-60 1109 
-63 1111 
-66 1113 
-70 1115 
-73 1117 
-76 1120 
-79 1122 
-82 1125 
-85 1128 
-88 1132 
-90 1135 
-93 1139 
-95 1143 
-98 1147 
-100 1151 
-102 1155 
-105 1160 
-107 1165 
-109 1170 
-111 1175 
-113 1180 
-114 1186 
-116 1192 
-118 1198 
-119 1204 
-121 1210 
-122 1216 
-124 1223 
-125 1230 
-126 1237 
-127 1244 
-129 1251 
-130 1259 
-131 1266 
-131 1274 
-132 1282 
-133 1290 
-134 1299 
-134 1307 
-135 1316 
-135 1324 
-136 1333 
-136 1343 
-136 1352 
-136 1361 
-137 1371 
-137 1381 
-137 1391 
-137 1401 
-136 1411 
-136 1422 
-136 1432 
-136 1443 
-135 1454 
-135 1465 
-134 1476 
-134 1488 
-133 1499 
-133 1511 
-132 1523 
-131 1535 
-130 1547 
-129 1559 
-128 1572 
-127 1584 
-126 1597 
-125 1610 
-124 1623 
-123 1636 
-121 1649 
-120 1663 
-119 1676 
-117 1690 
-116 1704 
-114 1718 
-112 1732 
-111 1746 
-109 1761 
-107 1775 
-105 1790 
-103 1805 
-101 1820 
-99 1835 
-97 1850 
-95 1866 
-93 1881 
-91 1897 
-89 1912 
-86 1928 
-84 1944 
-82 1961 
-79 1977 
-77 1993 
-74 2010 
-71 2026 
-69 2042 
-66 2059 
-63 2075 
-61 2092 
-58 2108 
-55 2125 
-52 2141 
-49 2158 
-46 2175 
-43 2191 
-40 2208 
-37 2224 
-33 2241 
-30 2258 
-27 2275 
-24 2291 
-20 2308 
-17 2325 
-13 2342 
-10 2349 
-6 2349 
-3 2349 
0 2349 
4 2349 
8 2349 
12 2349 
16 2349 
20 2349 
24 2349 
28 2349 
32 2349 
36 2349 
41 2349 
45 2349 
49 2349 
54 2349 
58 2349 
62 2349 
67 2349 
71 2349 
76 2349 
80 2349 
85 2349 
89 2349 
94 2349 
99 2349 
103 2349 
108 2349 
113 2349 
117 2349 
122 2350 
127 2350 
131 2351 
136 2351 
141 2353 
146 2354 
151 2355 
156 2357 
160 2359 
165 2361 
170 2363 
175 2349 
180 2349 
185 2349 
190 2349 
195 2349 
200 2349 
205 2349 
210 2349 
215 2349 
220 2349 
225 2349 
230 2349 
235 2349 
239 2349 
244 2349 
249 2349 
254 2349 
259 2349 
264 2349 
269 2349 
274 2349 
279 2349 
283 2349 
288 2349 
293 2349 
298 2349 
303 2349 
308 2349 
313 2349 
318 2349 
323 2349 
327 2349 
332 2349 
337 2349 
342 2344 
347 2338 
352 2332 
357 2327 
362 2321 
367 2316 
372 2311 
377 2306 
382 2301 
387 2297 
393 2292 
401 2288 
401 2283 
401 2279 
401 2275 
401 2271 
401 2267 
401 2263 
401 2260 
401 2256 
401 2253 
401 2250 
401 2247 
401 2244 
412 2238 
423 2232 
433 2227 
444 2221 
449 2216 
449 2211 
449 2205 
449 2200 
449 2196 
449 2191 
449 2186 
449 2182 
449 2178 
438 2172 
427 2166 
417 2160 
406 2155 
401 2150 
401 2144 
401 2139 
401 2134 
401 2129 
401 2125 
401 2120 
401 2116 
412 2110 
423 2104 
433 2099 
444 2093 
449 2088 
449 2082 
449 2077 
449 2072 
449 2068 
449 2063 
438 2057 
427 2051 
417 2046 
406 2040 
401 2035 
401 2030 
401 2025 
401 2020 
401 2015 
401 2010 
401 2006 
412 2000 
423 1994 
433 1988 
444 1983 
449 1977 
449 1972 
449 1967 
449 1962 
449 1957 
449 1953 
449 1948 
449 1944 
438 1938 
427 1932 
417 1926 
406 1921 
401 1916 
401 1910 
401 1905 
401 1900 
412 1895 
423 1889 
433 1883 
444 1878 
449 1872 
449 1867 
449 1862 
449 1857 
449 1852 
449 1848 
449 1843 
449 1839 
449 1834 
449 1830 
449 1826 
449 1822 
449 1818 
449 1814 
449 1811 
449 1807 
438 1802 
427 1796 
417 1790 
406 1785 
401 1779 
401 1774 
401 1769 
401 1764 
401 1759 
401 1755 
401 1750 
412 1744 
423 1738 
433 1733 
444 1727 
449 1722 
449 1717 
449 1712 
449 1707 
449 1702 
449 1697 
449 1693 
449 1688 
438 1682 
427 1677 
417 1671 
406 1665 
401 1660 
401 1655 
401 1650 
401 1645 
401 1640 
412 1634 
423 1628 
433 1623 
444 1617 
449 1612 
449 1607 
449 1602 
449 1597 
449 1592 
449 1587 
449 1583 
449 1578 
449 1574 
438 1568 
427 1562 
417 1557 
406 1551 
395 1546 
384 1541 
373 1536 
363 1531 
352 1526 
341 1521 
330 1516 
319 1512 
309 1508 
298 1503 
287 1499 
276 1495 
266 1492 
