144 0 
0 0 
1500 315 
1500 315 
1500 315 
1500 316 
1500 316 
1501 317 
1501 317 
1502 318 
1502 319 
1503 320 
1504 321 
1504 322 
1505 324 
1506 325 
1507 327 
1508 328 
1509 330 
1510 332 
1511 334 
1512 336 
1514 338 
1515 340 
1516 342 
1518 344 
1519 347 
1521 349 
1522 352 
1524 355 
1526 358 
1527 361 
1529 364 
1531 367 
1533 370 
1535 373 
1537 376 
1539 380 
1541 383 
1543 387 
1546 391 
1548 394 
1550 398 
1553 399 
1555 399 
1558 399 
1561 399 
1564 399 
1567 394 
1570 388 
1573 382 
1577 377 
1580 371 
1583 366 
1587 361 
1590 356 
1593 351 
1597 347 
1599 342 
1599 338 
1599 333 
1599 329 
1599 325 
1599 321 
1599 317 
1599 314 
1599 310 
1588 304 
1577 298 
1566 293 
1555 287 
1544 282 
1533 277 
1522 272 
1511 267 
1500 262 
1489 257 
1478 253 
1467 248 
1456 244 
1445 240 
1434 235 
1423 232 
1412 228 
1401 224 
1390 220 
1379 217 
1368 214 
1357 210 
1346 207 
1335 204 
1324 201 
1313 199 
1302 196 
1291 193 
1280 191 
1269 189 
1258 187 
1247 185 
1236 183 
1226 181 
1215 179 
1204 177 
1193 176 
1182 175 
1171 173 
1160 172 
1149 171 
1139 170 
1128 169 
1117 168 
1106 168 
1095 167 
1084 167 
1073 167 
1063 166 
1052 166 
1041 166 
1030 166 
1019 167 
1009 167 
998 167 
987 168 
976 169 
965 169 
955 170 
944 171 
933 172 
922 173 
912 174 
901 176 
890 177 
879 179 
869 180 
858 182 
847 184 
836 186 
826 188 
815 191 
804 193 
794 196 
783 199 
772 203 
761 206 
751 210 
740 214 
729 218 
719 222 
708 226 
698 231 
687 236 
677 240 
667 246 
656 251 
646 256 
636 262 
626 268 
616 274 
606 280 
596 287 
587 293 
577 300 
567 307 
558 314 
548 321 
539 329 
530 336 
521 344 
512 352 
503 360 
494 369 
485 377 
477 386 
469 395 
460 403 
452 413 
444 422 
436 431 
428 441 
421 451 
413 461 
406 471 
398 481 
391 491 
384 502 
377 513 
370 524 
363 535 
357 546 
350 557 
343 569 
337 580 
331 592 
325 604 
319 616 
313 629 
307 641 
301 653 
295 666 
290 679 
284 692 
285 699 
295 710 
305 720 
315 730 
325 740 
336 751 
346 761 
357 755 
367 750 
377 744 
387 739 
397 733 
407 728 
417 723 
428 718 
438 713 
448 709 
458 704 
468 699 
478 695 
489 691 
499 687 
509 683 
519 679 
529 675 
539 672 
549 668 
560 665 
570 662 
580 659 
590 656 
600 653 
610 650 
620 647 
631 645 
641 642 
651 640 
661 638 
671 636 
681 634 
691 632 
702 630 
712 629 
722 627 
732 626 
742 625 
752 623 
762 622 
773 621 
783 621 
793 620 
803 619 
813 619 
823 618 
833 618 
843 618 
854 618 
864 618 
874 618 
884 618 
894 618 
904 619 
914 619 
925 620 
935 621 
945 621 
955 622 
965 623 
975 625 
985 626 
995 627 
1006 628 
1016 630 
1026 632 
1036 633 
1046 635 
1056 637 
1066 639 
1076 641 
1087 643 
1097 645 
1107 648 
1117 650 
1127 653 
1137 655 
1147 658 
1157 661 
1167 664 
1178 667 
1188 670 
1198 673 
1208 676 
1218 680 
1228 683 
1238 687 
1248 690 
1259 694 
1269 698 
1279 702 
1289 706 
1299 710 
1309 714 
1319 718 
1329 722 
1339 727 
1350 731 
1360 736 
1370 740 
1380 745 
1390 750 
1400 755 
1410 760 
1420 765 
1430 770 
1441 775 
1451 781 
1461 787 
1471 793 
1481 799 
1491 805 
1501 811 
1511 818 
1521 825 
1531 832 
1541 839 
1551 846 
1561 854 
1571 862 
1580 869 
1590 877 
1599 886 
1609 894 
1618 903 
1628 911 
1637 920 
1646 929 
1655 938 
1664 948 
1672 957 
1681 967 
1689 977 
1698 987 
1706 997 
1714 1007 
1722 1018 
1730 1028 
1738 1039 
1745 1050 
1753 1061 
1760 1072 
1768 1084 
1775 1095 
1782 1107 
1789 1119 
1789 1124 
1780 1134 
1770 1144 
1760 1154 
1750 1164 
1739 1175 
1729 1185 
1719 1195 
1708 1206 
1698 1216 
1687 1227 
1677 1221 
1667 1215 
1657 1210 
1646 1204 
1636 1199 
1626 1193 
1616 1188 
1605 1183 
1595 1179 
1585 1174 
1575 1169 
1565 1165 
1554 1161 
1544 1156 
1534 1152 
1524 1148 
1514 1144 
1503 1141 
1493 1137 
1483 1134 
1473 1130 
1462 1127 
1452 1124 
1442 1121 
1432 1118 
1422 1115 
1411 1113 
1401 1110 
1391 1108 
1381 1106 
1371 1103 
1360 1101 
1350 1099 
1340 1098 
1330 1096 
1320 1094 
1310 1093 
1299 1091 
1289 1090 
1279 1089 
1269 1088 
1259 1087 
1248 1086 
1238 1085 
1228 1085 
1218 1084 
1208 1084 
1197 1083 
1187 1083 
1177 1083 
1167 1083 
1157 1083 
1147 1083 
1136 1084 
1126 1084 
1116 1085 
1106 1085 
1096 1086 
1085 1087 
1075 1088 
1065 1089 
1055 1090 
1045 1091 
1035 1092 
1024 1094 
1014 1095 
1004 1097 
994 1099 
984 1100 
974 1102 
963 1104 
953 1106 
943 1109 
933 1111 
923 1113 
913 1116 
902 1118 
892 1121 
882 1124 
872 1126 
862 1129 
852 1132 
841 1135 
831 1139 
821 1142 
811 1145 
801 1149 
791 1152 
781 1156 
770 1160 
760 1164 
750 1169 
740 1173 
730 1178 
720 1183 
710 1188 
700 1193 
690 1199 
680 1205 
670 1210 
660 1216 
651 1223 
641 1229 
632 1236 
622 1242 
613 1249 
603 1256 
594 1264 
585 1271 
576 1279 
567 1286 
558 1294 
549 1302 
540 1311 
531 1319 
523 1328 
514 1337 
506 1346 
498 1355 
490 1364 
482 1373 
474 1383 
466 1393 
458 1403 
451 1413 
443 1423 
436 1433 
429 1444 
422 1455 
415 1465 
408 1477 
401 1488 
394 1499 
388 1511 
381 1522 
375 1534 
369 1546 
363 1558 
357 1570 
351 1583 
345 1595 
339 1608 
333 1621 
328 1634 
327 1642 
337 1652 
347 1662 
358 1673 
368 1683 
379 1693 
396 1696 
406 1706 
416 1701 
426 1695 
436 1689 
446 1684 
456 1678 
465 1673 
475 1668 
485 1663 
495 1658 
505 1654 
515 1649 
524 1645 
534 1640 
544 1636 
554 1632 
564 1628 
574 1624 
584 1620 
593 1617 
603 1613 
613 1610 
623 1607 
633 1604 
643 1601 
653 1598 
662 1595 
672 1592 
682 1590 
692 1588 
702 1585 
712 1583 
722 1581 
731 1579 
741 1577 
751 1576 
761 1574 
771 1572 
781 1571 
791 1570 
801 1569 
810 1567 
820 1567 
830 1566 
840 1565 
850 1564 
860 1564 
870 1563 
880 1563 
890 1563 
899 1563 
909 1563 
919 1563 
929 1563 
939 1563 
949 1564 
959 1564 
969 1565 
979 1566 
988 1567 
998 1567 
1008 1568 
1018 1570 
1028 1571 
1038 1572 
1048 1574 
1058 1575 
1068 1577 
1078 1578 
1088 1580 
1097 1582 
1107 1584 
1117 1586 
1127 1588 
1137 1591 
1147 1593 
1157 1595 
1167 1598 
1177 1601 
1187 1603 
1197 1606 
1206 1609 
1216 1612 
1226 1615 
1236 1618 
1246 1622 
1256 1625 
1266 1628 
1276 1632 
1286 1635 
1296 1639 
1306 1643 
1316 1647 
1326 1651 
1336 1655 
1345 1659 
1355 1663 
1365 1667 
1375 1672 
1385 1676 
1395 1681 
1405 1685 
1415 1690 
1425 1695 
1435 1700 
1445 1705 
1455 1710 
1465 1715 
1475 1720 
1485 1725 
1495 1731 
1504 1736 
1514 1742 
1524 1747 
1534 1741 
1544 1736 
1553 1730 
1563 1724 
1573 1719 
1582 1714 
1592 1709 
1602 1704 
1611 1699 
1621 1694 
1630 1690 
1640 1685 
1650 1681 
1659 1677 
1669 1673 
1679 1669 
1688 1665 
1698 1661 
1708 1658 
1717 1654 
1727 1651 
1736 1648 
1746 1644 
1735 1639 
1724 1633 
1713 1627 
1702 1622 
1691 1616 
1680 1611 
1669 1606 
1658 1601 
1648 1596 
1637 1592 
1626 1587 
1615 1583 
1604 1578 
1593 1574 
1582 1570 
1572 1566 
1561 1562 
1550 1558 
1539 1555 
1528 1551 
1518 1548 
1507 1545 
1496 1542 
1485 1539 
1474 1536 
1464 1533 
1453 1530 
1442 1528 
1432 1526 
1421 1523 
1410 1521 
1400 1519 
1390 1517 
1380 1515 
1370 1514 
1360 1512 
1350 1510 
1341 1509 
1331 1508 
1322 1507 
1312 1506 
1303 1505 
1294 1504 
1286 1503 
1277 1502 
1268 1502 
1260 1501 
1251 1501 
1243 1501 
1235 1501 
1227 1501 
1219 1501 
1211 1501 
1203 1501 
1196 1502 
1188 1502 
1181 1503 
1174 1504 
1166 1505 
1159 1505 
1152 1507 
1145 1508 
1139 1509 
1132 1510 
1125 1512 
1118 1513 
1111 1515 
1105 1516 
1098 1518 
1091 1520 
1084 1522 
1077 1524 
1070 1526 
1063 1529 
1056 1531 
1049 1533 
1042 1536 
1035 1539 
1028 1541 
1021 1544 
1014 1547 
1007 1550 
1000 1553 
993 1556 
986 1560 
978 1563 
971 1566 
964 1570 
957 1573 
950 1577 
942 1581 
935 1585 
928 1589 
920 1593 
913 1597 
906 1601 
898 1605 
891 1610 
884 1614 
876 1619 
869 1623 
861 1628 
854 1633 
846 1638 
839 1643 
831 1648 
824 1653 
816 1658 
809 1663 
801 1669 
794 1674 
786 1680 
778 1685 
771 1691 
763 1697 
755 1702 
748 1708 
740 1714 
732 1720 
725 1726 
717 1732 
709 1739 
701 1745 
694 1739 
686 1733 
678 1728 
671 1722 
663 1717 
656 1712 
648 1707 
640 1702 
632 1697 
625 1692 
617 1688 
609 1683 
601 1679 
594 1675 
586 1671 
578 1667 
570 1663 
562 1659 
554 1656 
547 1652 
539 1649 
531 1645 
523 1642 
515 1639 
507 1637 
499 1634 
491 1631 
483 1629 
475 1626 
467 1624 
459 1622 
451 1620 
443 1618 
435 1616 
427 1614 
419 1613 
411 1611 
403 1610 
394 1608 
386 1607 
378 1606 
370 1605 
362 1604 
354 1604 
345 1603 
337 1602 
329 1602 
321 1602 
312 1602 
304 1601 
299 1599 
304 1593 
310 1587 
315 1582 
320 1576 
326 1571 
331 1565 
336 1560 
342 1555 
347 1551 
352 1546 
357 1541 
362 1537 
367 1533 
373 1528 
378 1524 
383 1520 
388 1516 
394 1513 
399 1509 
404 1506 
410 1502 
415 1499 
421 1496 
426 1493 
432 1490 
437 1487 
443 1485 
448 1482 
454 1480 
459 1478 
465 1475 
471 1473 
477 1471 
482 1470 
488 1468 
494 1466 
500 1465 
506 1463 
512 1462 
517 1461 
523 1460 
529 1459 
535 1458 
541 1457 
547 1457 
549 1456 
549 1456 
549 1455 
549 1455 
549 1455 
549 1455 
549 1455 
538 1449 
528 1444 
517 1438 
506 1433 
496 1427 
486 1422 
475 1417 
465 1412 
455 1407 
444 1402 
434 1398 
424 1393 
413 1389 
403 1385 
393 1381 
383 1377 
372 1373 
362 1369 
352 1366 
341 1362 
331 1359 
321 1356 
311 1353 
300 1350 
290 1347 
280 1344 
269 1341 
259 1339 
249 1336 
239 1334 
228 1332 
218 1330 
208 1328 
198 1326 
187 1324 
177 1323 
167 1321 
157 1320 
151 1319 
162 1313 
173 1307 
184 1301 
195 1296 
206 1291 
217 1285 
228 1280 
239 1275 
250 1270 
261 1266 
272 1261 
283 1257 
294 1252 
305 1248 
316 1244 
327 1240 
338 1236 
349 1233 
360 1229 
371 1226 
382 1222 
393 1219 
404 1216 
415 1213 
426 1210 
437 1207 
448 1205 
459 1202 
470 1200 
481 1197 
492 1195 
503 1193 
513 1191 
524 1189 
535 1188 
546 1186 
557 1185 
568 1183 
579 1182 
590 1181 
600 1180 
611 1179 
622 1178 
633 1177 
644 1176 
655 1176 
666 1176 
676 1175 
687 1175 
698 1175 
709 1175 
720 1175 
730 1175 
741 1176 
752 1176 
763 1177 
774 1177 
784 1178 
795 1179 
806 1180 
817 1181 
827 1182 
838 1183 
849 1184 
860 1186 
870 1187 
881 1189 
892 1190 
903 1192 
913 1194 
924 1196 
935 1198 
946 1200 
956 1203 
967 1205 
978 1207 
988 1210 
999 1213 
1010 1215 
1020 1218 
1031 1221 
1042 1224 
1052 1227 
1063 1230 
1074 1234 
1084 1237 
1095 1240 
1106 1244 
1116 1248 
1127 1251 
1138 1255 
1148 1259 
1159 1263 
1170 1267 
1180 1271 
1191 1275 
1201 1280 
1212 1284 
1223 1288 
1233 1293 
1244 1298 
1254 1292 
1264 1286 
1275 1280 
1285 1275 
1295 1270 
1305 1264 
1316 1259 
1326 1254 
1336 1249 
1346 1245 
1357 1240 
1367 1236 
1377 1231 
1387 1227 
1398 1223 
1408 1219 
1418 1215 
1428 1212 
1439 1208 
1449 1205 
1459 1201 
1469 1198 
1479 1195 
1490 1192 
1500 1189 
1510 1186 
1520 1184 
1531 1181 
1541 1179 
1551 1176 
1561 1174 
1571 1172 
1582 1170 
1592 1168 
1602 1167 
1612 1165 
1623 1164 
1633 1162 
1643 1161 
1653 1160 
1663 1159 
1673 1158 
1683 1157 
1693 1156 
1703 1155 
1713 1155 
1723 1155 
1733 1154 
1742 1154 
1748 1151 
1742 1145 
1735 1139 
1728 1133 
1722 1128 
1715 1123 
1709 1117 
1702 1112 
1695 1107 
1688 1103 
1682 1098 
1675 1093 
1668 1089 
1661 1084 
1654 1080 
1647 1076 
1641 1072 
1634 1068 
1627 1065 
1620 1061 
1613 1058 
1606 1054 
1599 1051 
1592 1048 
1585 1045 
1578 1042 
1571 1039 
1563 1037 
1556 1034 
1549 1032 
1542 1029 
1535 1027 
1528 1025 
1520 1023 
1513 1021 
1506 1020 
1501 1018 
1512 1012 
1523 1007 
1533 1001 
1544 995 
1555 990 
1566 985 
1577 980 
1587 975 
1598 970 
1609 965 
1620 961 
1631 956 
1641 952 
1652 948 
1663 944 
1674 940 
1684 936 
1695 932 
1706 929 
1717 925 
1727 922 
1738 919 
1749 915 
1760 912 
1770 910 
1781 907 
1792 904 
1803 902 
1813 899 
1824 897 
1835 895 
1845 893 
1856 891 
1867 889 
1877 887 
1888 886 
1898 884 
1887 878 
1876 872 
1865 867 
1855 861 
1844 856 
1833 851 
1822 846 
1811 841 
1800 836 
1789 831 
1778 827 
1767 822 
1756 818 
1745 814 
1734 810 
1724 806 
1713 802 
1702 798 
1691 795 
1680 791 
1669 788 
1658 785 
1648 781 
1637 778 
1626 776 
1615 773 
1604 770 
1593 768 
1583 765 
1572 763 
1561 761 
1550 759 
1539 757 
1529 755 
1518 753 
1507 752 
1496 750 
1485 749 
1475 747 
1464 746 
1453 745 
1442 744 
1432 743 
1421 743 
1410 742 
1399 742 
1389 741 
1378 741 
1367 741 
1356 740 
1346 740 
1335 741 
1324 741 
1314 741 
1303 742 
1292 742 
1281 743 
1271 743 
1260 744 
1249 745 
1239 746 
1228 747 
1217 748 
1207 750 
1196 751 
1185 753 
1175 754 
1164 756 
1153 758 
1143 760 
1132 762 
1122 764 
1111 766 
1100 768 
1090 771 
1079 773 
1068 776 
1058 778 
1047 781 
1037 784 
1026 787 
1015 790 
1005 793 
994 796 
984 799 
973 803 
962 806 
952 810 
941 813 
931 817 
920 821 
910 824 
899 828 
888 832 
878 837 
867 841 
857 845 
847 849 
837 849 
827 844 
818 838 
808 832 
798 827 
789 821 
779 816 
770 811 
760 806 
751 801 
741 797 
731 792 
722 788 
712 783 
703 779 
693 775 
683 771 
674 767 
664 763 
655 760 
645 756 
635 753 
626 750 
616 747 
606 744 
597 741 
587 738 
577 736 
568 733 
558 731 
549 728 
539 726 
529 724 
520 722 
510 720 
500 719 
491 717 
481 715 
471 714 
462 713 
452 712 
442 711 
433 710 
423 709 
413 708 
404 707 
394 707 
384 706 
375 706 
365 706 
355 706 
345 706 
336 706 
326 706 
317 706 
307 707 
303 702 
309 709 
315 703 
321 697 
327 692 
334 686 
340 681 
346 676 
352 671 
358 666 
365 661 
371 656 
377 652 
384 647 
390 643 
396 639 
403 634 
409 631 
416 627 
422 623 
428 619 
435 616 
442 613 
448 609 
455 606 
461 603 
468 600 
475 598 
481 595 
488 592 
495 590 
501 588 
508 586 
515 584 
522 582 
529 580 
535 578 
542 576 
549 575 
549 574 
549 572 
549 571 
549 570 
549 569 
538 563 
528 557 
517 552 
506 546 
496 541 
485 536 
474 531 
464 526 
454 521 
443 516 
433 512 
423 507 
412 503 
402 499 
392 495 
381 491 
371 487 
361 483 
350 480 
340 476 
330 473 
319 470 
309 466 
299 463 
288 461 
278 458 
268 455 
257 453 
247 450 
237 448 
226 446 
216 444 
206 442 
196 440 
186 438 
176 437 
166 435 
156 434 
151 432 
162 427 
173 421 
184 415 
195 410 
206 404 
217 399 
228 394 
239 389 
250 384 
261 380 
272 375 
283 371 
294 366 
305 362 
316 358 
327 354 
338 350 
349 346 
360 343 
371 339 
382 336 
393 333 
404 330 
415 327 
426 324 
437 321 
448 318 
459 316 
470 314 
481 311 
492 309 
503 307 
513 305 
524 303 
535 302 
546 300 
557 298 
568 297 
579 296 
590 295 
600 294 
611 293 
622 292 
633 291 
644 290 
655 290 
666 289 
676 289 
687 289 
698 289 
709 289 
720 289 
730 289 
741 289 
752 290 
763 290 
774 291 
784 292 
795 293 
806 293 
817 294 
827 296 
838 297 
849 298 
860 300 
870 301 
881 303 
892 304 
903 306 
913 308 
924 310 
935 312 
946 314 
956 317 
967 319 
978 321 
988 324 
999 327 
1010 329 
1020 332 
1031 335 
1042 338 
1052 341 
1063 344 
1074 348 
1084 351 
1095 354 
1106 358 
1116 361 
1127 365 
1138 369 
1148 373 
1159 377 
1170 381 
1180 385 
1191 389 
1201 393 
1212 398 
1222 392 
1233 386 
1243 381 
1253 375 
1263 370 
1274 365 
1284 359 
1294 355 
1304 350 
1315 345 
1325 340 
1335 336 
1345 332 
1356 327 
1366 323 
1376 319 
1386 316 
1397 312 
1407 308 
1417 305 
1427 301 
1438 298 
1448 295 
1458 292 
1468 289 
1479 286 
1489 284 
1499 281 
1509 279 
1519 277 
1530 274 
1540 272 
1550 270 
1560 269 
1571 267 
1581 265 
1591 264 
1601 262 
1611 261 
1622 260 
1632 259 
1642 258 
1652 257 
1663 256 
1673 256 
1683 255 
1693 255 
1703 254 
1713 254 
1723 254 
1733 254 
1742 254 
1752 255 
1762 255 
1771 255 
1781 256 
1790 256 
1800 257 
1809 258 
1818 259 
1827 260 
1836 261 
1845 262 
1854 264 
1863 265 
1871 266 
1880 268 
1888 270 
1896 272 
1885 266 
1874 260 
1863 254 
1852 249 
1841 244 
1829 238 
1818 233 
1807 228 
1796 223 
1785 219 
1774 214 
1763 210 
1752 205 
1741 201 
1730 197 
1719 193 
1708 189 
1697 186 
1686 182 
1675 179 
1664 175 
1653 172 
1642 169 
1631 166 
1620 163 
1610 160 
1599 158 
1588 155 
1577 153 
1566 150 
1555 148 
1544 146 
1533 144 
1522 142 
1511 141 
1500 149 
1490 149 
1479 149 
1468 150 
1457 150 
1446 151 
1435 151 
1424 152 
1413 153 
1403 154 
1392 155 
1381 156 
1370 157 
1359 158 
1348 160 
1338 161 
1327 163 
1316 164 
1305 166 
1294 168 
1284 170 
1273 172 
1262 174 
1251 177 
1241 179 
1230 181 
1219 184 
1208 187 
1198 189 
1187 192 
1176 195 
1165 198 
1155 201 
1144 204 
1133 208 
1122 211 
1112 214 
1101 218 
1090 221 
1080 225 
1069 229 
1058 233 
1047 237 
1037 241 
1026 245 
1015 249 
1005 253 
994 258 
983 262 
973 267 
962 271 
951 276 
941 281 
930 286 
919 291 
909 296 
898 301 
888 306 
877 311 
866 317 
856 322 
845 328 
834 333 
824 339 
813 344 
803 350 
792 356 
781 362 
771 368 
760 374 
750 380 
739 387 
728 393 
718 399 
708 399 
698 399 
688 399 
679 399 
670 399 
661 399 
653 399 
644 399 
636 399 
628 399 
621 399 
613 399 
606 399 
598 399 
591 399 
585 399 
578 399 
571 399 
565 399 
558 400 
552 400 
545 400 
539 401 
533 401 
526 402 
520 403 
514 405 
508 406 
502 408 
496 410 
490 412 
484 414 
478 417 
472 420 
466 422 
461 426 
455 429 
450 432 
444 436 
439 440 
434 444 
429 448 
424 453 
419 457 
414 462 
410 467 
405 472 
400 478 
396 483 
392 489 
388 495 
383 501 
379 507 
375 513 
372 520 
368 527 
364 534 
361 541 
357 548 
354 556 
350 563 
347 571 
344 579 
341 587 
338 596 
335 604 
332 613 
329 622 
327 631 
324 640 
322 649 
319 659 
317 668 
315 678 
312 688 
310 698 
308 708 
306 719 
309 724 
325 724 
332 732 
339 726 
347 720 
354 715 
362 709 
369 704 
376 699 
384 694 
391 689 
399 684 
406 679 
414 675 
421 670 
429 666 
436 662 
444 658 
452 654 
459 650 
467 646 
474 642 
482 639 
490 636 
497 632 
505 629 
513 626 
521 623 
528 621 
536 618 
544 616 
552 613 
559 611 
567 609 
575 607 
583 605 
591 603 
599 601 
607 599 
614 598 
622 597 
630 595 
638 594 
646 593 
654 592 
662 591 
670 591 
678 590 
686 599 
694 600 
702 600 
710 600 
718 600 
727 601 
735 602 
743 602 
751 603 
759 604 
767 605 
775 606 
783 607 
792 609 
800 610 
808 612 
816 613 
825 615 
833 617 
841 619 
849 621 
858 623 
866 625 
874 627 
882 629 
891 632 
899 634 
907 637 
916 640 
924 643 
933 645 
941 648 
949 652 
958 655 
966 658 
975 661 
983 665 
991 668 
1000 672 
1008 676 
1017 679 
1025 683 
1034 687 
1042 691 
1051 695 
1059 700 
1068 704 
1077 708 
1085 713 
1094 717 
1102 722 
1111 726 
1119 731 
1128 736 
1137 741 
1145 746 
1154 751 
1163 756 
1171 762 
1180 767 
1189 772 
1197 778 
1206 783 
1215 789 
1223 795 
1232 801 
1241 806 
1249 812 
1258 818 
1267 825 
1276 831 
1284 837 
1293 843 
1302 849 
1311 849 
1319 849 
1327 849 
1335 849 
1343 849 
1350 849 
1357 849 
1365 849 
1372 849 
1379 849 
1385 849 
1392 849 
1399 849 
1405 849 
1412 849 
1418 849 
1424 849 
1430 849 
1436 849 
1442 849 
1448 849 
1454 849 
1460 849 
1465 849 
1471 849 
1477 849 
1482 849 
1488 849 
1493 850 
1499 850 
1504 850 
1510 851 
1515 852 
1521 853 
1526 854 
1532 855 
1538 857 
1543 859 
1548 861 
1554 863 
1559 865 
1564 868 
1569 871 
1575 874 
1579 877 
1584 880 
1589 884 
1594 888 
1598 892 
1603 896 
1607 900 
1611 905 
1615 909 
1620 914 
1624 919 
1627 925 
1631 930 
1635 936 
1639 942 
1642 948 
1646 954 
1649 960 
1652 967 
1656 973 
1659 980 
1662 987 
1665 994 
1668 1002 
1670 1009 
1673 1017 
1676 1025 
1678 1033 
1681 1041 
1683 1050 
1686 1058 
1688 1067 
1690 1076 
1692 1085 
1694 1094 
1696 1104 
1698 1113 
1700 1123 
1701 1133 
1703 1143 
1705 1153 
1706 1163 
1707 1174 
1709 1185 
1710 1195 
1709 1205 
1701 1213 
1693 1221 
1686 1213 
1678 1206 
1670 1198 
1662 1192 
1654 1185 
1646 1178 
1638 1172 
1630 1165 
1622 1159 
1614 1153 
1606 1147 
1598 1141 
1590 1136 
1582 1130 
1574 1125 
1566 1120 
1558 1114 
1550 1109 
1542 1104 
1534 1100 
1526 1095 
1517 1091 
1509 1086 
1501 1082 
1493 1078 
1485 1074 
1477 1070 
1468 1066 
1460 1062 
1452 1059 
1444 1055 
1435 1052 
1427 1049 
1419 1046 
1411 1043 
1402 1040 
1394 1048 
1386 1048 
1377 1048 
1369 1048 
1361 1049 
1352 1049 
1344 1050 
1335 1050 
1327 1051 
1319 1052 
1310 1053 
1302 1054 
1293 1055 
1285 1057 
1276 1058 
1268 1060 
1259 1061 
1251 1063 
1242 1065 
1234 1067 
1225 1069 
1217 1071 
1208 1073 
1200 1075 
1191 1078 
1183 1080 
1174 1083 
1165 1085 
1157 1088 
1148 1091 
1140 1094 
1131 1097 
1122 1100 
1114 1103 
1105 1106 
1096 1109 
1088 1113 
1079 1116 
1070 1120 
1062 1124 
1053 1127 
1044 1131 
1036 1135 
1027 1139 
1018 1143 
1009 1148 
1001 1152 
992 1156 
983 1161 
974 1165 
965 1170 
957 1175 
948 1179 
939 1184 
930 1189 
921 1194 
913 1199 
904 1205 
895 1210 
886 1215 
877 1221 
868 1226 
859 1232 
850 1237 
842 1243 
833 1249 
824 1255 
815 1261 
806 1267 
797 1273 
788 1279 
779 1285 
770 1291 
761 1298 
752 1299 
744 1299 
736 1299 
728 1299 
720 1299 
712 1299 
705 1299 
697 1299 
690 1299 
683 1299 
676 1299 
670 1299 
663 1299 
656 1299 
650 1299 
644 1299 
637 1299 
631 1299 
625 1299 
619 1299 
613 1299 
607 1299 
601 1299 
596 1299 
590 1299 
584 1299 
579 1299 
573 1300 
568 1300 
562 1301 
556 1301 
551 1303 
545 1304 
540 1305 
534 1307 
529 1309 
523 1311 
518 1313 
513 1315 
507 1318 
502 1321 
497 1324 
492 1327 
486 1330 
481 1334 
476 1338 
471 1342 
466 1346 
462 1350 
457 1355 
452 1359 
448 1364 
443 1369 
439 1375 
435 1380 
431 1386 
427 1392 
423 1397 
419 1404 
415 1410 
412 1417 
408 1423 
404 1430 
401 1437 
398 1444 
394 1452 
391 1459 
388 1467 
385 1475 
382 1483 
379 1491 
377 1500 
374 1508 
371 1517 
369 1526 
367 1535 
364 1544 
362 1554 
360 1563 
358 1573 
356 1583 
354 1593 
352 1603 
350 1613 
348 1624 
347 1635 
345 1645 
343 1656 
347 1662 
355 1670 
363 1678 
372 1687 
380 1695 
389 1688 
396 1696 
403 1703 
410 1710 
416 1716 
423 1723 
430 1730 
437 1737 
444 1744 
451 1749 
457 1749 
464 1749 
470 1749 
477 1749 
483 1749 
489 1749 
495 1749 
501 1749 
507 1749 
513 1749 
518 1749 
524 1749 
530 1749 
535 1749 
541 1749 
546 1749 
552 1749 
557 1749 
563 1749 
568 1749 
574 1749 
579 1749 
584 1749 
589 1749 
595 1749 
600 1749 
605 1749 
610 1749 
615 1749 
621 1749 
626 1749 
631 1749 
636 1749 
641 1749 
646 1749 
651 1749 
656 1749 
661 1744 
666 1738 
671 1732 
676 1727 
681 1721 
687 1716 
692 1711 
697 1706 
702 1701 
708 1697 
713 1692 
718 1688 
724 1683 
729 1679 
735 1675 
740 1671 
746 1667 
751 1664 
757 1660 
762 1656 
768 1653 
774 1650 
779 1647 
785 1644 
791 1641 
797 1638 
802 1636 
808 1633 
814 1631 
820 1628 
826 1626 
832 1624 
838 1622 
844 1620 
850 1619 
856 1617 
862 1615 
868 1614 
874 1613 
880 1612 
886 1611 
892 1610 
899 1609 
905 1608 
911 1607 
917 1607 
924 1606 
930 1606 
936 1606 
943 1606 
949 1606 
956 1606 
962 1606 
968 1607 
975 1607 
981 1607 
988 1608 
995 1609 
1001 1610 
1008 1611 
1014 1612 
1021 1613 
1028 1614 
1034 1615 
1041 1617 
1048 1618 
1055 1620 
1061 1621 
1068 1623 
1075 1625 
1082 1627 
1089 1629 
1096 1631 
1102 1634 
1109 1636 
1116 1638 
1123 1641 
1130 1644 
1137 1646 
1144 1649 
1151 1652 
1158 1655 
1165 1658 
1172 1661 
1180 1665 
1187 1668 
1194 1671 
1201 1675 
1208 1679 
1215 1682 
1223 1686 
1230 1690 
1237 1694 
1244 1698 
1252 1702 
1259 1706 
1266 1711 
1274 1715 
1281 1719 
1288 1724 
1296 1729 
1303 1733 
1311 1738 
1318 1743 
1326 1748 
1333 1749 
1340 1744 
1347 1738 
1354 1732 
1362 1727 
1369 1721 
1376 1716 
1383 1711 
1391 1706 
1398 1701 
1405 1697 
1413 1692 
1420 1688 
1427 1683 
1435 1679 
1442 1675 
1449 1671 
1457 1667 
1464 1663 
1472 1660 
1479 1656 
1487 1653 
1494 1650 
1502 1647 
1509 1644 
1517 1641 
1525 1638 
1532 1635 
1540 1633 
1547 1631 
1555 1628 
1563 1626 
1570 1624 
1578 1622 
1586 1620 
1593 1619 
1601 1617 
1609 1615 
1617 1614 
1624 1613 
1632 1612 
1640 1611 
1648 1610 
1656 1609 
1664 1608 
1671 1607 
1679 1607 
1687 1606 
1695 1606 
1703 1606 
1711 1606 
1719 1606 
1727 1606 
1735 1606 
1743 1606 
1751 1607 
1759 1607 
1767 1608 
1775 1609 
1783 1610 
1791 1610 
1799 1612 
1807 1613 
1815 1614 
1823 1615 
1832 1617 
1840 1618 
1848 1620 
1856 1621 
1864 1623 
1872 1625 
1881 1627 
1889 1629 
1897 1631 
1905 1634 
