144 2022-06-13
100 315 50 
100 314 50 
100 314 50 
100 315 51 
100 315 51 
101 315 51 
101 316 51 
101 316 51 
101 317 51 
101 318 52 
102 319 52 
102 320 52 
102 321 52 
102 323 52 
102 324 52 
103 325 52 
103 327 52 
103 329 52 
103 330 52 
103 332 52 
104 334 52 
104 337 52 
105 339 52 
105 341 52 
106 343 52 
107 346 52 
107 348 52 
106 351 47 
107 351 46 
108 351 46 
110 351 46 
111 351 45 
113 352 45 
115 352 45 
118 352 45 
120 352 45 
123 352 45 
126 352 44 
128 352 44 
131 352 44 
135 352 44 
138 352 44 
141 352 44 
145 352 44 
148 352 44 
152 352 44 
155 352 44 
159 352 44 
163 352 44 
167 352 44 
171 352 44 
175 353 43 
179 353 43 
183 353 43 
187 352 43 
191 352 43 
196 353 43 
200 353 43 
204 353 43 
209 353 43 
213 353 43 
217 353 43 
222 353 43 
226 353 43 
231 353 43 
235 353 43 
240 353 43 
244 353 43 
249 353 43 
254 353 43 
258 353 43 
263 353 43 
267 353 43 
272 353 43 
277 353 43 
281 353 43 
286 353 43 
291 353 43 
296 353 28 
301 352 29 
306 352 30 
311 353 30 
316 353 31 
321 354 31 
326 355 31 
331 357 31 
336 358 32 
341 360 32 
346 362 32 
351 364 32 
354 368 28 
359 368 28 
364 368 28 
369 368 28 
374 368 28 
379 368 28 
384 368 28 
389 368 28 
394 368 28 
399 368 28 
404 368 28 
409 368 28 
414 368 28 
419 368 28 
424 368 28 
429 368 28 
434 368 28 
439 368 28 
444 368 28 
449 368 28 
454 368 28 
458 368 28 
463 368 28 
468 368 28 
473 368 28 
478 368 28 
483 368 28 
488 368 28 
493 368 28 
498 368 28 
503 368 28 
507 368 28 
512 368 28 
517 368 28 
522 368 28 
527 368 28 
532 368 28 
537 368 28 
542 368 28 
546 368 43 
551 353 43 
556 353 43 
561 353 43 
566 353 43 
571 353 43 
576 353 43 
581 353 43 
585 353 43 
590 353 43 
595 353 43 
600 353 43 
605 353 43 
610 353 43 
615 353 43 
620 353 43 
624 353 43 
629 353 43 
634 353 43 
639 353 43 
644 353 43 
649 353 43 
654 353 43 
658 353 43 
663 353 43 
668 353 43 
673 353 43 
682 343 50 
686 338 50 
691 332 50 
696 327 50 
701 321 50 
706 316 50 
711 311 50 
716 306 49 
721 301 49 
726 297 49 
731 292 49 
737 288 49 
742 284 34 
747 280 34 
752 273 40 
752 269 39 
752 266 39 
752 263 38 
752 260 38 
752 258 38 
752 255 37 
753 253 37 
753 251 37 
754 250 36 
754 248 36 
755 247 36 
755 246 35 
756 245 35 
757 244 34 
757 244 34 
758 244 33 
759 244 33 
760 245 32 
761 244 33 
763 245 33 
764 245 33 
766 246 34 
767 247 34 
769 248 34 
770 249 34 
772 251 35 
774 253 35 
776 255 35 
777 257 35 
779 259 35 
781 262 35 
781 266 30 
783 267 30 
785 267 30 
787 267 30 
790 267 30 
792 267 30 
795 267 29 
798 267 29 
801 267 29 
804 267 29 
811 258 36 
814 252 36 
817 247 36 
821 242 36 
824 237 36 
828 233 35 
831 229 35 
835 225 35 
838 221 35 
842 217 35 
845 214 34 
849 211 34 
852 205 39 
852 203 39 
852 200 39 
851 198 38 
851 196 38 
851 194 38 
851 192 38 
851 191 37 
851 190 37 
851 189 37 
850 188 37 
837 185 32 
826 180 32 
815 174 32 
805 169 31 
794 164 31 
784 160 31 
774 156 31 
764 152 31 
754 148 31 
744 144 31 
734 141 31 
725 137 31 
715 134 31 
706 132 30 
702 125 39 
702 123 38 
699 125 34 
700 124 35 
700 124 36 
701 125 37 
701 125 37 
701 126 37 
701 127 37 
706 130 25 
718 129 26 
729 129 26 
740 130 27 
752 130 27 
763 131 28 
774 132 28 
785 134 28 
796 135 28 
808 137 29 
819 139 29 
830 141 29 
841 143 29 
852 146 29 
863 148 30 
874 151 30 
885 154 30 
896 158 30 
907 161 30 
919 165 30 
926 169 25 
937 169 25 
949 165 34 
949 165 34 
949 165 34 
953 155 41 
953 150 41 
953 145 40 
953 140 40 
953 135 40 
953 131 39 
953 127 39 
953 123 39 
951 126 32 
952 125 34 
953 125 34 
953 126 34 
954 127 35 
955 127 35 
956 129 35 
957 130 35 
958 131 35 
959 133 36 
960 135 36 
962 137 36 
961 141 31 
962 141 31 
964 141 30 
966 142 30 
968 142 30 
970 142 30 
972 142 30 
975 142 30 
978 142 30 
980 142 29 
983 142 29 
986 142 29 
990 142 29 
993 142 29 
996 142 29 
1000 142 29 
1003 142 29 
1007 142 29 
1011 142 29 
1015 142 29 
1018 142 29 
1022 142 29 
1026 142 28 
1030 142 28 
1035 142 28 
1039 142 28 
1043 143 28 
1047 143 28 
1051 143 28 
1056 143 28 
1060 143 28 
1064 143 28 
1069 143 28 
1073 143 28 
1078 143 28 
1082 143 28 
1087 142 44 
1100 139 50 
1100 140 51 
1100 140 51 
1101 141 51 
1101 141 52 
1101 142 52 
1101 143 52 
1101 144 52 
1101 145 52 
1101 146 52 
1101 147 52 
1100 150 48 
1100 151 47 
1100 151 47 
1101 151 46 
1102 151 46 
1104 151 46 
1105 151 46 
1107 152 45 
1109 152 45 
1111 152 45 
1113 152 45 
1116 152 45 
1119 152 45 
1121 152 44 
1124 152 44 
1127 152 44 
1130 152 44 
1134 152 44 
1137 152 44 
1140 152 44 
1144 152 44 
1148 152 44 
1151 152 44 
1155 152 44 
1159 152 44 
1163 152 44 
1167 152 44 
1171 152 43 
1175 153 43 
1179 153 43 
1183 153 43 
1188 152 44 
1192 152 45 
1197 152 45 
1201 153 45 
1206 153 45 
1210 154 46 
1215 154 46 
1219 155 46 
1224 156 46 
1228 157 46 
1233 158 46 
1238 159 46 
1242 160 46 
1247 162 47 
1252 163 47 
1257 165 47 
1262 166 47 
1266 168 47 
1271 170 47 
1276 172 47 
1281 174 47 
1286 176 47 
1291 178 47 
1296 181 47 
1301 183 47 
1306 185 48 
1312 188 48 
1317 191 48 
1322 194 48 
1327 196 48 
1332 199 48 
1338 202 48 
1343 206 48 
1348 209 48 
1354 212 48 
1359 216 48 
1365 219 48 
1370 223 48 
1376 226 48 
1381 230 48 
1387 234 48 
1392 238 48 
1398 242 48 
1404 246 48 
1409 250 49 
1415 254 49 
1421 259 49 
1426 263 49 
1432 268 49 
1438 272 49 
1444 277 49 
1450 282 49 
1456 287 49 
1462 291 49 
1467 296 49 
1473 302 49 
1479 307 49 
1485 312 49 
1491 317 49 
1498 323 49 
1504 328 49 
1510 334 49 
1516 339 49 
1522 345 49 
1525 353 42 
1534 344 49 
1540 338 49 
1547 332 49 
1553 327 49 
1559 322 49 
1565 317 49 
1571 312 49 
1577 307 49 
1584 302 49 
1590 297 48 
1596 293 48 
1603 288 48 
1609 284 48 
1615 280 48 
1622 276 48 
1628 272 48 
1634 268 48 
1641 264 48 
1647 261 48 
1654 258 47 
1660 254 47 
1667 251 47 
1673 248 47 
1680 245 47 
1687 242 47 
1693 240 47 
1700 237 47 
1707 235 46 
1713 232 46 
1720 230 46 
1727 228 46 
1733 226 46 
1740 224 46 
1747 222 46 
1754 221 46 
1761 219 45 
1767 218 45 
1774 216 45 
1781 215 45 
1788 214 45 
1795 213 45 
1802 212 44 
1809 211 44 
1816 211 44 
1823 210 44 
1830 210 44 
1837 210 43 
1844 209 43 
1851 209 43 
1858 209 42 
1864 210 42 
1872 210 42 
1879 210 43 
1887 210 43 
1894 210 43 
1901 210 44 
1909 211 44 
1916 212 44 
1924 212 44 
1931 213 44 
1938 214 44 
1946 215 45 
1953 216 45 
1961 218 45 
1968 219 30 
1976 220 30 
1983 222 30 
1991 224 31 
1998 226 31 
2005 228 31 
2013 231 31 
2020 234 32 
2027 236 32 
2034 239 32 
2041 243 32 
2048 246 32 
2054 250 33 
2061 254 33 
2067 258 33 
2074 262 33 
2080 266 33 
2086 271 34 
2092 276 34 
2098 281 34 
2104 286 34 
2109 291 34 
2115 297 35 
2121 302 35 
2126 308 35 
2131 314 35 
2137 321 35 
2142 327 35 
2147 334 36 
2152 340 36 
2157 347 36 
2161 354 36 
2166 362 36 
2170 369 36 
2175 377 37 
2179 385 37 
2184 393 37 
2188 401 37 
2192 409 37 
2196 418 37 
2200 426 37 
2204 435 38 
2207 444 38 
2211 453 38 
2215 462 38 
2218 472 38 
2222 482 38 
2225 491 39 
2228 501 39 
2231 511 39 
2234 522 39 
2237 532 39 
2240 543 39 
2243 554 39 
2246 564 40 
2241 573 35 
2233 581 35 
2224 590 35 
2216 598 35 
2208 606 35 
2199 615 35 
2190 623 35 
2182 632 35 
2173 641 35 
2164 650 35 
2155 659 35 
2146 668 35 
2137 677 35 
2128 686 35 
2118 695 35 
2109 705 35 
2100 714 35 
2090 724 35 
2080 734 35 
2071 743 35 
2061 753 35 
2051 763 35 
2041 773 35 
2031 783 35 
2021 793 35 
2011 803 35 
2000 814 35 
1990 824 35 
1980 834 35 
1969 845 35 
1958 855 35 
1948 866 35 
1937 877 35 
1926 888 35 
1915 899 35 
1904 910 35 
1893 921 35 
1882 932 35 
1871 943 35 
1860 954 35 
1848 966 35 
1837 977 35 
1825 988 35 
1814 1000 35 
1802 1012 35 
1791 1023 35 
1779 1035 50 
1760 1039 50 
1748 1051 50 
1737 1062 50 
1726 1073 50 
1715 1084 50 
1704 1095 50 
1693 1090 47 
1682 1084 47 
1672 1079 47 
1662 1073 47 
1651 1068 47 
1641 1063 47 
1630 1058 47 
1620 1053 47 
1610 1048 46 
1599 1043 46 
1589 1039 46 
1578 1034 46 
1568 1030 46 
1558 1026 46 
1547 1022 46 
1537 1018 46 
1526 1014 46 
1516 1010 46 
1506 1007 46 
1495 1004 45 
1485 1000 45 
1475 997 45 
1464 994 45 
1454 991 45 
1443 988 45 
1433 986 45 
1423 983 45 
1412 980 45 
1402 978 45 
1392 976 44 
1381 974 44 
1371 972 44 
1360 970 44 
1350 968 44 
1340 966 44 
1329 965 44 
1319 963 44 
1309 962 43 
1298 961 43 
1288 960 43 
1277 959 43 
1267 958 43 
1257 957 43 
1246 957 42 
1236 956 42 
1225 956 42 
1215 955 42 
1205 955 42 
1194 955 41 
1184 955 41 
1173 956 40 
1163 955 41 
1153 955 41 
1143 956 42 
1133 956 42 
1123 956 42 
1112 957 42 
1102 957 42 
1092 958 43 
1082 959 43 
1072 960 43 
1061 961 43 
1051 962 43 
1041 963 43 
1031 965 43 
1021 966 44 
1010 968 44 
1000 969 44 
990 971 44 
980 973 44 
970 975 44 
959 977 44 
949 979 44 
939 981 44 
929 984 45 
919 986 45 
908 988 45 
898 991 45 
888 994 45 
878 996 45 
868 999 45 
857 1002 45 
847 1005 45 
837 1008 45 
827 1012 45 
817 1015 45 
806 1018 45 
796 1022 46 
786 1026 46 
776 1029 46 
765 1033 46 
755 1037 46 
745 1041 46 
735 1045 46 
725 1049 46 
714 1053 46 
704 1057 46 
694 1062 46 
684 1066 46 
674 1071 46 
663 1075 46 
653 1080 46 
643 1085 46 
633 1089 47 
623 1094 47 
613 1099 47 
602 1104 47 
592 1110 47 
582 1115 47 
572 1120 47 
562 1125 47 
551 1131 47 
541 1136 47 
531 1142 47 
521 1148 47 
511 1154 47 
500 1159 47 
490 1165 47 
480 1171 47 
470 1177 47 
460 1184 47 
450 1190 47 
439 1196 47 
429 1203 48 
419 1209 48 
409 1216 48 
399 1222 48 
388 1229 48 
378 1236 48 
368 1242 48 
358 1249 48 
344 1254 40 
335 1254 40 
325 1254 40 
317 1254 41 
308 1254 41 
299 1254 41 
291 1254 41 
283 1254 41 
275 1254 41 
268 1254 41 
260 1254 41 
253 1254 41 
246 1254 41 
239 1253 42 
232 1253 42 
225 1253 42 
219 1253 42 
212 1253 42 
206 1253 42 
199 1253 42 
193 1253 42 
187 1253 42 
181 1253 42 
175 1253 42 
169 1253 42 
163 1253 42 
157 1253 42 
152 1253 42 
146 1253 42 
140 1253 42 
135 1253 42 
129 1253 42 
124 1253 42 
118 1253 42 
113 1253 43 
108 1253 43 
102 1253 43 
97 1253 43 
92 1253 43 
86 1253 43 
81 1253 43 
76 1253 43 
71 1253 43 
65 1253 43 
60 1253 43 
56 1252 44 
51 1252 44 
47 1252 45 
42 1253 45 
38 1253 45 
34 1254 46 
30 1254 46 
25 1255 46 
21 1256 46 
17 1257 46 
14 1258 47 
10 1259 47 
6 1260 47 
2 1261 47 
0 1263 47 
-4 1264 48 
-7 1266 48 
-10 1267 48 
-13 1269 48 
-17 1271 48 
-20 1273 49 
-23 1275 49 
-25 1277 49 
-28 1280 49 
-31 1282 49 
-34 1284 49 
-36 1287 50 
-39 1290 50 
-41 1292 50 
-43 1295 50 
-45 1298 50 
-48 1301 50 
-50 1304 50 
-52 1307 51 
-54 1311 51 
-55 1314 51 
-57 1317 51 
-59 1321 51 
-61 1325 51 
-62 1328 52 
-64 1332 52 
-65 1336 52 
-66 1340 52 
-67 1344 52 
-69 1348 52 
-70 1352 52 
-71 1357 53 
-72 1361 53 
-73 1365 53 
-73 1370 53 
-74 1375 53 
-75 1379 53 
-75 1384 54 
-76 1389 54 
-76 1394 54 
-77 1399 54 
-77 1404 54 
-77 1409 55 
-78 1414 55 
-78 1420 55 
-78 1425 55 
-78 1430 56 
-77 1436 56 
-77 1442 56 
-77 1447 56 
-77 1453 56 
-77 1460 55 
-77 1466 55 
-77 1472 55 
-76 1478 55 
-76 1484 55 
-75 1491 55 
-75 1497 40 
-74 1504 40 
-74 1510 40 
-73 1517 40 
-72 1524 40 
-71 1532 40 
-70 1539 40 
-69 1547 40 
-68 1555 40 
-67 1562 40 
-66 1571 40 
-64 1579 40 
-63 1587 40 
-62 1596 40 
-60 1605 40 
-59 1614 40 
-57 1623 40 
-56 1632 40 
-54 1642 40 
-53 1651 40 
-51 1661 40 
-49 1671 40 
-47 1681 40 
-45 1691 40 
-43 1702 40 
-41 1712 40 
-39 1723 40 
-37 1734 40 
-35 1745 40 
-33 1756 40 
-31 1767 40 
-28 1779 40 
-26 1790 40 
-24 1802 40 
-21 1814 40 
-19 1826 40 
-16 1838 40 
-13 1851 40 
-11 1863 40 
-8 1876 40 
-5 1889 40 
-3 1902 40 
0 1915 40 
2 1928 40 
5 1942 40 
8 1955 40 
11 1969 40 
14 1983 40 
17 1997 40 
20 2011 40 
23 2025 40 
27 2039 41 
30 2054 41 
33 2069 41 
37 2083 41 
40 2098 41 
43 2113 41 
47 2129 41 
50 2144 41 
55 2157 46 
55 2173 46 
55 2188 46 
55 2204 46 
55 2220 46 
55 2236 46 
55 2253 46 
55 2269 46 
55 2286 46 
55 2302 45 
55 2319 45 
56 2336 45 
56 2353 45 
50 2365 33 
51 2366 32 
51 2366 32 
52 2366 31 
54 2366 31 
55 2366 31 
57 2367 30 
59 2367 30 
61 2367 30 
63 2367 30 
66 2367 30 
68 2367 30 
71 2367 29 
74 2367 29 
77 2367 29 
80 2367 29 
83 2367 29 
87 2367 29 
90 2367 29 
93 2367 29 
97 2367 29 
101 2367 29 
104 2367 29 
108 2367 29 
112 2367 44 
116 2352 44 
120 2352 43 
124 2352 43 
128 2352 43 
132 2352 43 
137 2352 43 
141 2353 43 
145 2353 43 
149 2353 43 
154 2353 43 
158 2353 43 
163 2353 43 
167 2353 43 
172 2353 43 
176 2353 43 
181 2353 43 
185 2353 43 
190 2353 43 
194 2353 43 
199 2353 43 
203 2353 43 
208 2353 43 
213 2353 43 
217 2353 43 
222 2353 43 
227 2353 43 
231 2353 43 
236 2353 43 
241 2353 43 
245 2353 43 
250 2353 43 
255 2353 43 
260 2353 43 
264 2353 43 
269 2353 43 
274 2353 43 
279 2353 43 
283 2353 43 
288 2353 43 
293 2353 43 
298 2353 43 
303 2353 43 
307 2353 43 
312 2353 43 
317 2353 43 
322 2353 43 
327 2353 43 
331 2353 43 
336 2353 43 
341 2353 43 
346 2353 43 
351 2353 43 
356 2353 43 
360 2353 43 
365 2353 43 
370 2353 43 
375 2353 43 
383 2343 50 
388 2338 50 
393 2332 50 
398 2327 50 
403 2321 50 
408 2316 50 
413 2311 50 
418 2306 49 
423 2301 49 
428 2297 49 
433 2292 49 
438 2288 49 
443 2283 49 
448 2279 49 
452 2272 55 
452 2268 55 
452 2265 54 
452 2261 55 
452 2257 54 
452 2254 54 
452 2251 54 
452 2247 54 
452 2244 54 
452 2242 54 
437 2239 47 
426 2233 47 
415 2228 47 
404 2222 47 
403 2213 56 
403 2207 56 
403 2202 56 
402 2198 55 
402 2193 55 
402 2188 55 
402 2184 55 
402 2179 55 
402 2175 55 
402 2171 55 
402 2167 55 
402 2163 54 
402 2159 55 
402 2155 55 
402 2152 54 
402 2148 54 
402 2145 54 
402 2142 54 
409 2140 47 
420 2134 47 
431 2128 47 
442 2123 47 
453 2113 56 
452 2108 56 
452 2103 55 
452 2098 55 
452 2093 55 
452 2089 55 
452 2084 55 
452 2079 55 
452 2075 55 
452 2071 55 
452 2067 55 
452 2063 55 
452 2059 55 
452 2056 54 
452 2052 54 
452 2049 54 
452 2045 54 
437 2043 47 
426 2038 47 
415 2032 47 
404 2027 47 
403 2017 56 
403 2011 56 
402 2007 55 
403 2002 55 
403 1997 55 
402 1992 55 
402 1988 55 
402 1983 55 
402 1979 55 
402 1975 55 
402 1971 55 
402 1967 55 
402 1963 55 
402 1959 54 
402 1956 54 
402 1952 54 
402 1949 54 
402 1946 54 
402 1943 54 
402 1940 54 
402 1937 54 
409 1935 47 
420 1929 47 
431 1923 47 
442 1918 47 
453 1908 56 
452 1903 56 
452 1898 55 
452 1893 55 
452 1888 55 
452 1884 55 
452 1879 55 
452 1875 55 
452 1870 55 
452 1866 55 
452 1862 55 
452 1858 55 
452 1855 54 
452 1851 55 
452 1847 54 
452 1844 54 
452 1840 54 
452 1837 54 
452 1834 54 
452 1831 54 
437 1829 47 
426 1823 47 
415 1818 47 
404 1812 47 
403 1802 56 
402 1797 55 
403 1792 56 
403 1787 55 
402 1783 55 
402 1778 55 
402 1773 55 
402 1769 55 
402 1765 55 
402 1761 55 
402 1756 55 
402 1753 55 
402 1749 54 
402 1745 55 
402 1742 54 
402 1738 54 
402 1735 54 
402 1732 54 
402 1729 54 
402 1726 54 
402 1723 54 
402 1720 54 
402 1718 54 
401 1715 53 
402 1713 53 
401 1710 53 
401 1708 53 
401 1706 53 
401 1704 53 
401 1703 53 
401 1701 53 
401 1700 52 
401 1698 52 
409 1695 47 
420 1689 47 
431 1684 47 
442 1678 47 
453 1668 56 
453 1663 56 
452 1658 55 
452 1653 55 
452 1649 55 
452 1644 55 
452 1639 55 
452 1635 55 
452 1631 55 
452 1626 55 
452 1623 55 
452 1618 55 
452 1615 54 
452 1611 55 
452 1608 54 
452 1604 54 
452 1601 54 
452 1598 54 
452 1595 54 
452 1592 54 
452 1589 54 
452 1586 54 
451 1584 53 
452 1581 54 
451 1579 53 
451 1577 53 
451 1574 53 
451 1572 53 
451 1570 53 
451 1569 53 
451 1567 52 
437 1564 47 
426 1558 47 
415 1553 47 
404 1547 47 
394 1542 47 
383 1537 47 
372 1532 46 
362 1527 46 
351 1522 46 
341 1517 46 
330 1513 46 
320 1508 46 
309 1504 46 
299 1500 46 
288 1496 46 
278 1492 46 
267 1488 46 
