144 2022-06-26
4174 -272 50 
4174 -272 50 
4173 -271 50 
4173 -271 50 
4173 -271 50 
4173 -270 50 
4172 -270 50 
4172 -269 50 
4172 -268 50 
4171 -267 50 
4170 -266 50 
4170 -265 50 
4169 -264 50 
4168 -263 50 
4167 -261 50 
4166 -260 50 
4166 -258 50 
4164 -256 50 
4163 -255 50 
4162 -253 50 
4161 -251 50 
4157 -248 46 
4156 -248 46 
4154 -248 45 
4152 -247 45 
4149 -247 45 
4147 -247 45 
4144 -247 45 
4141 -247 45 
4139 -247 44 
4136 -247 44 
4133 -247 44 
4129 -247 44 
4126 -247 44 
4123 -247 44 
4119 -247 44 
4115 -247 44 
4112 -247 44 
4108 -247 44 
4104 -247 44 
4100 -247 44 
4096 -247 44 
4093 -247 44 
4088 -247 43 
4084 -246 43 
4080 -246 43 
4076 -246 43 
4072 -246 43 
4068 -246 43 
4063 -246 43 
4059 -246 43 
4055 -246 43 
4050 -246 43 
4046 -246 43 
4041 -246 43 
4037 -246 43 
4032 -246 43 
4028 -246 43 
4023 -246 43 
4019 -246 43 
4014 -246 43 
4009 -246 43 
4005 -246 43 
4000 -246 43 
3996 -246 43 
3991 -246 43 
3986 -246 43 
3982 -246 43 
3977 -246 43 
3972 -246 43 
3971 -256 50 
3966 -261 50 
3961 -267 50 
3957 -272 50 
3952 -278 50 
3947 -283 50 
3942 -288 50 
3937 -293 50 
3932 -298 49 
3927 -302 49 
3922 -307 49 
3916 -311 49 
3911 -315 49 
3906 -320 49 
3901 -324 49 
3896 -327 49 
3890 -331 49 
3885 -335 48 
3880 -338 48 
3874 -342 48 
3869 -345 48 
3863 -348 48 
3855 -346 43 
3850 -346 43 
3845 -346 44 
3840 -346 44 
3834 -346 44 
3829 -345 45 
3823 -345 45 
3818 -344 45 
3812 -344 45 
3807 -343 45 
3801 -342 45 
3795 -341 45 
3790 -340 46 
3784 -338 46 
3778 -337 46 
3772 -336 46 
3767 -334 46 
3761 -332 46 
3755 -331 46 
3749 -329 46 
3743 -327 46 
3737 -325 46 
3731 -323 47 
3725 -320 47 
3719 -318 47 
3713 -316 47 
3707 -313 47 
3701 -311 47 
3695 -308 47 
3688 -305 47 
3682 -302 47 
3676 -299 47 
3670 -296 47 
3664 -293 47 
3657 -290 47 
3651 -287 47 
3645 -283 47 
3638 -280 48 
3632 -276 48 
3625 -272 48 
3619 -269 48 
3613 -265 48 
3606 -261 48 
3600 -257 48 
3593 -253 48 
3583 -246 42 
3577 -246 42 
3571 -246 42 
3564 -246 42 
3558 -246 42 
3552 -246 42 
3546 -246 42 
3540 -246 42 
3534 -246 42 
3529 -246 42 
3523 -246 42 
3517 -246 42 
3512 -246 42 
3506 -246 42 
3500 -246 42 
3495 -246 42 
3489 -246 42 
3484 -246 43 
3479 -246 43 
3473 -246 43 
3468 -246 43 
3463 -246 43 
3457 -246 43 
3452 -246 43 
3447 -246 43 
3442 -246 43 
3437 -246 43 
3431 -246 43 
3426 -246 43 
3421 -246 43 
3416 -246 43 
3411 -246 43 
3406 -246 43 
3401 -246 43 
3396 -246 43 
3391 -246 43 
3386 -246 43 
3384 -256 50 
3379 -261 50 
3374 -267 50 
3369 -272 50 
3364 -278 50 
3358 -283 50 
3353 -288 49 
3348 -293 49 
3343 -297 49 
3337 -302 49 
3332 -307 49 
3326 -311 49 
3321 -315 49 
3315 -319 49 
3310 -324 49 
3304 -327 48 
3299 -331 48 
3293 -335 48 
3288 -338 48 
3282 -342 48 
3276 -345 48 
3271 -348 48 
3265 -351 48 
3259 -354 48 
3253 -357 47 
3247 -360 47 
3242 -362 47 
3236 -365 47 
3230 -367 47 
3224 -369 47 
3218 -371 47 
3212 -373 47 
3206 -375 46 
3200 -377 46 
3194 -379 46 
3188 -380 46 
3182 -382 46 
3176 -383 46 
3171 -384 46 
3165 -385 46 
3160 -386 46 
3154 -387 45 
3149 -388 45 
3144 -389 45 
3138 -389 45 
3133 -390 45 
3128 -390 45 
3124 -390 45 
3119 -390 44 
3114 -390 44 
3109 -390 43 
3105 -390 44 
3101 -390 45 
3097 -390 45 
3093 -390 45 
3089 -390 45 
3084 -389 46 
3080 -388 46 
3076 -388 46 
3071 -387 46 
3067 -386 46 
3062 -385 46 
3058 -384 46 
3053 -382 47 
3049 -381 47 
3044 -379 47 
3039 -378 47 
3035 -376 47 
3030 -375 47 
3025 -373 47 
3021 -371 47 
3016 -369 47 
3011 -367 47 
3006 -364 47 
3001 -362 47 
2996 -360 47 
2991 -357 48 
2986 -354 48 
2981 -352 48 
2976 -349 48 
2971 -346 48 
2966 -343 48 
2960 -340 48 
2955 -337 48 
2950 -334 48 
2945 -330 48 
2939 -327 48 
2934 -323 48 
2929 -320 48 
2923 -316 48 
2918 -312 48 
2912 -309 48 
2907 -305 48 
2901 -301 48 
2896 -297 49 
2890 -292 49 
2885 -288 49 
2879 -284 49 
2873 -279 49 
2868 -275 49 
2862 -270 49 
2856 -265 49 
2850 -261 49 
2845 -256 49 
2839 -251 49 
2833 -257 50 
2827 -263 49 
2822 -268 49 
2816 -274 49 
2810 -279 49 
2804 -284 49 
2798 -289 49 
2792 -294 49 
2786 -299 49 
2780 -304 49 
2773 -308 49 
2767 -313 48 
2761 -317 48 
2755 -321 48 
2749 -325 48 
2743 -329 48 
2736 -333 48 
2730 -336 48 
2724 -340 48 
2717 -343 48 
2711 -347 47 
2705 -350 47 
2698 -353 47 
2692 -356 47 
2685 -359 47 
2679 -361 47 
2672 -364 47 
2666 -366 47 
2659 -369 47 
2653 -371 46 
2646 -373 46 
2640 -375 46 
2633 -377 46 
2626 -379 46 
2620 -380 46 
2613 -382 46 
2606 -383 46 
2600 -385 45 
2593 -386 45 
2587 -387 45 
2580 -388 45 
2574 -389 45 
2568 -390 45 
2561 -390 45 
2555 -391 44 
2549 -391 44 
2542 -391 44 
2536 -392 44 
2530 -392 43 
2524 -392 43 
2518 -391 42 
2512 -392 43 
2506 -392 44 
2501 -391 44 
2495 -391 44 
2489 -391 44 
2484 -390 45 
2478 -390 45 
2472 -389 45 
2467 -388 45 
2461 -387 45 
2456 -386 46 
2450 -385 46 
2445 -384 46 
2440 -382 46 
2434 -381 46 
2429 -379 46 
2424 -378 46 
2418 -376 47 
2413 -374 47 
2408 -372 47 
2403 -370 47 
2397 -368 47 
2392 -366 47 
2387 -364 47 
2381 -361 47 
2376 -359 47 
2370 -356 47 
2365 -353 47 
2359 -351 47 
2354 -348 48 
2348 -345 48 
2343 -342 48 
2337 -338 48 
2331 -335 48 
2326 -332 48 
2320 -328 48 
2314 -325 48 
2309 -321 48 
2303 -318 48 
2297 -314 48 
2291 -310 48 
2285 -306 48 
2279 -302 48 
2274 -298 48 
2268 -294 48 
2262 -290 48 
2256 -285 48 
2250 -281 48 
2244 -276 48 
2237 -272 49 
2231 -267 49 
2225 -262 49 
2219 -257 49 
2213 -252 49 
2203 -246 42 
2201 -255 49 
2195 -261 49 
2188 -267 49 
2182 -272 49 
2176 -277 49 
2170 -282 49 
2163 -287 49 
2157 -292 49 
2150 -297 49 
2144 -302 48 
2138 -306 48 
2131 -311 48 
2125 -315 48 
2118 -319 48 
2112 -323 48 
2105 -327 48 
2099 -331 48 
2092 -335 48 
2085 -338 47 
2079 -341 47 
2072 -345 47 
2065 -348 47 
2059 -351 47 
2052 -354 47 
2045 -357 47 
2038 -359 47 
2032 -362 47 
2025 -364 46 
2018 -367 46 
2011 -369 46 
2004 -371 46 
1997 -373 46 
1990 -375 46 
1983 -377 46 
1976 -378 46 
1969 -380 45 
1962 -381 45 
1955 -383 45 
1948 -384 45 
1941 -385 45 
1934 -386 45 
1927 -387 44 
1920 -388 44 
1913 -388 44 
1905 -389 44 
1898 -389 44 
1891 -389 43 
1884 -390 43 
1876 -390 43 
1869 -390 42 
1861 -389 42 
1855 -389 42 
1848 -389 43 
1840 -389 43 
1833 -389 43 
1826 -389 44 
1819 -388 44 
1812 -387 44 
1804 -387 44 
1797 -386 44 
1790 -385 44 
1782 -384 45 
1775 -383 45 
1768 -381 45 
1760 -380 45 
1753 -379 45 
1745 -377 45 
1738 -375 45 
1731 -374 45 
1723 -372 45 
1716 -370 45 
1708 -368 46 
1700 -366 46 
1693 -363 46 
1685 -361 46 
1678 -359 46 
1670 -356 46 
1663 -354 46 
1655 -351 46 
1647 -348 46 
1640 -345 46 
1632 -342 46 
1624 -339 46 
1616 -336 46 
1609 -333 47 
1601 -330 47 
1593 -326 47 
1585 -323 47 
1578 -319 47 
1570 -315 47 
1562 -312 47 
1554 -308 47 
1546 -304 47 
1539 -300 47 
1531 -296 47 
1523 -292 47 
1515 -287 47 
1507 -283 47 
1499 -279 47 
1491 -274 47 
1483 -269 47 
1475 -265 48 
1467 -260 48 
1459 -255 48 
1451 -250 48 
1443 -245 48 
1435 -240 48 
1427 -235 48 
1419 -230 48 
1411 -224 48 
1403 -219 48 
1395 -214 48 
1387 -208 48 
1378 -202 48 
1367 -195 41 
1359 -195 41 
1351 -195 41 
1344 -196 42 
1338 -196 42 
1333 -196 42 
1328 -196 43 
1324 -196 43 
1321 -197 44 
1318 -197 44 
1315 -197 45 
1313 -197 45 
1311 -198 45 
1310 -198 46 
1310 -198 47 
1309 -198 47 
1309 -199 48 
1310 -199 49 
1310 -199 48 
1310 -198 47 
1311 -198 47 
1312 -198 46 
1313 -198 46 
1314 -198 46 
1316 -198 46 
1318 -197 45 
1320 -197 45 
1322 -197 45 
1328 -207 52 
1330 -212 52 
1333 -218 52 
1335 -223 52 
1338 -229 52 
1341 -234 51 
1343 -239 51 
1346 -244 51 
1349 -248 51 
1352 -253 51 
1355 -258 51 
1358 -262 51 
1360 -266 51 
1364 -270 50 
1367 -274 50 
1370 -278 50 
1373 -282 50 
1376 -286 50 
1379 -289 50 
1382 -293 50 
1386 -296 49 
1389 -299 49 
1393 -302 49 
1396 -305 49 
1399 -308 49 
1403 -310 49 
1407 -313 49 
1410 -315 49 
1414 -318 48 
1417 -320 48 
1421 -322 48 
1425 -324 48 
1429 -326 48 
1433 -328 48 
1436 -329 47 
1440 -331 47 
1444 -332 47 
1448 -334 47 
1452 -335 47 
1456 -336 47 
1460 -337 46 
1464 -338 46 
1469 -338 46 
1473 -339 46 
1477 -340 46 
1481 -340 45 
1486 -340 45 
1490 -340 45 
1494 -341 45 
1498 -340 44 
1503 -340 43 
1507 -340 44 
1512 -340 44 
1517 -340 45 
1522 -340 45 
1527 -339 45 
1531 -339 45 
1536 -338 45 
1541 -337 46 
1546 -337 46 
1551 -336 46 
1556 -335 46 
1561 -333 46 
1566 -332 46 
1571 -331 46 
1576 -329 46 
1581 -328 47 
1587 -326 47 
1592 -324 47 
1597 -323 47 
1602 -321 47 
1607 -319 47 
1613 -316 47 
1618 -314 47 
1623 -312 47 
1629 -309 47 
1634 -307 47 
1640 -304 47 
1645 -302 47 
1651 -299 48 
1656 -296 48 
1662 -293 48 
1667 -290 48 
1673 -287 48 
1679 -284 48 
1684 -280 48 
1690 -277 48 
1696 -273 48 
1701 -270 48 
1707 -266 48 
1713 -262 48 
1719 -258 48 
1725 -255 48 
1731 -251 48 
1733 -246 42 
1739 -246 42 
1745 -246 42 
1750 -246 42 
1756 -246 42 
1762 -246 42 
1767 -246 42 
1776 -256 50 
1782 -261 50 
1787 -267 50 
1793 -272 49 
1798 -277 49 
1804 -283 49 
1809 -288 49 
1815 -293 49 
1821 -297 49 
1826 -302 49 
1832 -307 49 
1838 -311 49 
1843 -315 49 
1849 -319 48 
1855 -323 48 
1861 -327 48 
1867 -331 48 
1872 -335 48 
1878 -338 48 
1884 -342 48 
1890 -345 48 
1896 -348 48 
1902 -351 47 
1908 -354 47 
1914 -357 47 
1920 -360 47 
1927 -362 47 
1933 -365 47 
1939 -367 47 
1945 -369 47 
1951 -371 46 
1957 -373 46 
1964 -375 46 
1970 -377 46 
1976 -379 46 
1982 -380 46 
1989 -382 46 
1995 -383 45 
2002 -384 45 
2008 -385 45 
2014 -386 45 
2021 -387 45 
2027 -388 45 
2034 -388 44 
2040 -389 44 
2047 -389 44 
2053 -390 44 
2060 -390 43 
2066 -390 43 
2073 -390 43 
2079 -389 42 
2086 -390 43 
2093 -390 43 
2100 -389 43 
2107 -389 44 
2114 -389 44 
2121 -388 44 
2128 -388 44 
2135 -387 44 
2142 -386 44 
2149 -385 45 
2156 -384 45 
2163 -383 45 
2170 -382 45 
2177 -380 45 
2184 -379 45 
2191 -377 45 
2198 -376 45 
2205 -374 46 
2212 -372 46 
2219 -370 46 
2226 -368 46 
2233 -366 46 
2240 -364 46 
2247 -361 46 
2254 -359 46 
2261 -357 47 
2267 -354 47 
2274 -351 47 
2281 -349 47 
2287 -346 47 
2294 -343 47 
2300 -340 47 
2307 -337 47 
2313 -333 47 
2319 -330 48 
2325 -327 48 
2331 -323 48 
2337 -320 48 
2342 -316 48 
2348 -312 48 
2354 -309 48 
2359 -305 48 
2365 -301 49 
2370 -297 49 
2376 -292 49 
2381 -288 49 
2386 -284 49 
2392 -279 49 
2397 -275 49 
2403 -270 49 
2408 -266 49 
2414 -261 49 
2419 -256 49 
2425 -251 49 
2431 -257 50 
2436 -263 50 
2442 -268 50 
2447 -274 49 
2453 -279 49 
2458 -284 49 
2464 -289 49 
2470 -294 49 
2475 -299 49 
2481 -304 49 
2487 -308 49 
2493 -313 49 
2498 -317 48 
2504 -321 48 
2510 -325 48 
2516 -329 48 
2522 -333 48 
2528 -336 48 
2534 -340 48 
2540 -343 48 
2546 -347 48 
2552 -350 47 
2558 -353 47 
2564 -356 47 
2570 -359 47 
2576 -361 47 
2582 -364 47 
2588 -366 47 
2595 -369 47 
2601 -371 47 
2607 -373 46 
2613 -375 46 
2620 -377 46 
2626 -379 46 
2632 -380 46 
2639 -382 46 
2645 -383 46 
2651 -385 45 
2658 -386 45 
2664 -387 45 
2671 -388 45 
2677 -389 45 
2684 -389 45 
2690 -390 44 
2697 -391 44 
2703 -391 44 
2710 -391 44 
2716 -391 43 
2723 -392 43 
2729 -391 43 
2736 -391 42 
2743 -391 43 
2749 -391 43 
2756 -391 44 
2762 -391 44 
2769 -391 44 
2775 -390 44 
2781 -389 45 
2787 -389 45 
2793 -388 45 
2799 -387 45 
2805 -386 46 
2810 -385 46 
2816 -384 46 
2821 -382 46 
2827 -381 46 
2832 -379 47 
2837 -378 47 
2842 -376 47 
2847 -374 47 
2852 -372 47 
2857 -370 47 
2861 -368 47 
2866 -366 48 
2871 -364 48 
2875 -361 48 
2880 -359 48 
2885 -356 48 
2890 -354 48 
2894 -351 48 
2899 -348 48 
2904 -345 48 
2909 -342 48 
2914 -339 48 
2919 -335 48 
2924 -332 48 
2929 -329 48 
2934 -325 48 
2939 -322 48 
2945 -318 48 
2950 -314 49 
2955 -310 49 
2960 -306 49 
2965 -302 49 
2971 -298 49 
2976 -294 49 
2981 -290 49 
2986 -286 49 
2992 -281 49 
2997 -277 49 
3002 -272 49 
3007 -267 49 
3012 -263 49 
3017 -258 49 
3022 -253 49 
3024 -246 43 
3032 -256 50 
3037 -261 50 
3041 -267 50 
3046 -273 50 
3050 -278 50 
3055 -283 50 
3059 -288 50 
3064 -293 50 
3068 -298 50 
3073 -302 50 
3077 -307 49 
3082 -311 49 
3087 -316 49 
3092 -320 49 
3096 -324 49 
3101 -328 49 
3106 -331 49 
3111 -335 49 
3116 -339 48 
3121 -342 48 
3126 -345 48 
3131 -348 48 
3136 -351 48 
3141 -354 48 
3146 -357 48 
3151 -360 48 
3156 -363 48 
3161 -365 48 
3166 -367 47 
3171 -370 47 
3176 -372 47 
3180 -374 47 
3185 -376 47 
3190 -377 47 
3195 -379 47 
3199 -381 47 
3204 -382 47 
3208 -384 47 
3213 -385 47 
3217 -386 47 
3221 -387 46 
3225 -388 46 
3229 -389 46 
3233 -389 46 
3236 -390 46 
3240 -390 46 
3244 -391 46 
3247 -391 46 
3250 -391 45 
3254 -391 45 
3257 -391 44 
3260 -391 45 
3264 -391 46 
3267 -391 46 
3270 -390 46 
3273 -390 46 
3277 -389 47 
3280 -389 47 
3283 -388 47 
3286 -387 47 
3289 -386 47 
3292 -385 47 
3296 -384 47 
3299 -383 48 
3302 -381 48 
3306 -380 48 
3309 -378 48 
3312 -377 48 
3316 -375 48 
3319 -373 48 
3323 -371 48 
3327 -369 48 
3330 -367 48 
3334 -365 48 
3338 -362 48 
3341 -360 48 
3345 -357 48 
3349 -355 49 
3353 -352 49 
3357 -349 49 
3361 -347 49 
3365 -344 49 
3369 -340 49 
3373 -337 49 
3377 -334 49 
3381 -331 49 
3385 -327 49 
3389 -324 49 
3394 -320 49 
3398 -317 49 
3402 -313 49 
3407 -309 49 
3411 -305 49 
3415 -301 49 
3420 -297 49 
3424 -293 49 
3429 -288 49 
3434 -284 49 
3438 -280 49 
3443 -275 49 
3447 -270 49 
3452 -266 50 
3457 -261 50 
3462 -256 50 
3467 -251 50 
3472 -257 50 
3476 -263 50 
3481 -269 50 
3486 -274 50 
3491 -279 50 
3496 -285 50 
3501 -290 50 
3506 -294 49 
3511 -299 49 
3516 -304 49 
3521 -308 49 
3526 -313 49 
3531 -317 49 
3536 -321 49 
3541 -325 49 
3547 -329 49 
3552 -333 49 
3557 -337 48 
3562 -340 48 
3567 -344 48 
3572 -347 48 
3574 -346 43 
3580 -347 44 
3585 -347 44 
3589 -346 45 
3594 -346 45 
3599 -346 45 
3603 -345 46 
3607 -345 46 
3612 -344 46 
3616 -343 46 
3620 -342 47 
3624 -341 47 
3628 -340 47 
3632 -339 47 
3635 -338 47 
3639 -336 47 
3643 -335 48 
3647 -333 48 
3650 -331 48 
3654 -330 48 
3658 -328 48 
3662 -326 48 
3665 -323 48 
3669 -321 48 
3673 -319 48 
3677 -316 48 
3681 -314 48 
3685 -311 48 
3689 -309 48 
3693 -306 48 
3697 -303 49 
3702 -300 49 
3706 -297 49 
3710 -294 49 
3714 -291 49 
3719 -287 49 
3723 -284 49 
3728 -280 49 
3732 -277 49 
3736 -273 49 
3741 -269 49 
3746 -265 49 
3750 -262 49 
3755 -257 49 
3759 -253 49 
3761 -246 43 
3766 -246 43 
3770 -246 43 
3775 -246 43 
3780 -246 43 
3784 -246 43 
3789 -246 43 
3794 -246 43 
3799 -246 43 
3803 -246 43 
3808 -246 43 
3813 -246 43 
3821 -256 50 
3826 -261 50 
3831 -267 50 
3836 -272 50 
3840 -278 50 
3845 -283 50 
3850 -288 50 
3855 -293 49 
3860 -298 49 
3865 -302 49 
3870 -307 49 
3875 -311 49 
3880 -315 49 
3886 -320 49 
3891 -324 49 
3896 -327 49 
3901 -331 48 
3906 -335 48 
3912 -338 48 
3917 -342 48 
3922 -345 48 
3928 -348 48 
3933 -351 48 
3939 -354 48 
3944 -357 48 
3950 -360 47 
3955 -362 47 
3961 -365 47 
3966 -367 47 
3972 -369 47 
3977 -372 47 
3983 -373 47 
3989 -375 46 
3994 -377 46 
4000 -379 46 
4006 -380 46 
4012 -382 46 
4017 -383 46 
4023 -384 46 
4029 -385 45 
4035 -386 45 
4041 -387 45 
4047 -388 45 
4053 -389 45 
4059 -389 44 
4065 -389 44 
4071 -390 44 
4077 -390 44 
4083 -390 43 
4089 -390 43 
4094 -390 42 
4101 -390 43 
4107 -396 42 
4113 -396 42 
4119 -396 42 
4125 -396 42 
4131 -396 42 
4137 -396 42 
4143 -396 42 
4149 -396 42 
4154 -396 42 
4160 -396 42 
4166 -396 42 
4171 -396 42 
4177 -396 42 
4182 -396 42 
4188 -396 43 
4193 -396 43 
4198 -396 43 
4204 -396 43 
4209 -396 43 
4214 -396 43 
4220 -396 43 
4225 -396 43 
4230 -396 43 
4235 -396 43 
4241 -396 43 
4246 -396 43 
4251 -396 43 
4255 -396 43 
4259 -397 44 
4263 -397 44 
4266 -397 44 
4269 -397 45 
4271 -397 45 
4273 -398 46 
4274 -398 46 
4275 -398 47 
4276 -399 48 
4277 -399 49 
4276 -399 48 
4275 -398 47 
4274 -398 47 
4273 -398 46 
4271 -398 46 
4270 -398 46 
4268 -398 46 
4266 -397 45 
4264 -397 45 
4262 -397 45 
4259 -397 45 
4256 -397 45 
4254 -397 45 
4251 -397 44 
4248 -397 44 
4245 -397 44 
4241 -397 44 
4238 -397 44 
4235 -397 44 
4231 -397 44 
4227 -397 44 
4224 -397 44 
4220 -397 44 
4216 -397 44 
4212 -397 44 
4208 -397 44 
4204 -397 44 
4200 -397 43 
4196 -396 43 
4192 -396 43 
4188 -396 43 
4184 -396 43 
4179 -396 43 
4175 -396 43 
4171 -396 43 
4166 -396 43 
4165 -406 50 
4161 -412 50 
4156 -417 50 
4152 -423 50 
4147 -428 50 
4143 -433 50 
4138 -438 50 
4133 -443 50 
4129 -448 50 
4124 -452 49 
4119 -457 49 
4114 -461 49 
4109 -466 49 
4104 -470 49 
4099 -474 49 
4094 -478 49 
4089 -481 49 
4084 -485 49 
4079 -489 48 
4074 -492 48 
4069 -495 48 
4064 -498 48 
4059 -501 48 
4054 -504 48 
4048 -507 48 
4043 -510 48 
4038 -512 47 
4032 -515 47 
4027 -517 47 
4022 -520 47 
4016 -522 47 
4011 -524 47 
4005 -525 47 
4000 -527 47 
3994 -529 46 
3988 -530 46 
3983 -532 46 
3977 -533 46 
3971 -534 46 
3966 -535 46 
3960 -536 45 
3954 -537 45 
3948 -538 45 
3942 -539 45 
3937 -539 45 
3931 -540 44 
3925 -540 44 
3919 -540 44 
3913 -540 44 
3906 -540 43 
3900 -540 42 
3895 -540 43 
3889 -540 44 
3883 -540 44 
3877 -539 44 
3871 -539 44 
3865 -538 44 
3859 -538 45 
3853 -537 45 
3847 -536 45 
3841 -535 45 
3834 -534 45 
3828 -533 45 
3822 -532 45 
3816 -530 46 
3810 -529 46 
3803 -527 46 
3797 -526 46 
3791 -524 46 
3784 -522 46 
3778 -520 46 
3771 -518 46 
3765 -516 46 
3759 -514 46 
3752 -512 46 
3746 -509 47 
3739 -507 47 
3732 -504 47 
3726 -501 47 
3719 -499 47 
3713 -496 47 
3706 -493 47 
3699 -490 47 
3693 -486 47 
3686 -483 47 
3679 -480 47 
3672 -477 47 
3666 -473 47 
3659 -469 47 
3652 -466 47 
3645 -462 47 
3638 -458 48 
3631 -454 48 
3625 -450 48 
3618 -457 49 
3612 -462 49 
3605 -468 49 
3598 -473 49 
3591 -479 49 
3584 -484 48 
3577 -489 48 
3570 -494 48 
3563 -499 48 
3556 -503 48 
3549 -508 48 
3542 -512 48 
3535 -516 48 
3528 -521 48 
3520 -525 48 
3513 -529 47 
3506 -532 47 
3499 -536 47 
3492 -540 47 
3485 -543 47 
3477 -546 47 
3470 -549 47 
3463 -552 47 
3455 -555 47 
3448 -558 46 
3441 -561 46 
3433 -563 46 
3426 -566 46 
3419 -568 46 
3411 -571 46 
3404 -573 46 
3396 -575 46 
3389 -577 46 
3381 -578 45 
3374 -580 45 
3366 -581 45 
3359 -583 45 
3351 -584 45 
3344 -585 45 
3336 -587 45 
3328 -587 44 
3321 -588 44 
3313 -589 44 
3306 -590 44 
3298 -590 44 
3290 -591 43 
3282 -591 43 
3275 -591 43 
3267 -591 43 
3259 -591 42 
3251 -591 41 
3243 -591 42 
3236 -591 43 
3228 -591 43 
3221 -590 43 
3213 -590 43 
3205 -590 43 
3198 -589 44 
3190 -588 44 
3182 -587 44 
3174 -586 44 
3167 -585 44 
3159 -584 44 
3151 -583 45 
3143 -582 45 
3135 -580 45 
3128 -579 45 
3120 -577 45 
3112 -575 45 
3104 -573 45 
3096 -571 45 
3088 -569 45 
3080 -567 45 
3072 -565 46 
3064 -563 46 
3056 -560 46 
3048 -558 46 
3040 -555 46 
3032 -553 46 
3024 -550 46 
3014 -545 41 
3006 -545 41 
2998 -545 41 
2991 -545 41 
2984 -546 41 
2977 -546 42 
2974 -555 49 
2967 -561 49 
2960 -566 49 
2953 -572 49 
2946 -577 48 
2939 -582 48 
2931 -587 48 
2924 -592 48 
2917 -597 48 
2908 -597 45 
2901 -597 44 
2894 -597 44 
2887 -597 44 
2880 -597 44 
2873 -597 44 
2865 -597 44 
2858 -597 44 
2851 -597 44 
2844 -597 44 
2836 -597 44 
2829 -597 44 
2822 -597 44 
2814 -597 44 
2807 -597 44 
2800 -597 44 
2792 -597 44 
2785 -597 44 
2777 -597 44 
2770 -597 44 
2762 -597 44 
2755 -597 44 
2747 -597 44 
2740 -597 44 
2732 -597 44 
2725 -597 44 
2717 -597 44 
2710 -597 44 
2702 -597 44 
2695 -597 44 
2687 -597 44 
2679 -597 44 
2672 -597 44 
2664 -597 44 
2656 -597 44 
2649 -597 44 
2641 -597 44 
2633 -597 44 
2625 -597 44 
2618 -597 44 
2610 -597 44 
2602 -597 44 
2594 -597 44 
2587 -597 44 
2579 -597 44 
2571 -597 44 
2563 -597 44 
2555 -597 44 
2547 -597 44 
2539 -597 44 
2531 -597 44 
2524 -597 44 
2516 -597 44 
2508 -597 44 
2500 -597 44 
2492 -597 44 
2484 -597 44 
2476 -597 44 
2468 -597 44 
2460 -597 44 
2452 -597 44 
2444 -597 44 
2435 -597 44 
2427 -597 44 
2419 -597 44 
2411 -597 44 
2403 -597 44 
2395 -597 44 
2387 -597 44 
2379 -597 44 
2370 -597 44 
2362 -597 44 
2354 -597 44 
2346 -597 44 
2338 -597 44 
2329 -597 44 
2321 -597 44 
2313 -597 44 
2305 -597 44 
2296 -597 44 
2288 -597 44 
2280 -597 44 
2272 -597 44 
2263 -597 44 
2255 -597 44 
2247 -597 44 
2238 -597 44 
2230 -597 44 
2221 -597 44 
2213 -597 44 
2205 -597 44 
2196 -597 44 
2188 -597 44 
2179 -597 44 
2171 -597 44 
2163 -597 44 
2154 -597 44 
2146 -597 44 
2137 -597 44 
2129 -597 44 
2120 -597 44 
2112 -597 44 
2103 -597 44 
2095 -597 44 
2086 -597 44 
2078 -597 44 
2069 -597 44 
2060 -597 44 
2052 -597 44 
2043 -597 44 
2035 -597 44 
2026 -597 44 
2017 -597 44 
2009 -597 44 
2000 -597 44 
1992 -597 44 
1983 -597 44 
1974 -597 44 
1966 -597 44 
1957 -597 44 
1948 -597 44 
1942 -593 48 
1933 -587 48 
1924 -581 48 
1916 -575 48 
1907 -569 48 
1898 -562 48 
1889 -556 48 
1881 -550 48 
1869 -545 41 
1860 -545 41 
1852 -545 41 
1844 -545 41 
1837 -545 41 
1829 -545 41 
1822 -545 41 
1815 -545 41 
1808 -546 42 
1801 -546 42 
1794 -546 42 
1788 -546 42 
1781 -546 42 
1775 -546 42 
