0 0 
850 500 
850 500 
850 500 
850 501 
850 501 
851 502 
851 502 
852 503 
852 504 
853 505 
854 506 
854 507 
855 509 
856 510 
857 512 
858 513 
859 515 
860 517 
861 519 
862 521 
864 523 
865 525 
866 527 
868 529 
869 532 
871 534 
872 537 
874 540 
876 543 
877 546 
879 549 
881 552 
883 555 
885 558 
887 561 
889 565 
891 568 
893 572 
896 576 
898 579 
900 583 
902 587 
905 591 
907 595 
910 600 
912 604 
915 608 
918 613 
920 617 
923 622 
926 627 
929 631 
932 636 
934 641 
937 646 
940 651 
944 656 
947 662 
949 667 
949 672 
949 678 
949 684 
949 689 
949 695 
949 701 
949 707 
949 713 
949 719 
949 725 
949 731 
949 737 
949 743 
949 750 
949 756 
949 763 
949 769 
939 764 
929 759 
919 754 
910 749 
900 744 
890 739 
881 734 
872 730 
863 725 
853 721 
844 717 
835 713 
826 709 
817 705 
809 701 
801 698 
801 694 
801 691 
801 688 
801 685 
801 682 
801 679 
801 676 
801 674 
811 668 
821 663 
831 658 
841 653 
851 648 
861 643 
871 639 
880 634 
890 630 
900 625 
909 621 
919 617 
928 613 
938 609 
947 606 
949 602 
949 599 
949 595 
949 592 
949 589 
949 586 
949 583 
949 581 
949 578 
949 576 
949 573 
949 571 
949 569 
949 567 
949 565 
949 563 
949 562 
949 560 
949 559 
949 557 
949 556 
949 555 
939 549 
929 544 
919 539 
909 534 
899 529 
889 524 
879 520 
869 515 
860 511 
850 506 
841 502 
831 498 
822 494 
812 490 
803 487 
801 483 
801 480 
801 477 
801 473 
801 470 
801 467 
801 464 
801 462 
801 459 
801 457 
801 454 
801 452 
801 450 
801 448 
801 446 
801 444 
801 443 
801 441 
801 440 
801 438 
801 437 
801 436 
801 435 
801 434 
801 433 
801 432 
801 432 
801 431 
801 431 
801 431 
801 431 
801 430 
801 431 
801 431 
801 431 
801 431 
801 432 
801 432 
801 433 
801 434 
801 435 
801 436 
801 437 
801 438 
801 439 
801 440 
801 442 
801 443 
801 445 
811 440 
821 434 
831 429 
841 424 
851 419 
861 414 
871 410 
880 405 
890 401 
900 396 
909 392 
919 388 
928 384 
938 381 
947 377 
949 373 
949 370 
949 367 
949 363 
949 360 
949 357 
949 355 
949 352 
949 349 
949 347 
949 344 
949 342 
949 340 
949 338 
949 336 
949 334 
949 333 
949 331 
949 330 
949 328 
949 327 
949 326 
949 325 
949 324 
949 323 
949 323 
949 322 
949 321 
949 321 
949 321 
949 321 
949 321 
949 321 
939 315 
929 310 
919 305 
909 300 
899 295 
889 290 
879 285 
869 281 
860 276 
850 272 
841 268 
831 264 
822 260 
812 256 
803 253 
801 249 
801 246 
801 242 
801 239 
801 236 
801 233 
801 230 
801 228 
801 225 
801 223 
801 220 
801 218 
801 216 
801 214 
801 212 
801 210 
801 208 
801 207 
801 205 
801 204 
801 203 
801 201 
801 200 
801 199 
801 197 
801 195 
801 193 
801 192 
801 190 
801 188 
801 186 
801 183 
801 181 
801 179 
801 177 
801 174 
801 172 
801 169 
801 167 
801 164 
801 161 
801 159 
801 156 
801 153 
801 150 
801 147 
801 145 
801 142 
801 139 
801 136 
801 133 
801 130 
801 127 
801 124 
801 121 
801 118 
801 115 
801 112 
801 109 
801 106 
801 103 
801 100 
801 97 
801 94 
801 91 
801 88 
801 85 
801 82 
801 79 
801 77 
801 74 
801 71 
801 69 
801 66 
801 64 
801 61 
801 59 
801 56 
801 54 
801 52 
801 50 
801 47 
801 45 
801 43 
801 41 
801 40 
801 38 
801 36 
801 35 
811 29 
821 24 
831 19 
841 14 
851 9 
861 4 
871 0 
881 -4 
890 -9 
900 -13 
909 -17 
919 -21 
928 -25 
938 -29 
947 -32 
949 -36 
949 -39 
949 -43 
949 -46 
949 -49 
949 -52 
949 -55 
949 -57 
949 -60 
949 -63 
949 -65 
949 -67 
949 -69 
949 -71 
949 -73 
949 -75 
949 -77 
949 -78 
949 -80 
949 -81 
949 -82 
949 -83 
949 -84 
949 -85 
949 -86 
949 -87 
949 -87 
949 -88 
949 -88 
949 -89 
949 -89 
950 -89 
950 -89 
950 -89 
950 -88 
950 -88 
951 -87 
951 -87 
952 -86 
952 -86 
953 -85 
954 -84 
954 -83 
955 -81 
956 -80 
957 -79 
958 -77 
959 -76 
960 -74 
961 -73 
962 -71 
964 -69 
965 -67 
966 -65 
968 -62 
969 -60 
971 -58 
972 -55 
974 -53 
976 -50 
977 -50 
979 -50 
981 -50 
984 -50 
986 -50 
989 -50 
992 -50 
994 -50 
997 -50 
1001 -50 
1004 -50 
1007 -50 
1010 -50 
1014 -55 
1018 -60 
1021 -65 
1025 -71 
1028 -75 
1032 -80 
1036 -85 
1040 -89 
1044 -94 
1047 -98 
1051 -102 
1055 -106 
1059 -110 
1063 -114 
1067 -118 
1071 -121 
1076 -125 
1080 -128 
1084 -131 
1088 -134 
1093 -137 
1097 -140 
1101 -143 
1106 -145 
1110 -148 
1115 -150 
1119 -152 
1124 -154 
1128 -156 
1133 -158 
1137 -160 
1142 -162 
1147 -163 
1152 -165 
1156 -166 
1161 -167 
1166 -169 
1171 -170 
1176 -170 
1181 -171 
1186 -172 
1191 -173 
1196 -173 
1201 -173 
1206 -174 
1211 -174 
1216 -174 
1221 -174 
1227 -174 
1232 -173 
1237 -173 
1243 -173 
1248 -172 
1253 -171 
1259 -171 
1264 -170 
1270 -169 
1275 -168 
1281 -167 
1286 -165 
1292 -164 
1297 -163 
1303 -161 
1309 -159 
1314 -158 
1320 -156 
1326 -154 
1332 -152 
1338 -150 
1343 -148 
1349 -145 
1355 -143 
1361 -140 
1367 -138 
1373 -135 
1379 -132 
1385 -130 
1391 -127 
1397 -124 
1403 -120 
1409 -117 
1415 -114 
1422 -111 
1428 -107 
1434 -104 
1440 -100 
1447 -96 
1453 -92 
1459 -88 
1465 -84 
1472 -80 
1478 -76 
1485 -72 
1491 -68 
1498 -63 
1504 -59 
1511 -54 
1517 -50 
1524 -50 
1530 -50 
1536 -50 
1543 -50 
1549 -50 
1555 -50 
1561 -50 
1567 -50 
1573 -50 
1579 -50 
1584 -50 
1590 -50 
1596 -50 
1601 -50 
1607 -50 
1612 -50 
1618 -50 
1623 -50 
1629 -50 
1634 -50 
1639 -50 
1645 -50 
1650 -50 
1655 -50 
1660 -50 
1666 -50 
1671 -50 
1676 -50 
1681 -50 
1686 -50 
1691 -50 
1696 -50 
1701 -50 
1707 -50 
1712 -50 
1717 -50 
1722 -50 
1727 -50 
1732 -50 
1737 -50 
1742 -50 
1747 -50 
1752 -50 
1757 -50 
1762 -50 
1767 -50 
1771 -50 
1776 -50 
1781 -50 
1786 -50 
1791 -50 
1796 -50 
1801 -50 
1806 -50 
1811 -50 
1816 -50 
1821 -50 
1826 -50 
1831 -50 
1835 -50 
1840 -50 
1845 -50 
1850 -50 
1855 -50 
1860 -50 
1865 -50 
1870 -50 
1875 -50 
1879 -50 
1884 -50 
1889 -50 
1894 -50 
1899 -50 
1904 -50 
1909 -50 
1914 -50 
1919 -50 
1923 -50 
1928 -50 
1933 -50 
1938 -50 
1943 -50 
1948 -50 
1953 -50 
1957 -50 
1962 -50 
1967 -50 
1972 -50 
1977 -50 
1982 -50 
1987 -50 
1992 -49 
1996 -49 
2001 -49 
2006 -49 
2011 -48 
2016 -47 
2021 -47 
2027 -46 
2032 -45 
2037 -44 
2042 -43 
2047 -42 
2052 -40 
2058 -39 
2063 -37 
2068 -36 
2074 -34 
2079 -32 
2085 -30 
2090 -28 
2096 -26 
2101 -24 
2107 -22 
2112 -20 
2118 -17 
2123 -15 
2129 -12 
2134 -9 
2140 -6 
2145 -4 
2150 -1 
2155 2 
2160 5 
2165 8 
2170 11 
2174 15 
2179 18 
2183 22 
2188 26 
2192 29 
2196 33 
2200 37 
2204 41 
2208 45 
2212 50 
2216 54 
2220 58 
2223 63 
2227 67 
2230 72 
2233 77 
2237 81 
2240 86 
2243 91 
2246 96 
2249 101 
2252 106 
2254 112 
2257 117 
2260 122 
2262 128 
2264 133 
2267 139 
2269 145 
2271 151 
2273 157 
2275 162 
2277 168 
2279 175 
2281 181 
2283 187 
2284 193 
2286 200 
2287 206 
2289 213 
2290 219 
2292 226 
2293 233 
2294 240 
2295 247 
2296 254 
2297 261 
2298 268 
2299 275 
2299 282 
2300 289 
2300 297 
2301 304 
2301 312 
2302 319 
2302 327 
2302 335 
2303 343 
2303 350 
2303 358 
2303 366 
2303 374 
2303 382 
2302 391 
2302 399 
2302 407 
2301 416 
2301 424 
2300 433 
2300 441 
2299 450 
2299 458 
2298 467 
2297 476 
2296 485 
2295 494 
2294 503 
2293 512 
2292 521 
2291 530 
2290 539 
2288 549 
2287 558 
2286 567 
2284 577 
2283 586 
2281 596 
2280 606 
2278 615 
2276 625 
2275 635 
2273 645 
2271 655 
2269 665 
2267 675 
2265 685 
2263 695 
2261 705 
2259 716 
2256 726 
2254 736 
2252 747 
2249 749 
2247 749 
2244 749 
2241 749 
2239 749 
2235 749 
2232 749 
2229 749 
2226 749 
2222 749 
2219 749 
2215 749 
2211 749 
2208 749 
2204 749 
2200 749 
2196 749 
2192 749 
2188 749 
2184 749 
2179 749 
2175 749 
2171 749 
2167 749 
2162 749 
2158 749 
2154 749 
2149 749 
2145 749 
2140 749 
2136 749 
2131 749 
2127 749 
2122 749 
2118 749 
2113 749 
2108 749 
2104 749 
2099 749 
2094 749 
2090 749 
2085 749 
2080 749 
2076 749 
2071 749 
2066 744 
2062 739 
2057 734 
2052 729 
2047 724 
2042 719 
2037 714 
2032 710 
2027 705 
2022 701 
2017 697 
2012 693 
2007 689 
2002 685 
1997 681 
1992 678 
1986 674 
1981 671 
1976 668 
1970 665 
1965 662 
1960 659 
1954 656 
1949 654 
1943 651 
1938 649 
1932 647 
1927 645 
1921 643 
1915 641 
1910 639 
1904 637 
1898 636 
1893 634 
1887 633 
1881 632 
1875 630 
1869 629 
1864 629 
1858 628 
1852 627 
1846 626 
1840 626 
1834 626 
1828 625 
1822 625 
1816 625 
1810 625 
1803 625 
1797 626 
1791 626 
1785 626 
1779 627 
1772 628 
1766 628 
1760 629 
1754 630 
1747 631 
1741 632 
1734 634 
1728 635 
1722 636 
1715 638 
1709 640 
1702 641 
1696 643 
1689 645 
1682 647 
1676 649 
1669 651 
1663 654 
1656 656 
1649 659 
1643 661 
1636 664 
1629 667 
1622 669 
1616 672 
1609 675 
1602 679 
1595 682 
1588 685 
1581 688 
1574 692 
1567 695 
1560 699 
1553 703 
1546 707 
1539 711 
1532 715 
1525 719 
1518 723 
1511 727 
1504 731 
1501 736 
1501 740 
1501 745 
1501 749 
1501 749 
1501 749 
1501 749 
1501 749 
1501 749 
1501 749 
1501 749 
1501 749 
1501 749 
1501 744 
1501 739 
1501 734 
1501 729 
1501 724 
1501 719 
1501 714 
1501 710 
1501 705 
1501 701 
1501 697 
1501 693 
1501 689 
1501 685 
1501 681 
1501 678 
1501 674 
1501 671 
1501 668 
1501 665 
1501 662 
1501 659 
1501 656 
1501 654 
1511 648 
1521 643 
1531 638 
1541 633 
1551 628 
1560 623 
1570 619 
1579 614 
1588 610 
1598 605 
1607 601 
1616 597 
1625 593 
1634 589 
1642 586 
1651 582 
1660 579 
1669 576 
1677 572 
1686 569 
1694 566 
1703 563 
1712 561 
1720 558 
1729 556 
1737 553 
1746 551 
1754 549 
1763 547 
1772 545 
1780 543 
1789 542 
1797 540 
1806 539 
1815 537 
1823 536 
1832 535 
1841 534 
1850 533 
1858 532 
1867 531 
1876 531 
1884 530 
1893 530 
1902 530 
1911 530 
1919 529 
1928 530 
1937 530 
1946 530 
1954 530 
1963 531 
1972 531 
1981 532 
1990 533 
1999 534 
2007 535 
2016 536 
2025 537 
2034 538 
2043 539 
2052 541 
2061 542 
2070 544 
2078 546 
2087 548 
2096 549 
2105 551 
2114 554 
2123 556 
2132 558 
2141 561 
2150 563 
2159 566 
2168 568 
2177 571 
2186 574 
2195 577 
2204 580 
2213 583 
2222 586 
2231 589 
2240 593 
2249 596 
2258 600 
2267 604 
2276 607 
2285 611 
2294 615 
2303 619 
2312 623 
2321 627 
2330 631 
2340 636 
2349 640 
2358 645 
2367 649 
2376 654 
2385 659 
2394 663 
2403 668 
2413 673 
2422 678 
2431 683 
2440 689 
2449 694 
2458 699 
2468 705 
2477 710 
2486 716 
2495 722 
2504 727 
2514 733 
2523 739 
2532 745 
2541 751 
2550 757 
2560 763 
2569 770 
2578 776 
2587 783 
2596 789 
2606 796 
2615 802 
2624 809 
2632 816 
2641 823 
2650 830 
2658 837 
2667 844 
2675 851 
2683 858 
2691 865 
2699 873 
2707 880 
2714 887 
2722 895 
2729 903 
2737 910 
2744 918 
2751 926 
2758 934 
2765 942 
2772 949 
2778 949 
2783 949 
2788 949 
2792 949 
2796 949 
2799 949 
2801 949 
2803 949 
2805 949 
2806 949 
2807 949 
2808 949 
2808 949 
2808 949 
2807 949 
2807 949 
2806 949 
2805 949 
2804 949 
2803 949 
2802 949 
2801 949 
2800 949 
2799 949 
2798 949 
2798 949 
2797 949 
2796 949 
2796 949 
2795 949 
2795 949 
2794 949 
2794 949 
2793 949 
2793 949 
2793 949 
2792 949 
2792 949 
2792 949 
2791 949 
2791 949 
2791 949 
2790 949 
2790 949 
2790 949 
2790 949 
2790 949 
2789 949 
2789 949 
2789 949 
2789 949 
2789 949 
2789 949 
2789 949 
2789 949 
2788 949 
2788 949 
2788 949 
2788 949 
2788 949 
2788 949 
2788 949 
2788 949 
2788 949 
2788 949 
2788 949 
2788 949 
2788 949 
2788 949 
2788 949 
2787 949 
2787 949 
2787 949 
2787 949 
2787 949 
2787 949 
2787 949 
2787 949 
2787 949 
2787 949 
2787 949 
2787 949 
2787 949 
2787 949 
2787 949 
2787 949 
2787 949 
2787 949 
2787 949 
2788 949 
2789 949 
2790 949 
2791 949 
2793 949 
2794 949 
2796 949 
2799 949 
2801 949 
2803 949 
2806 949 
2809 949 
2811 949 
2814 949 
2818 949 
2821 949 
2824 949 
2827 949 
2830 949 
2833 949 
2835 949 
2838 949 
2840 949 
2842 949 
2844 949 
2846 949 
2848 949 
2850 949 
2851 949 
2852 949 
2854 949 
2855 949 
2856 949 
2857 949 
2858 949 
2859 949 
2860 949 
2861 949 
2862 949 
2863 949 
2864 949 
2864 949 
2865 949 
2865 949 
2866 949 
2867 949 
2867 949 
2867 949 
2868 949 
2868 949 
2869 949 
2869 949 
2869 949 
2870 949 
2870 949 
2870 949 
2870 949 
2871 949 
2871 949 
2871 949 
2871 949 
2872 949 
2872 949 
2872 949 
2872 949 
2872 949 
2872 949 
2872 949 
2873 949 
2873 949 
2873 949 
2873 949 
2873 949 
2873 949 
2872 949 
2871 949 
2870 949 
2869 949 
2868 949 
2866 949 
2864 949 
2862 949 
2860 949 
2857 949 
2855 949 
2852 949 
2849 949 
2846 949 
2843 949 
2840 949 
2837 949 
2833 949 
2830 949 
2826 949 
2823 949 
2819 949 
2815 949 
2811 949 
2807 949 
2803 949 
2799 949 
2795 949 
2791 949 
2787 949 
2783 949 
2778 949 
2774 949 
2770 949 
2765 949 
2761 949 
2757 949 
2752 949 
2748 949 
2743 949 
2739 949 
2734 949 
2730 949 
2725 949 
2720 949 
2716 944 
2711 939 
2706 934 
2702 929 
2697 924 
2692 919 
2687 914 
2682 910 
2678 905 
2673 901 
2668 897 
2663 893 
2658 889 
2653 885 
2648 881 
2642 878 
2637 874 
2632 871 
2627 868 
2622 865 
2616 862 
2611 859 
2606 856 
2600 854 
2595 851 
2590 849 
2584 847 
2579 845 
2573 843 
2568 841 
2562 839 
2557 837 
2551 836 
2545 834 
2540 833 
2534 832 
2528 830 
2522 829 
2517 829 
2511 828 
2505 827 
2499 826 
2493 826 
2487 826 
2481 825 
2475 825 
2469 825 
2463 825 
2457 825 
2451 826 
2445 826 
2439 826 
2433 827 
2427 828 
2420 828 
2414 829 
2408 830 
2402 831 
2401 832 
2401 834 
2401 835 
2401 836 
2401 838 
2401 840 
2401 841 
2401 843 
2401 845 
2401 847 
2401 849 
2401 851 
2401 854 
2401 856 
2401 859 
2401 861 
2401 864 
2401 867 
2401 869 
2401 872 
2401 875 
2401 879 
2401 882 
2401 885 
2401 888 
2400 892 
2400 895 
2400 899 
2400 903 
2400 907 
2399 911 
2399 915 
2398 919 
2398 923 
2397 927 
2396 931 
2396 936 
2395 940 
2394 945 
2393 949 
2392 949 
2391 949 
2389 949 
2388 949 
2386 949 
2384 949 
2382 949 
2379 949 
2377 949 
2374 949 
2371 949 
2368 949 
2365 949 
2362 949 
2359 949 
2355 949 
2352 949 
2348 949 
2345 949 
2341 949 
2337 949 
2333 949 
2330 949 
2326 949 
2322 949 
2318 949 
2313 949 
2309 949 
2305 949 
2301 949 
2296 949 
2292 949 
2288 949 
2283 949 
2279 949 
2274 949 
2270 949 
2266 949 
2261 944 
2256 939 
2252 934 
2247 929 
2243 924 
2238 919 
2233 914 
2228 910 
2224 905 
2219 901 
2214 897 
2209 893 
2204 899 
2199 899 
2194 899 
2189 899 
2184 900 
2179 900 
2174 901 
2169 902 
2164 903 
2158 903 
2153 904 
2148 906 
2142 907 
2137 908 
2132 910 
2126 911 
2121 913 
2115 914 
2110 916 
2104 918 
2099 920 
2093 922 
2088 924 
2082 926 
2076 929 
2071 931 
2065 934 
2059 936 
2054 939 
2048 942 
2042 945 
2036 948 
2030 949 
2024 949 
2019 949 
2013 949 
2007 949 
2002 949 
1996 944 
1991 939 
1985 934 
1979 929 
1974 924 
1968 919 
1962 914 
1957 910 
1951 905 
1945 901 
1939 897 
1933 893 
1927 899 
1921 899 
1916 899 
1910 900 
1904 900 
1898 900 
1892 901 
1885 902 
1879 903 
1873 904 
1867 905 
1861 906 
1855 907 
1849 908 
1842 910 
1836 911 
1830 913 
1823 914 
1817 916 
1811 918 
1804 920 
1798 922 
1792 924 
1785 927 
1779 929 
1772 931 
1766 934 
1759 937 
1753 939 
1746 942 
1739 945 
1733 948 
1726 949 
1719 949 
1713 949 
1707 949 
1700 949 
1694 949 
1688 949 
1682 949 
1676 949 
1670 949 
1665 949 
1659 949 
1653 949 
1647 949 
1642 949 
1636 949 
1631 949 
1625 949 
1620 949 
1615 949 
1609 949 
1604 949 
1599 949 
1593 949 
1588 949 
1583 949 
1578 949 
1572 949 
1567 949 
1562 949 
1557 949 
1552 949 
1547 949 
1542 949 
1537 949 
1532 949 
1527 950 
1521 950 
1516 950 
1511 950 
1506 951 
1501 952 
1496 952 
1490 953 
1485 954 
1480 955 
1474 956 
1469 957 
1464 959 
1458 960 
1453 962 
1447 963 
1442 964 
1436 964 
1431 964 
1425 964 
1420 964 
1415 964 
1409 964 
1404 964 
1399 964 
1394 964 
1388 964 
1383 964 
1378 964 
1373 964 
1368 964 
1363 964 
1357 964 
1352 964 
1347 964 
1342 964 
1337 964 
1332 964 
1327 964 
1322 964 
1317 964 
1312 964 
1307 964 
1302 964 
1297 964 
1292 964 
1287 949 
1282 949 
1277 949 
1272 949 
1267 949 
1263 949 
1258 949 
1253 949 
1248 949 
1243 949 
1238 949 
1233 949 
1228 949 
1223 949 
1218 949 
1213 949 
1208 949 
1204 949 
1199 949 
1194 949 
1189 949 
1184 949 
1179 949 
1174 949 
1169 949 
1164 949 
1160 949 
1155 949 
1150 949 
1145 949 
1140 949 
1135 949 
1130 944 
1125 939 
1120 934 
1116 929 
1111 924 
1105 919 
1101 914 
1101 910 
1101 905 
1101 901 
1101 897 
1101 893 
1101 889 
1101 885 
1101 881 
1101 878 
1101 874 
1101 871 
1101 868 
1101 865 
1101 862 
1101 859 
1101 856 
1101 854 
1101 851 
1101 849 
1111 844 
1121 838 
1131 833 
1140 828 
1150 823 
1160 818 
1169 814 
1178 809 
1187 805 
1196 800 
1205 796 
1214 792 
1223 788 
1231 785 
1240 781 
1248 777 
1256 774 
1264 771 
1273 767 
1281 764 
1289 761 
1297 759 
1305 756 
1313 753 
1321 751 
1329 748 
1337 746 
1345 744 
1349 742 
1349 740 
1349 738 
1349 737 
1349 735 
1349 734 
1349 732 
1349 731 
1349 730 
1349 729 
1349 728 
1349 727 
1349 727 
1349 726 
1349 725 
1349 725 
1349 725 
1349 725 
1349 725 
1349 725 
1349 725 
1349 725 
1349 725 
1349 726 
1349 726 
1349 727 
1349 728 
1349 729 
1349 730 
1349 731 
1349 732 
1349 733 
1349 734 
1349 736 
1339 730 
1329 725 
1319 720 
1310 715 
1300 710 
1290 705 
1281 701 
1271 696 
1261 692 
1252 687 
1242 683 
1232 679 
1223 675 
1213 672 
1203 668 
1194 664 
1184 661 
1174 658 
1165 654 
1155 651 
1145 648 
1136 646 
1126 643 
1116 640 
1107 638 
1101 635 
1101 633 
1101 631 
1101 629 
1101 627 
1101 625 
1101 624 
1101 622 
1101 621 
1101 619 
1101 618 
1101 617 
1101 616 
1101 615 
1101 614 
1101 614 
1101 613 
1101 612 
1101 612 
1101 612 
1101 612 
1101 612 
1101 612 
1101 612 
1101 612 
1101 612 
1101 613 
1101 613 
1101 614 
1101 615 
1101 616 
1101 617 
1101 618 
1101 619 
1101 620 
1101 621 
1101 623 
1101 624 
1101 626 
1111 621 
1121 615 
1131 610 
1140 605 
1150 600 
1160 595 
1169 591 
1179 586 
1188 582 
1197 578 
1207 573 
1216 569 
1226 565 
1235 562 
1245 558 
1254 554 
1264 551 
1273 558 
1283 558 
1292 558 
1302 558 
1311 559 
1321 559 
1330 560 
1340 561 
1349 561 
1349 562 
1349 563 
1349 564 
1349 566 
1349 567 
1349 568 
1349 570 
1349 572 
1349 573 
1349 575 
1349 577 
1349 579 
1349 581 
1349 583 
1349 585 
1349 588 
1349 590 
1349 593 
1349 595 
1349 598 
1349 601 
1349 604 
1349 607 
1349 610 
1349 613 
1349 616 
1349 620 
1349 623 
1349 627 
1349 630 
1349 634 
1349 638 
1349 642 
1349 646 
1349 650 
1349 654 
1349 658 
1349 662 
1349 667 
1349 671 
1349 676 
1349 680 
1349 685 
1349 690 
1349 694 
1349 699 
1349 704 
1349 710 
1339 704 
1329 699 
1319 694 
1309 689 
1299 684 
1289 679 
1279 674 
1269 670 
1259 665 
1248 661 
1238 657 
1228 653 
1218 649 
1208 645 
1198 642 
1188 638 
1178 635 
1168 631 
1158 628 
1148 625 
1138 622 
1127 619 
1117 617 
1107 614 
1101 611 
1101 609 
1101 607 
1101 605 
1101 603 
1101 601 
1101 599 
1101 597 
1101 596 
1101 594 
1101 593 
1101 592 
1101 591 
1101 590 
1101 589 
1101 588 
1101 587 
1101 587 
1101 586 
1101 586 
1101 585 
1101 585 
1101 585 
1101 585 
1101 585 
1101 586 
1101 586 
1101 586 
1101 587 
1101 588 
1101 588 
1101 589 
1101 590 
1101 591 
1101 592 
1101 594 
1101 595 
1101 596 
1101 598 
1101 600 
1101 601 
1101 603 
1101 605 
1101 607 
1101 609 
1101 612 
1101 614 
1101 616 
1101 619 
1101 621 
1101 624 
1111 619 
1121 613 
1131 608 
1141 603 
1151 598 
1161 593 
1171 589 
1181 584 
1192 580 
1202 575 
1212 571 
1222 567 
1232 563 
1242 560 
1252 556 
1262 552 
1272 549 
1282 546 
1292 542 
1302 539 
1313 536 
1323 534 
1333 531 
1343 528 
1349 526 
1349 523 
1349 521 
1349 519 
1349 517 
1349 515 
1349 513 
1349 512 
1349 510 
1349 509 
1349 507 
1349 506 
1349 505 
1349 504 
1349 503 
1349 502 
1349 502 
1349 501 
1349 500 
1349 500 
1349 500 
1349 500 
1349 500 
1349 500 
1349 500 
1349 500 
1349 500 
1349 501 
1349 501 
1349 502 
1349 503 
1349 504 
1349 505 
1349 506 
1349 507 
1339 501 
1329 496 
1319 491 
1310 486 
1300 481 
1290 476 
1281 472 
1271 467 
1262 463 
1253 458 
1243 454 
1234 450 
1225 446 
1215 442 
1206 439 
1197 435 
1187 432 
1178 429 
1168 425 
1159 422 
1150 419 
1140 417 
1131 414 
1121 411 
1112 409 
1103 406 
1093 404 
1084 402 
1074 400 
1065 398 
1056 396 
1046 395 
1037 393 
1027 392 
1018 390 
1008 389 
999 388 
989 387 
980 386 
970 385 
961 384 
952 384 
942 383 
933 383 
923 383 
914 383 
904 383 
895 383 
885 383 
876 383 
866 383 
857 384 
847 384 
838 385 
828 386 
819 387 
809 388 
801 389 
801 390 
801 391 
801 392 
801 394 
801 395 
801 397 
801 399 
801 401 
801 402 
801 405 
801 407 
801 409 
801 411 
801 414 
801 416 
801 419 
801 421 
801 424 
801 427 
801 430 
801 433 
801 436 
801 439 
801 442 
801 446 
801 449 
801 453 
801 457 
801 460 
801 464 
801 468 
801 472 
801 476 
801 480 
801 484 
801 489 
801 493 
801 498 
801 502 
801 507 
801 512 
801 516 
801 521 
801 526 
801 531 
801 537 
801 542 
801 547 
801 552 
801 558 
801 563 
801 569 
801 575 
801 580 
801 586 
801 592 
801 598 
801 604 
801 610 
801 617 
801 623 
801 629 
801 636 
801 642 
801 649 
801 655 
801 662 
801 669 
801 676 
801 683 
801 690 
801 697 
801 704 
801 711 
801 718 
801 726 
801 733 
801 741 
801 748 
801 756 
801 763 
801 771 
801 779 
801 787 
801 795 
801 803 
801 811 
801 819 
801 827 
801 836 
801 844 
801 852 
801 861 
801 869 
801 878 
801 887 
801 895 
800 904 
800 913 
800 922 
800 931 
799 940 
799 949 
798 949 
798 949 
797 949 
795 949 
794 949 
792 949 
790 949 
788 949 
786 949 
783 949 
781 949 
778 949 
775 949 
772 949 
769 949 
766 949 
763 949 
759 949 
756 949 
752 949 
749 949 
745 949 
741 949 
737 949 
733 949 
729 949 
725 949 
721 949 
717 949 
713 949 
709 949 
705 949 
700 949 
696 949 
692 949 
687 949 
683 949 
678 949 
674 949 
670 949 
666 949 
662 949 
658 949 
655 949 
652 949 
649 949 
647 949 
644 949 
642 949 
640 949 
637 949 
635 949 
634 949 
632 949 
630 949 
629 949 
627 949 
626 949 
625 949 
624 949 
623 949 
622 949 
621 949 
620 949 
619 949 
618 949 
617 949 
617 949 
616 949 
615 949 
615 949 
614 949 
614 949 
613 949 
613 949 
612 949 
612 949 
612 949 
611 949 
611 949 
611 949 
610 949 
610 949 
610 949 
610 949 
609 949 
609 949 
609 949 
609 949 
609 944 
608 939 
608 934 
608 929 
608 924 
608 919 
608 914 
607 910 
607 905 
607 901 
607 897 
607 893 
608 889 
608 885 
608 881 
608 878 
609 874 
609 871 
610 868 
610 865 
611 862 
612 859 
612 856 
613 854 
614 851 
615 849 
616 847 
617 845 
618 843 
619 841 
621 839 
622 837 
623 836 
625 834 
626 833 
628 832 
629 830 
631 829 
633 829 
634 828 
636 827 
638 826 
640 826 
642 826 
644 825 
646 825 
648 825 
649 825 
649 825 
649 826 
649 826 
649 826 
649 827 
649 828 
649 828 
649 829 
649 830 
649 831 
649 832 
649 834 
649 835 
649 836 
649 838 
649 840 
639 834 
629 829 
619 824 
610 819 
600 814 
590 809 
580 804 
571 800 
561 795 
552 791 
543 787 
533 783 
524 779 
514 775 
505 772 
495 768 
486 765 
477 761 
467 758 
458 755 
448 752 
439 749 
429 747 
420 744 
410 742 
401 739 
392 737 
382 735 
373 733 
363 731 
354 729 
344 727 
335 726 
325 724 
316 723 
306 722 
297 721 
287 720 
278 719 
268 718 
259 717 
249 717 
240 716 
230 716 
221 715 
211 715 
201 715 
192 715 
182 715 
173 716 
163 716 
154 717 
144 717 
135 718 
125 718 
115 719 
106 720 
96 721 
87 723 
77 724 
68 725 
58 727 
48 728 
39 730 
29 732 
20 733 
10 735 
0 737 
-8 739 
-18 742 
-27 744 
-37 746 
-47 749 
-56 751 
-66 754 
-76 757 
-85 760 
-95 763 
-104 766 
-114 769 
-124 772 
-133 775 
-142 779 
-151 782 
-160 786 
-169 789 
-178 793 
-187 797 
-195 801 
-204 805 
-212 809 
-220 813 
-228 817 
-236 822 
-244 826 
-252 830 
-259 835 
-267 840 
-274 844 
-282 849 
-289 854 
-296 859 
-303 864 
-311 869 
-318 874 
-325 880 
