144 0 
0 0 
850 500 
850 500 
850 500 
850 501 
850 501 
851 502 
851 502 
852 503 
852 504 
853 505 
854 506 
854 507 
855 509 
856 510 
857 512 
858 513 
859 515 
860 517 
861 519 
862 521 
864 523 
865 525 
866 527 
868 529 
869 532 
871 534 
872 537 
874 540 
876 543 
877 546 
879 549 
881 552 
883 555 
885 558 
887 561 
889 565 
891 568 
893 572 
896 576 
898 579 
900 583 
902 587 
905 591 
907 595 
910 600 
912 604 
915 608 
918 613 
920 617 
923 622 
926 627 
929 631 
932 636 
934 641 
937 646 
940 651 
943 656 
946 662 
935 656 
924 650 
913 645 
903 639 
892 634 
881 628 
871 623 
860 618 
849 614 
839 609 
829 604 
818 600 
808 596 
801 591 
801 587 
801 583 
801 579 
801 576 
801 572 
801 569 
801 565 
801 562 
801 559 
801 556 
812 550 
823 544 
833 539 
844 533 
855 528 
866 523 
876 518 
887 513 
897 508 
908 503 
918 499 
928 494 
939 490 
949 486 
949 482 
949 478 
949 474 
949 470 
949 467 
938 461 
927 455 
917 449 
906 444 
895 438 
884 433 
874 428 
863 423 
853 418 
842 414 
832 409 
822 405 
811 400 
801 396 
801 391 
801 386 
801 381 
801 375 
801 370 
801 364 
801 358 
801 352 
801 346 
801 339 
801 333 
801 326 
801 319 
801 312 
801 305 
801 297 
801 290 
801 282 
801 275 
801 267 
801 259 
801 251 
801 243 
801 235 
801 227 
801 219 
801 211 
801 202 
801 194 
801 186 
801 177 
801 169 
801 161 
801 152 
801 144 
801 136 
801 127 
801 119 
801 111 
801 103 
801 95 
801 86 
801 78 
801 71 
801 63 
801 55 
801 47 
801 40 
801 32 
801 25 
801 18 
801 11 
812 5 
823 0 
833 -6 
844 -11 
854 -16 
865 -22 
875 -27 
885 -32 
896 -36 
906 -41 
916 -46 
926 -50 
936 -54 
946 -59 
956 -63 
965 -67 
975 -70 
985 -74 
995 -78 
1005 -81 
1014 -85 
1024 -88 
1034 -91 
1044 -94 
1054 -97 
1063 -99 
1073 -102 
1083 -105 
1093 -107 
1103 -109 
1112 -111 
1122 -113 
1132 -115 
1142 -117 
1152 -119 
1161 -121 
1171 -122 
1181 -123 
1191 -125 
1201 -126 
1210 -127 
1220 -128 
1230 -129 
1240 -129 
1250 -130 
1260 -131 
1269 -131 
1279 -131 
1289 -131 
1299 -132 
1309 -132 
1319 -131 
1328 -131 
1338 -131 
1348 -130 
1358 -130 
1368 -129 
1378 -129 
1387 -128 
1397 -127 
1407 -126 
1417 -125 
1427 -123 
1437 -122 
1446 -121 
1456 -119 
1466 -118 
1476 -116 
1486 -114 
1496 -112 
1506 -110 
1515 -108 
1525 -106 
1535 -104 
1545 -101 
1555 -99 
1565 -96 
1575 -94 
1585 -91 
1594 -88 
1604 -85 
1614 -82 
1624 -79 
1634 -76 
1644 -73 
1654 -69 
1664 -66 
1673 -62 
1683 -59 
1693 -55 
1703 -51 
1713 -50 
1723 -50 
1732 -50 
1741 -50 
1750 -50 
1758 -50 
1766 -50 
1774 -50 
1782 -50 
1790 -50 
1798 -50 
1805 -50 
1812 -50 
1819 -50 
1826 -50 
1833 -50 
1840 -50 
1846 -50 
1853 -50 
1859 -50 
1865 -50 
1871 -50 
1877 -50 
1883 -50 
1889 -50 
1895 -50 
1901 -50 
1907 -50 
1912 -50 
1918 -50 
1924 -50 
1929 -50 
1935 -50 
1940 -50 
1946 -50 
1951 -50 
1956 -50 
1962 -50 
1967 -50 
1972 -50 
1977 -50 
1981 -50 
1985 -50 
1989 -50 
1992 -49 
1996 -49 
1999 -49 
2002 -48 
2005 -48 
2008 -47 
2011 -47 
2013 -46 
2016 -45 
2018 -44 
2021 -43 
2023 -42 
2026 -40 
2028 -39 
2030 -37 
2032 -35 
2034 -33 
2036 -31 
2038 -29 
2040 -26 
2042 -23 
2043 -20 
2045 -17 
2046 -14 
2048 -10 
2049 -7 
2050 -3 
2051 0 
2053 5 
2054 9 
2055 14 
2056 19 
2056 24 
2057 29 
2058 35 
2059 40 
2059 46 
2060 52 
2060 58 
2060 64 
2061 71 
2061 78 
2061 84 
2061 91 
2061 99 
2061 106 
2061 114 
2061 121 
2061 129 
2061 137 
2060 145 
2060 154 
2059 162 
2059 171 
2058 180 
2058 189 
2057 198 
2056 208 
2055 217 
2055 227 
2054 237 
2053 247 
2052 257 
2050 267 
2049 278 
2048 288 
2047 299 
2045 310 
2044 321 
2043 333 
2041 344 
2040 356 
2038 367 
2036 379 
2035 391 
2033 403 
2031 416 
2029 428 
2027 441 
2025 454 
2023 467 
2021 480 
2019 493 
2017 506 
2015 520 
2012 533 
2010 547 
2008 561 
2005 575 
2003 589 
2000 604 
1998 618 
1995 633 
1992 648 
1990 662 
1987 677 
1984 692 
1981 707 
1978 722 
1976 737 
1973 749 
1969 749 
1966 749 
1963 749 
1960 749 
1956 749 
1952 749 
1949 749 
1945 749 
1941 744 
1937 738 
1933 732 
1930 727 
1926 721 
1922 716 
1918 711 
1913 706 
1909 701 
1905 697 
1901 692 
1897 688 
1893 683 
1888 679 
1884 675 
1880 671 
1875 667 
1871 664 
1866 660 
1862 656 
1857 653 
1853 650 
1848 647 
1843 644 
1839 641 
1834 638 
1829 636 
1824 633 
1819 631 
1815 628 
1810 626 
1805 624 
1800 622 
1795 620 
1790 619 
1785 617 
1780 615 
1775 614 
1769 613 
1764 612 
1759 611 
1754 610 
1748 609 
1743 608 
1738 607 
1732 607 
1727 606 
1722 606 
1716 606 
1711 606 
1705 606 
1700 606 
1694 606 
1688 607 
1683 607 
1677 607 
1672 608 
1666 609 
1660 610 
1654 611 
1649 612 
1643 613 
1637 614 
1631 615 
1625 617 
1619 618 
1613 620 
1607 621 
1601 623 
1595 625 
1589 627 
1583 629 
1577 631 
1571 634 
1565 636 
1558 638 
1552 641 
1546 644 
1540 646 
1534 649 
1527 652 
1521 655 
1515 658 
1508 661 
1502 665 
1501 668 
1501 671 
1501 675 
1501 679 
1501 682 
1501 686 
1501 690 
1501 694 
1501 698 
1501 702 
1501 706 
1501 711 
1501 715 
1512 709 
1523 703 
1534 698 
1545 692 
1556 687 
1567 682 
1578 677 
1589 672 
1600 667 
1611 662 
1622 657 
1633 653 
1644 649 
1656 645 
1667 640 
1678 636 
1689 633 
1699 629 
1710 625 
1721 622 
1732 619 
1743 615 
1754 612 
1765 609 
1776 606 
1787 604 
1798 601 
1809 598 
1820 596 
1831 594 
1842 592 
1853 589 
1864 588 
1875 586 
1885 584 
1896 582 
1907 581 
1918 579 
1929 578 
1940 577 
1951 576 
1962 575 
1972 574 
1983 573 
1994 573 
2005 572 
2016 572 
2027 572 
2037 571 
2048 571 
2059 571 
2070 571 
2081 572 
2091 572 
2102 572 
2113 573 
2124 573 
2134 574 
2145 575 
2156 576 
2166 577 
2177 578 
2187 579 
2197 581 
2208 582 
2218 584 
2228 585 
2238 587 
2247 589 
2257 591 
2266 593 
2276 595 
2285 597 
2294 599 
2303 601 
2312 604 
2321 606 
2329 609 
2338 612 
2346 615 
2355 618 
2363 622 
2371 625 
2379 629 
2387 633 
2394 637 
2402 641 
2409 646 
2417 651 
2424 656 
2431 661 
2438 666 
2445 671 
2452 677 
2459 683 
2465 689 
2472 695 
2478 701 
2485 708 
2491 715 
2497 722 
2503 729 
2509 736 
2514 743 
2520 751 
2526 759 
2531 766 
2537 775 
2542 783 
2547 791 
2552 800 
2557 809 
2562 818 
2567 827 
2572 836 
2576 845 
2581 855 
2585 865 
2590 874 
2594 885 
2598 895 
2602 905 
2606 916 
2610 926 
2614 937 
2617 948 
2621 959 
2625 964 
2628 964 
2630 964 
2632 964 
2634 964 
2635 964 
2636 949 
2636 949 
2637 949 
2637 949 
2636 949 
2635 949 
2634 949 
2633 949 
2632 949 
2630 949 
2628 949 
2626 949 
2624 949 
2622 949 
2619 949 
2616 949 
2614 949 
2611 949 
2608 949 
2605 949 
2601 949 
2598 949 
2594 949 
2591 949 
2587 949 
2584 949 
2580 949 
2576 949 
2572 949 
2568 949 
2564 949 
2560 949 
2556 949 
2552 949 
2547 949 
2543 949 
2539 949 
2535 949 
2530 949 
2526 949 
2521 949 
2517 949 
2513 949 
2508 949 
2504 949 
2500 949 
2496 949 
2493 949 
2489 949 
2486 949 
2483 949 
2481 949 
2478 949 
2476 949 
2474 949 
2472 949 
2470 949 
2468 949 
2466 949 
2464 949 
2463 949 
2461 949 
2460 949 
2459 949 
2458 949 
2457 949 
2456 949 
2455 949 
2454 949 
2453 949 
2452 949 
2451 949 
2451 949 
2450 949 
2449 949 
2449 949 
2448 949 
2448 949 
2447 949 
2447 949 
2446 949 
2446 949 
2446 949 
2445 949 
2445 949 
2445 949 
2444 949 
2444 944 
2444 938 
2443 932 
2443 927 
2443 921 
2443 916 
2442 911 
2442 906 
2442 901 
2442 897 
2441 892 
2441 888 
2441 883 
2441 879 
2440 875 
2440 871 
2440 867 
2439 864 
2439 860 
2438 856 
2438 853 
2437 850 
2436 847 
2435 844 
2435 841 
2434 838 
2433 836 
2432 833 
2431 831 
2429 828 
2428 826 
2427 824 
2426 822 
2424 820 
2423 819 
2421 817 
2420 815 
2418 814 
2417 813 
2415 812 
2413 811 
2411 810 
2410 810 
2408 810 
2406 810 
2404 810 
2402 810 
2401 811 
2401 812 
2401 813 
2401 814 
2401 815 
2401 817 
2401 819 
2401 821 
2401 823 
2401 825 
2401 828 
2401 831 
2401 834 
2401 837 
2401 840 
2401 844 
2401 848 
2401 852 
2401 856 
2401 860 
2401 865 
2401 869 
2401 874 
2401 879 
2401 884 
2400 890 
2400 896 
2400 901 
2400 907 
2399 913 
2399 920 
2398 926 
2398 933 
2397 940 
2397 947 
2396 954 
2395 961 
2394 964 
2393 964 
2392 964 
2390 964 
2388 964 
2387 964 
2384 964 
2382 964 
2380 964 
2377 964 
2374 949 
2371 949 
2368 949 
2365 949 
2362 944 
2359 938 
2355 932 
2352 927 
2349 921 
2345 916 
2342 911 
2338 906 
2335 901 
2331 897 
2327 892 
2324 898 
2320 898 
2316 898 
2313 898 
2309 899 
2305 899 
2301 900 
2297 901 
2293 901 
2289 902 
2285 903 
2281 904 
2276 906 
2272 907 
2268 908 
2264 910 
2260 911 
2255 913 
2251 915 
2246 917 
2242 919 
2237 921 
2233 923 
2228 925 
2224 928 
2219 930 
2214 933 
2210 935 
2205 938 
2200 941 
2196 944 
2191 947 
2186 949 
2181 949 
2176 944 
2171 938 
2166 932 
2161 927 
2156 921 
2151 916 
2146 911 
2141 906 
2136 901 
2131 897 
2126 892 
2121 898 
2115 898 
2110 898 
2105 898 
2099 899 
2094 899 
2089 900 
2083 900 
2078 901 
2072 902 
2067 903 
2061 904 
2056 906 
2050 907 
2044 908 
2039 910 
2033 911 
2027 913 
2022 915 
2016 917 
2010 919 
2004 921 
1998 923 
1993 925 
1987 928 
1981 930 
1975 933 
1969 935 
1963 938 
1957 941 
1951 944 
1945 947 
1938 949 
1932 949 
1926 949 
1921 949 
1915 949 
1909 949 
1903 949 
1898 949 
1892 949 
1886 949 
1881 944 
1875 938 
1870 932 
1864 927 
1859 921 
1853 916 
1847 911 
1842 906 
1836 901 
1830 897 
1824 892 
1818 898 
1813 898 
1807 898 
1801 898 
1795 899 
1789 899 
1783 900 
1777 900 
1771 901 
1765 902 
1759 903 
1753 904 
1746 906 
1740 907 
1734 908 
1728 910 
1722 911 
1715 913 
1709 915 
1703 917 
1696 919 
1690 921 
1684 923 
1677 925 
1671 928 
1664 930 
1658 933 
1651 935 
1645 938 
1638 941 
1632 944 
1625 948 
1619 951 
1612 955 
1605 959 
1599 963 
1592 964 
1585 964 
1579 964 
1573 964 
1566 964 
1560 964 
1554 964 
1548 964 
1542 964 
1536 964 
1530 964 
1525 964 
1519 964 
1513 964 
1508 964 
1502 964 
1496 964 
1491 964 
1486 964 
1480 964 
1475 964 
1469 964 
1464 964 
1459 964 
1454 964 
1448 964 
1443 964 
1438 964 
1433 964 
1428 964 
1422 964 
1417 964 
1412 964 
1407 964 
1402 964 
1397 964 
1392 964 
1387 964 
1382 964 
1377 964 
1372 964 
1367 964 
1362 964 
1357 964 
1352 964 
1347 964 
1342 964 
1337 949 
1332 949 
1327 949 
1322 949 
1317 949 
1312 949 
1308 949 
1303 949 
1298 949 
1293 949 
1288 949 
1283 949 
1278 949 
1273 949 
1268 949 
1263 949 
1258 949 
1254 949 
1249 949 
1244 949 
1239 949 
1234 949 
1229 949 
1224 949 
1219 949 
1214 949 
1210 949 
1205 949 
1200 944 
1195 938 
1190 932 
1185 927 
1180 921 
1175 916 
1170 911 
1165 906 
1160 901 
1154 897 
1149 892 
1144 888 
1139 883 
1133 879 
1128 875 
1123 871 
1117 867 
1112 864 
1107 860 
1101 856 
1101 853 
1101 850 
1101 847 
1101 844 
1101 841 
1112 835 
1122 829 
1133 824 
1144 818 
1154 813 
1164 808 
1175 803 
1185 798 
1195 793 
1204 788 
1214 784 
1224 779 
1233 775 
1242 771 
1251 766 
1261 763 
1269 759 
1278 755 
1287 751 
1296 748 
1304 745 
1312 741 
1321 738 
1329 735 
1337 732 
1344 730 
1349 727 
1338 721 
1327 715 
1316 710 
1305 704 
1294 699 
1283 694 
1272 689 
1261 684 
1250 679 
1239 674 
1228 670 
1217 665 
1206 661 
1195 657 
1184 653 
1173 649 
1162 645 
1151 641 
1140 637 
1129 634 
1118 631 
1107 627 
1101 624 
1112 618 
1122 613 
1133 607 
1144 602 
1154 596 
1164 591 
1175 586 
1185 581 
1195 576 
1204 571 
1214 567 
1224 562 
1233 558 
1242 554 
1251 550 
1260 546 
1269 542 
1278 538 
1287 535 
1295 531 
1304 528 
1312 525 
1320 522 
1329 519 
1337 516 
1344 513 
1349 510 
1349 508 
1338 502 
1327 496 
1316 491 
1305 485 
1294 480 
1283 475 
1272 470 
1261 465 
1250 460 
1239 455 
1228 450 
1217 446 
1206 442 
1195 437 
1184 433 
1173 429 
1162 426 
1151 422 
1140 418 
1129 415 
1118 411 
1107 408 
1096 405 
1085 402 
1074 399 
1063 397 
1052 394 
1041 391 
1030 389 
1019 387 
1008 384 
997 382 
987 380 
976 379 
965 377 
954 375 
943 374 
932 372 
921 371 
910 370 
900 369 
889 368 
878 367 
867 366 
856 366 
845 365 
834 365 
824 365 
813 364 
802 364 
801 364 
801 364 
801 365 
801 365 
801 366 
801 367 
801 368 
801 369 
801 371 
801 373 
801 375 
801 377 
801 379 
801 381 
801 384 
801 387 
801 390 
801 394 
801 397 
801 401 
801 405 
801 409 
801 413 
801 417 
801 422 
801 427 
801 432 
801 437 
801 442 
801 448 
801 454 
801 459 
801 466 
801 472 
801 478 
801 485 
801 492 
801 499 
801 506 
801 513 
801 521 
801 528 
801 536 
801 544 
801 552 
801 560 
801 569 
801 578 
801 586 
801 595 
801 605 
801 614 
801 623 
801 633 
801 643 
801 653 
801 663 
801 673 
801 684 
801 694 
801 705 
801 716 
801 727 
801 738 
801 750 
801 761 
801 773 
801 785 
801 797 
801 809 
801 821 
801 833 
801 846 
801 859 
801 872 
801 885 
800 898 
800 911 
800 924 
800 938 
799 949 
799 949 
798 949 
797 949 
795 949 
794 949 
792 949 
790 949 
788 949 
785 949 
783 949 
780 949 
777 949 
775 949 
772 949 
768 949 
765 949 
762 949 
758 949 
755 949 
751 949 
748 949 
744 949 
740 949 
736 949 
732 949 
728 949 
724 949 
720 949 
716 949 
712 949 
707 949 
703 949 
699 949 
694 949 
690 949 
686 949 
681 949 
677 949 
672 949 
668 949 
664 949 
661 949 
659 944 
656 938 
654 932 
651 927 
649 921 
647 916 
644 911 
642 906 
640 901 
638 897 
637 892 
635 888 
633 883 
631 879 
630 875 
628 871 
627 867 
626 863 
624 860 
623 856 
622 853 
621 850 
620 847 
619 844 
618 841 
618 838 
617 835 
616 833 
616 831 
615 828 
615 826 
615 824 
614 822 
614 820 
614 819 
614 817 
614 815 
614 814 
614 813 
614 812 
614 811 
615 810 
615 809 
615 808 
616 807 
616 807 
617 806 
618 806 
618 806 
619 806 
620 806 
621 806 
622 806 
623 806 
624 807 
625 807 
626 808 
627 809 
629 810 
630 810 
631 811 
633 813 
634 814 
636 815 
637 817 
639 818 
641 820 
643 821 
644 823 
646 825 
648 827 
649 829 
649 831 
649 834 
649 836 
649 838 
649 841 
649 844 
649 846 
649 849 
649 852 
649 855 
649 858 
638 852 
628 846 
617 841 
606 835 
596 830 
586 825 
575 820 
565 815 
555 810 
545 805 
535 801 
525 796 
515 792 
505 788 
495 784 
485 780 
475 776 
465 772 
455 769 
445 765 
435 762 
424 759 
414 755 
404 752 
394 750 
384 747 
374 744 
364 742 
354 739 
344 737 
334 735 
324 733 
314 731 
304 729 
294 727 
284 726 
274 724 
264 723 
254 721 
244 720 
233 719 
223 718 
213 717 
203 717 
193 716 
183 716 
173 715 
163 715 
153 715 
143 714 
133 714 
123 715 
113 715 
103 715 
93 716 
83 716 
73 717 
63 717 
53 718 
43 719 
32 720 
22 721 
12 723 
2 724 
-7 725 
-16 727 
-26 728 
-36 730 
-45 732 
-55 734 
-64 736 
-73 738 
-82 740 
-91 742 
-100 745 
-108 747 
-117 750 
-125 752 
-133 755 
-142 758 
-150 761 
-158 764 
-165 767 
-173 770 
-181 773 
-188 777 
-196 780 
-203 784 
-211 787 
-218 791 
-226 795 
-233 798 
-240 802 
-248 806 
-255 811 
-263 815 
-270 819 
-278 823 
-285 828 
-293 832 
-300 837 
-308 842 
-315 847 
-323 851 
-331 856 
