144 0 
0 0 
101 315 
101 315 
101 315 
101 316 
101 316 
101 317 
101 317 
101 318 
101 319 
101 320 
101 321 
101 322 
101 324 
101 325 
101 327 
102 328 
102 330 
102 332 
102 334 
102 336 
102 338 
102 340 
103 342 
103 344 
103 347 
103 349 
104 349 
105 349 
106 349 
107 349 
109 349 
111 349 
112 349 
115 349 
117 349 
119 349 
122 349 
125 349 
127 349 
130 349 
134 349 
137 349 
140 349 
143 349 
147 349 
151 349 
154 349 
158 349 
162 349 
166 349 
169 349 
173 349 
178 350 
182 350 
186 351 
190 352 
194 353 
198 354 
203 355 
207 357 
211 359 
216 361 
220 363 
224 364 
229 364 
233 364 
238 364 
242 364 
247 364 
252 364 
256 364 
261 364 
265 364 
270 364 
275 364 
279 364 
284 364 
289 364 
293 364 
298 364 
303 364 
308 364 
312 364 
317 364 
322 364 
327 364 
331 364 
336 364 
341 364 
346 364 
350 364 
355 364 
360 364 
365 364 
370 364 
374 364 
379 364 
384 364 
389 364 
394 364 
399 364 
403 364 
408 364 
413 364 
418 364 
423 364 
427 364 
432 364 
437 364 
442 364 
447 364 
452 364 
457 364 
461 364 
466 364 
471 364 
476 364 
481 364 
486 364 
490 364 
495 364 
500 364 
505 349 
510 349 
515 349 
519 349 
524 349 
529 349 
534 349 
539 349 
544 349 
548 349 
553 349 
558 349 
563 349 
568 349 
573 344 
577 338 
582 332 
587 327 
592 321 
597 316 
602 311 
607 306 
612 301 
618 297 
623 292 
628 288 
633 283 
638 279 
644 275 
649 271 
654 267 
660 264 
665 260 
670 256 
676 253 
681 250 
687 247 
692 244 
698 241 
704 238 
709 236 
715 233 
721 231 
726 228 
732 226 
738 224 
744 222 
750 221 
755 219 
761 218 
767 217 
773 216 
779 216 
785 215 
791 215 
797 215 
803 215 
809 216 
815 217 
821 218 
828 219 
834 220 
840 221 
846 223 
835 217 
824 212 
814 207 
803 201 
793 197 
782 192 
772 188 
762 184 
752 180 
743 176 
733 172 
723 169 
714 166 
705 163 
701 161 
712 155 
723 150 
734 144 
745 139 
756 134 
767 130 
778 125 
789 121 
800 117 
811 114 
822 110 
833 107 
844 104 
855 111 
866 111 
877 112 
888 112 
899 113 
910 114 
921 115 
932 117 
943 118 
954 120 
965 114 
976 114 
986 114 
996 114 
1005 114 
1015 114 
1024 114 
1032 114 
1041 114 
1049 114 
1057 114 
1065 114 
1073 114 
1080 114 
1088 114 
1095 115 
1102 115 
1109 116 
1117 117 
1124 118 
1131 119 
1138 120 
1146 122 
1153 124 
1160 126 
1168 128 
1175 130 
1183 133 
1190 136 
1197 139 
1205 142 
1212 145 
1220 149 
1227 152 
1235 156 
1242 160 
1250 164 
1258 168 
1265 172 
1273 176 
1280 180 
1288 184 
1296 188 
1303 193 
1311 197 
1319 202 
1326 207 
1334 211 
1342 216 
1350 221 
1357 226 
1365 231 
1373 236 
1381 241 
1389 247 
1396 252 
1404 258 
1412 263 
1420 269 
1428 274 
1436 280 
1444 286 
1452 292 
1460 298 
1468 304 
1476 310 
1484 316 
1492 323 
1500 329 
1508 335 
1516 342 
1524 348 
1532 349 
1539 349 
1547 349 
1554 349 
1561 349 
1568 344 
1575 338 
1583 332 
1590 327 
1597 321 
1604 316 
1611 311 
1618 306 
1625 301 
1633 297 
1640 292 
1647 288 
1654 283 
1662 279 
1669 275 
1676 271 
1684 267 
1691 263 
1698 260 
1706 256 
1713 253 
1720 250 
1728 247 
1735 244 
1743 241 
1750 238 
1758 235 
1765 233 
1773 231 
1780 228 
1788 226 
1795 224 
1803 222 
1811 220 
1818 219 
1826 217 
1834 215 
1841 214 
1849 213 
1857 212 
1864 211 
1872 210 
1880 209 
1888 208 
1895 207 
1903 207 
1911 206 
1919 206 
1927 206 
1934 206 
1942 206 
1950 207 
1958 207 
1965 208 
1973 209 
1980 210 
1988 212 
1995 213 
2002 215 
2009 217 
2016 219 
2023 222 
2030 224 
2037 227 
2043 230 
2050 234 
2056 237 
2062 240 
2068 244 
2075 248 
2080 252 
2086 257 
2092 261 
2098 266 
2103 271 
2109 276 
2114 281 
2119 287 
2124 292 
2130 298 
2135 304 
2139 310 
2144 317 
2149 323 
2153 330 
2158 337 
2162 344 
2167 351 
2171 358 
2175 366 
2179 374 
2183 382 
2187 390 
2191 398 
2194 406 
2198 415 
2201 424 
2205 433 
2208 442 
2211 451 
2215 460 
2218 470 
2221 480 
2224 489 
2226 500 
2229 510 
2232 520 
2234 531 
2237 541 
2239 552 
2242 563 
2242 572 
2234 580 
2225 588 
2217 597 
2209 605 
2200 614 
2192 622 
2183 631 
2174 640 
2165 648 
2156 657 
2147 666 
2138 676 
2129 685 
2120 694 
2111 703 
2101 713 
2092 722 
2082 732 
2072 742 
2063 751 
2053 761 
2043 771 
2033 781 
2023 791 
2012 801 
2002 812 
1992 822 
1981 832 
1971 843 
1960 854 
1950 864 
1939 875 
1928 886 
1917 897 
1906 907 
1895 919 
1884 930 
1873 941 
1862 952 
1851 963 
1839 975 
1828 986 
1816 998 
1805 1009 
1793 1021 
1781 1033 
1769 1045 
1757 1056 
1746 1068 
1733 1080 
1721 1093 
1709 1105 
1697 1117 
1685 1129 
1672 1142 
1653 1146 
1641 1158 
1629 1152 
1618 1147 
1606 1141 
1595 1136 
1583 1130 
1572 1125 
1560 1120 
1549 1115 
1537 1110 
1526 1105 
1515 1101 
1503 1096 
1492 1092 
1480 1088 
1469 1084 
1457 1080 
1446 1076 
1435 1072 
1423 1069 
1412 1065 
1401 1062 
1389 1059 
1378 1056 
1367 1053 
1355 1050 
1344 1047 
1333 1044 
1321 1042 
1310 1039 
1299 1037 
1288 1035 
1276 1033 
1265 1031 
1254 1029 
1243 1027 
1231 1026 
1220 1024 
1209 1023 
1198 1022 
1187 1020 
1175 1019 
1164 1018 
1153 1018 
1142 1017 
1131 1016 
1120 1016 
1108 1015 
1097 1015 
1086 1015 
1075 1015 
1064 1015 
1053 1015 
1042 1015 
1031 1015 
1019 1016 
1008 1016 
997 1017 
986 1018 
975 1018 
964 1019 
953 1020 
942 1021 
931 1023 
920 1024 
909 1025 
898 1027 
887 1028 
876 1030 
865 1032 
854 1034 
843 1036 
832 1038 
821 1040 
810 1042 
799 1045 
788 1047 
777 1050 
766 1052 
755 1055 
744 1058 
733 1061 
722 1064 
711 1067 
700 1070 
689 1073 
679 1077 
668 1080 
657 1084 
646 1087 
635 1091 
624 1095 
613 1099 
602 1103 
591 1107 
581 1111 
570 1115 
559 1119 
548 1124 
537 1128 
526 1133 
516 1137 
505 1142 
494 1147 
483 1152 
472 1157 
461 1162 
451 1167 
440 1172 
429 1177 
418 1182 
407 1188 
397 1193 
386 1199 
375 1205 
364 1210 
354 1216 
343 1222 
332 1228 
321 1234 
311 1240 
300 1246 
289 1249 
279 1249 
270 1249 
260 1249 
251 1249 
242 1249 
234 1249 
225 1249 
217 1249 
209 1249 
201 1249 
194 1249 
186 1249 
179 1249 
172 1249 
165 1249 
158 1249 
151 1249 
145 1249 
138 1249 
132 1249 
126 1249 
119 1249 
113 1249 
107 1249 
101 1249 
95 1249 
90 1249 
84 1249 
79 1249 
74 1249 
70 1249 
66 1249 
62 1249 
59 1250 
57 1250 
54 1250 
51 1251 
49 1252 
46 1253 
44 1254 
41 1255 
39 1257 
37 1259 
35 1261 
33 1263 
31 1265 
29 1268 
27 1271 
26 1274 
24 1277 
22 1280 
21 1284 
20 1288 
18 1292 
17 1296 
16 1300 
15 1305 
14 1309 
13 1314 
12 1319 
11 1325 
10 1330 
9 1336 
9 1342 
8 1348 
8 1354 
7 1360 
7 1367 
7 1373 
6 1380 
6 1387 
6 1394 
6 1402 
6 1409 
6 1417 
6 1425 
6 1433 
7 1441 
7 1450 
7 1458 
8 1467 
8 1476 
9 1485 
10 1494 
10 1504 
11 1513 
12 1523 
13 1533 
14 1543 
15 1553 
16 1563 
17 1574 
18 1585 
19 1595 
21 1606 
22 1618 
23 1629 
25 1640 
26 1652 
28 1664 
29 1676 
31 1688 
33 1700 
35 1712 
36 1725 
38 1737 
40 1750 
42 1763 
44 1776 
46 1789 
49 1803 
49 1816 
49 1830 
49 1844 
49 1858 
49 1872 
49 1886 
49 1900 
49 1915 
49 1929 
49 1944 
49 1959 
49 1974 
49 1989 
49 2005 
49 2020 
49 2036 
49 2051 
49 2067 
49 2083 
49 2099 
49 2116 
49 2132 
49 2148 
49 2165 
49 2182 
49 2199 
49 2216 
49 2233 
49 2250 
49 2267 
49 2285 
50 2303 
50 2320 
50 2338 
50 2356 
51 2364 
51 2364 
52 2364 
53 2364 
55 2364 
56 2364 
58 2364 
60 2364 
62 2364 
65 2364 
67 2349 
70 2349 
73 2349 
76 2349 
79 2349 
82 2349 
85 2349 
88 2349 
92 2349 
95 2349 
99 2349 
103 2349 
106 2349 
110 2349 
114 2349 
118 2349 
122 2349 
126 2349 
130 2349 
134 2349 
139 2349 
143 2349 
147 2349 
151 2349 
156 2349 
160 2349 
165 2349 
169 2349 
173 2349 
178 2349 
182 2349 
187 2349 
192 2349 
196 2349 
201 2349 
205 2349 
210 2349 
215 2349 
219 2349 
224 2349 
229 2349 
233 2349 
238 2349 
243 2349 
247 2349 
252 2349 
257 2349 
262 2349 
266 2349 
271 2349 
276 2349 
281 2349 
285 2349 
290 2349 
295 2349 
300 2349 
305 2349 
309 2349 
314 2349 
319 2349 
324 2349 
329 2349 
333 2349 
338 2349 
343 2349 
348 2349 
353 2349 
358 2349 
362 2349 
367 2349 
371 2349 
375 2349 
379 2344 
383 2338 
386 2332 
390 2327 
394 2321 
397 2316 
401 2311 
404 2306 
407 2301 
410 2297 
413 2292 
416 2288 
419 2283 
422 2279 
425 2275 
427 2271 
430 2267 
433 2264 
435 2260 
437 2256 
440 2253 
442 2250 
444 2247 
446 2244 
435 2238 
424 2232 
413 2227 
402 2221 
401 2216 
401 2211 
401 2205 
401 2200 
401 2196 
401 2191 
401 2186 
412 2181 
422 2175 
433 2169 
444 2164 
449 2158 
449 2153 
449 2148 
449 2143 
449 2138 
449 2134 
449 2129 
438 2123 
427 2117 
416 2112 
405 2106 
401 2101 
401 2096 
401 2091 
401 2086 
401 2081 
401 2076 
401 2072 
401 2067 
401 2063 
401 2059 
401 2055 
401 2051 
401 2047 
401 2043 
401 2039 
401 2036 
412 2030 
422 2024 
433 2019 
444 2013 
449 2008 
449 2003 
449 1998 
449 1993 
449 1988 
449 1983 
449 1979 
449 1974 
449 1970 
449 1966 
449 1962 
449 1958 
449 1954 
449 1950 
449 1946 
448 1943 
448 1940 
437 1934 
426 1928 
415 1922 
404 1917 
401 1912 
401 1906 
401 1901 
401 1896 
401 1892 
401 1887 
401 1882 
401 1878 
401 1873 
401 1869 
401 1865 
401 1861 
401 1857 
401 1854 
401 1850 
401 1847 
401 1843 
401 1840 
401 1837 
401 1834 
411 1828 
422 1822 
433 1817 
444 1811 
449 1806 
449 1801 
449 1796 
449 1791 
449 1786 
449 1781 
449 1777 
449 1772 
449 1768 
449 1764 
449 1759 
449 1756 
449 1752 
438 1746 
427 1740 
415 1734 
404 1729 
401 1724 
401 1718 
401 1713 
401 1708 
401 1704 
401 1699 
401 1694 
412 1688 
422 1683 
433 1677 
444 1672 
449 1666 
449 1661 
449 1656 
449 1651 
449 1646 
449 1641 
449 1637 
449 1632 
438 1627 
427 1621 
416 1615 
405 1610 
401 1604 
401 1599 
401 1594 
401 1589 
401 1584 
411 1578 
422 1573 
433 1567 
444 1562 
449 1556 
449 1551 
449 1546 
449 1541 
438 1535 
427 1529 
416 1524 
405 1518 
394 1513 
383 1508 
372 1503 
361 1498 
350 1493 
339 1488 
328 1484 
317 1479 
306 1475 
295 1471 
284 1467 
273 1463 
