144 0 
0 0 
849 500 
849 500 
849 500 
849 501 
849 501 
848 502 
848 502 
847 503 
847 504 
846 505 
845 506 
845 507 
844 509 
843 510 
842 512 
841 513 
840 515 
839 517 
838 519 
837 521 
835 523 
834 525 
833 527 
831 529 
830 532 
828 534 
827 537 
825 540 
823 543 
822 546 
820 549 
818 552 
816 555 
814 558 
812 561 
810 565 
808 568 
806 572 
803 576 
801 579 
801 583 
801 587 
801 591 
801 595 
801 600 
801 604 
801 608 
812 602 
822 597 
833 591 
844 586 
854 580 
864 575 
875 570 
885 565 
894 560 
904 555 
914 551 
924 546 
933 542 
942 538 
949 534 
949 530 
949 526 
949 522 
949 519 
949 515 
949 512 
949 509 
949 506 
949 503 
949 500 
938 494 
927 488 
917 483 
906 477 
895 472 
884 466 
874 461 
863 456 
853 452 
842 447 
832 442 
822 438 
811 434 
801 429 
801 425 
801 421 
801 417 
801 413 
801 409 
801 405 
801 400 
801 395 
801 390 
801 384 
801 379 
801 373 
801 367 
801 361 
801 354 
801 348 
801 341 
801 334 
801 327 
801 320 
801 313 
801 305 
801 298 
801 290 
801 282 
801 274 
801 267 
801 258 
801 250 
801 242 
801 234 
801 225 
801 217 
801 209 
801 200 
801 192 
801 183 
801 175 
801 166 
801 157 
801 149 
801 140 
801 132 
801 123 
801 115 
801 107 
801 98 
801 90 
801 82 
801 74 
801 66 
801 58 
801 50 
801 42 
801 34 
801 27 
801 19 
801 12 
801 5 
812 0 
822 -6 
833 -12 
844 -17 
855 -22 
865 -28 
876 -33 
886 -38 
897 -42 
907 -47 
918 -52 
928 -56 
938 -60 
948 -65 
958 -69 
968 -73 
978 -77 
988 -80 
998 -84 
1008 -87 
1018 -91 
1028 -94 
1038 -97 
1048 -100 
1058 -103 
1068 -106 
1078 -108 
1088 -111 
1098 -113 
1108 -115 
1118 -118 
1128 -120 
1138 -122 
1148 -123 
1158 -125 
1168 -127 
1178 -128 
1188 -130 
1198 -131 
1208 -132 
1218 -133 
1228 -134 
1238 -135 
1248 -136 
1258 -136 
1268 -137 
1278 -137 
1288 -138 
1298 -138 
1308 -138 
1318 -138 
1328 -138 
1338 -138 
1348 -137 
1358 -137 
1368 -136 
1378 -136 
1388 -135 
1398 -134 
1408 -133 
1418 -132 
1428 -131 
1438 -130 
1448 -129 
1458 -127 
1468 -126 
1478 -124 
1488 -122 
1498 -121 
1508 -119 
1518 -117 
1528 -115 
1538 -112 
1548 -110 
1558 -108 
1568 -105 
1578 -103 
1588 -100 
1598 -97 
1608 -95 
1618 -92 
1628 -89 
1638 -86 
1648 -82 
1658 -79 
1668 -76 
1678 -72 
1688 -69 
1698 -65 
1708 -62 
1718 -58 
1728 -54 
1737 -60 
1747 -65 
1757 -71 
1766 -77 
1776 -82 
1786 -87 
1795 -92 
1805 -97 
1814 -101 
1823 -106 
1833 -110 
1842 -114 
1851 -117 
1860 -121 
1868 -124 
1877 -127 
1886 -129 
1894 -132 
1902 -134 
1911 -136 
1919 -138 
1927 -140 
1935 -141 
1942 -142 
1950 -143 
1957 -144 
1965 -145 
1972 -145 
1979 -145 
1986 -145 
1993 -145 
2000 -144 
2007 -144 
2014 -143 
2020 -142 
2027 -140 
2033 -139 
2039 -137 
2045 -135 
2051 -133 
2057 -131 
2063 -128 
2069 -126 
2074 -123 
2080 -120 
2085 -117 
2091 -113 
2096 -109 
2101 -106 
2106 -102 
2111 -97 
2116 -93 
2120 -88 
2125 -84 
2130 -79 
2134 -74 
2138 -68 
2143 -63 
2147 -57 
2151 -51 
2155 -45 
2159 -39 
2163 -32 
2167 -26 
2170 -19 
2174 -12 
2177 -5 
2181 1 
2184 9 
2187 16 
2190 24 
2193 32 
2196 40 
2199 48 
2202 57 
2205 65 
2207 74 
2210 83 
2212 92 
2215 102 
2217 111 
2219 121 
2222 130 
2224 140 
2226 150 
2228 161 
2229 171 
2231 182 
2233 192 
2235 203 
2236 214 
2238 226 
2239 237 
2240 248 
2242 260 
2243 272 
2244 284 
2245 296 
2246 308 
2247 320 
2248 333 
2249 346 
2249 359 
2250 372 
2250 385 
2251 398 
2251 411 
2252 425 
2252 439 
2252 452 
2252 466 
2253 481 
2253 495 
2253 509 
2253 524 
2252 538 
2252 553 
2252 568 
2252 583 
2251 599 
2251 614 
2250 629 
2250 645 
2249 661 
2248 677 
2247 693 
2247 709 
2246 725 
2245 742 
2244 758 
2243 764 
2242 764 
2240 764 
2238 764 
2236 764 
2234 764 
2232 764 
2230 764 
2227 764 
2224 764 
2221 764 
2218 764 
2215 764 
2212 764 
2209 764 
2205 764 
2202 764 
2198 764 
2195 764 
2191 764 
2187 749 
2183 749 
2179 749 
2175 749 
2171 749 
2167 749 
2163 749 
2159 744 
2155 738 
2150 732 
2146 727 
2142 721 
2137 716 
2133 711 
2129 706 
2124 701 
2120 697 
2115 692 
2111 688 
2106 683 
2101 679 
2097 675 
2092 671 
2087 667 
2082 664 
2077 660 
2073 656 
2068 653 
2063 650 
2058 647 
2053 644 
2048 641 
2043 638 
2038 636 
2033 633 
2027 631 
2022 628 
2017 626 
2012 624 
2007 622 
2001 620 
1996 619 
1991 617 
1985 615 
1980 614 
1974 613 
1969 612 
1963 611 
1958 610 
1952 609 
1947 608 
1941 607 
1935 607 
1930 606 
1924 606 
1918 606 
1913 606 
1907 606 
1901 606 
1895 606 
1889 607 
1883 607 
1877 607 
1871 608 
1865 609 
1859 610 
1853 611 
1847 612 
1841 613 
1835 614 
1829 615 
1823 617 
1817 618 
1811 620 
1804 621 
1798 623 
1792 625 
1786 627 
1779 629 
1773 631 
1766 634 
1760 636 
1754 638 
1747 641 
1741 644 
1734 646 
1728 649 
1721 652 
1715 655 
1708 658 
1702 661 
1695 665 
1688 668 
1682 671 
1675 675 
1668 679 
1662 682 
1655 686 
1648 690 
1641 694 
1634 698 
1628 702 
1621 706 
1614 710 
1607 715 
1600 719 
1593 724 
1586 728 
1579 733 
1573 738 
1566 743 
1559 748 
1553 742 
1547 736 
1541 731 
1536 725 
1530 720 
1525 715 
1519 709 
1514 705 
1509 700 
1504 695 
1501 690 
1501 686 
1501 682 
1501 677 
1512 672 
1523 666 
1534 660 
1545 655 
1556 649 
1567 644 
1578 639 
1589 634 
1600 629 
1611 625 
1622 620 
1633 616 
1644 611 
1655 607 
1666 603 
1677 599 
1688 595 
1699 591 
1710 588 
1721 584 
1732 581 
1743 578 
1754 575 
1765 572 
1776 569 
1787 566 
1798 563 
1809 561 
1820 559 
1831 556 
1842 554 
1853 552 
1863 550 
1874 548 
1885 547 
1896 545 
1907 543 
1918 542 
1929 541 
1939 540 
1950 539 
1960 538 
1971 537 
1981 537 
1992 536 
2002 536 
2012 537 
2022 537 
2032 538 
2042 538 
2052 539 
2062 541 
2072 542 
2082 544 
2092 546 
2101 548 
2111 550 
2120 552 
2130 555 
2139 558 
2148 561 
2158 564 
2167 567 
2176 571 
2185 575 
2194 578 
2202 583 
2211 587 
2219 591 
2228 596 
2236 601 
2244 606 
2252 611 
2260 617 
2268 622 
2275 628 
2283 634 
2290 640 
2297 647 
2305 653 
2312 660 
2319 667 
2325 674 
2332 681 
2339 688 
2345 696 
2352 704 
2358 712 
2364 720 
2371 728 
2377 736 
2382 745 
2388 754 
2394 763 
2400 772 
2405 781 
2411 790 
2416 800 
2421 809 
2426 819 
2431 829 
2436 840 
2441 850 
2445 860 
2450 871 
2454 882 
2459 893 
2463 904 
2467 915 
2472 927 
2476 938 
2480 950 
2483 962 
2487 964 
2490 964 
2492 964 
2494 964 
2495 964 
2496 964 
2497 964 
2498 964 
2498 964 
2497 964 
2497 964 
2496 964 
2495 964 
2494 964 
2492 964 
2490 964 
2488 964 
2486 964 
2484 964 
2482 964 
2479 964 
2476 964 
2473 964 
2471 964 
2467 964 
2464 964 
2461 964 
2457 964 
2454 964 
2450 964 
2447 964 
2443 964 
2439 964 
2435 964 
2431 964 
2427 964 
2423 964 
2419 964 
2415 964 
2411 964 
2407 964 
2402 964 
2398 959 
2394 953 
2389 948 
2385 943 
2381 938 
2376 933 
2372 929 
2367 925 
2362 921 
2358 917 
2353 914 
2348 911 
2344 907 
2339 905 
2334 902 
2329 900 
2324 898 
2320 896 
2315 894 
2310 893 
2305 891 
2300 890 
2295 899 
2290 900 
2284 900 
2279 901 
2274 901 
2269 902 
2264 904 
2258 905 
2253 907 
2248 908 
2242 910 
2237 912 
2232 914 
2226 916 
2221 919 
2215 921 
2210 923 
2204 926 
2198 928 
2193 931 
2187 934 
2181 936 
2176 939 
2170 942 
2164 946 
2158 949 
2153 949 
2147 949 
2142 944 
2136 938 
2130 932 
2125 927 
2119 921 
2113 916 
2108 911 
2102 906 
2096 901 
2090 897 
2084 892 
2079 898 
2073 898 
2067 898 
2061 898 
2055 899 
2049 899 
2043 900 
2037 900 
2031 901 
2025 902 
2019 903 
2012 904 
2006 906 
2000 907 
1994 908 
1988 910 
1981 911 
1975 913 
1969 915 
1962 917 
1956 919 
1950 921 
1943 923 
1937 925 
1930 928 
1924 930 
1917 933 
1911 935 
1904 938 
1898 941 
1891 944 
1884 947 
1878 941 
1871 935 
1865 929 
1858 924 
1852 919 
1845 913 
1838 908 
1832 903 
1825 899 
1818 894 
1812 899 
1805 899 
1798 900 
1791 900 
1784 900 
1778 901 
1771 901 
1764 902 
1757 903 
1750 904 
1743 905 
1736 906 
1729 907 
1722 908 
1715 910 
1708 911 
1701 913 
1694 915 
1687 916 
1680 918 
1673 920 
1666 922 
1658 925 
1651 927 
1644 930 
1637 932 
1630 935 
1622 938 
1615 942 
1608 945 
1600 949 
1593 953 
1586 957 
1578 961 
1571 964 
1564 964 
1557 964 
1550 964 
1544 964 
1537 964 
1531 964 
1524 964 
1518 964 
1512 964 
1506 964 
1500 964 
1494 964 
1488 964 
1482 964 
1476 964 
1471 964 
1465 964 
1459 964 
1454 964 
1448 964 
1443 964 
1437 964 
1432 964 
1427 964 
1421 964 
1416 964 
1411 964 
1406 964 
1400 964 
1395 964 
1390 964 
1385 964 
1380 964 
1374 964 
1370 964 
1365 964 
1361 964 
1357 964 
1354 964 
1351 964 
1348 949 
1346 949 
1345 949 
1344 949 
1343 949 
1343 949 
1343 944 
1343 938 
1343 932 
1343 927 
1344 921 
1344 916 
1344 911 
1345 906 
1345 901 
1346 897 
1347 892 
1348 888 
1349 883 
1349 879 
1349 875 
1349 871 
1349 867 
1349 863 
1349 860 
1349 856 
1349 853 
1349 850 
1349 847 
1349 844 
1349 841 
1339 835 
1328 829 
1317 824 
1306 818 
1296 813 
1286 808 
1275 803 
1265 798 
1256 793 
1246 788 
1236 783 
1226 779 
1217 775 
1208 771 
1199 766 
1190 762 
1181 759 
1172 755 
1163 751 
1155 748 
1146 745 
1138 741 
1129 738 
1121 735 
1113 732 
1105 730 
1116 724 
1127 718 
1138 712 
1149 707 
1159 702 
1170 696 
1181 691 
1191 686 
1202 681 
1212 677 
1223 672 
1233 668 
1243 663 
1253 659 
1263 655 
1273 651 
1283 647 
1293 644 
1303 640 
1313 637 
1322 633 
1332 630 
1342 627 
1349 624 
1349 621 
1349 618 
1349 616 
1349 613 
1349 611 
1349 608 
1349 606 
1349 604 
1349 602 
1349 600 
1349 599 
1349 597 
1349 596 
1338 590 
1327 584 
1316 578 
1305 573 
1294 568 
1283 562 
1272 557 
1261 552 
1250 557 
1239 558 
1228 558 
1217 558 
1206 558 
1195 559 
1184 560 
1173 560 
1162 561 
1151 562 
1140 563 
1129 564 
1118 565 
1107 567 
1101 568 
1111 562 
1122 556 
1133 551 
1144 545 
1154 540 
1164 535 
1174 530 
1185 525 
1194 520 
1204 515 
1214 511 
1223 506 
1227 502 
1227 498 
1227 494 
1227 490 
1227 486 
1216 480 
1205 474 
1194 469 
1183 463 
1172 458 
1161 453 
1150 448 
1139 443 
1128 438 
1117 433 
1106 428 
1095 424 
1084 420 
1073 415 
1062 411 
1051 407 
1040 404 
1029 400 
1018 396 
1007 393 
996 390 
985 386 
974 383 
963 380 
952 377 
941 375 
930 372 
919 369 
908 367 
897 365 
886 364 
875 362 
865 361 
854 360 
843 359 
832 358 
821 357 
810 357 
801 357 
801 357 
801 358 
801 358 
801 359 
801 360 
801 361 
801 362 
801 364 
801 366 
801 368 
801 370 
801 372 
801 375 
801 378 
801 380 
801 384 
801 387 
801 390 
801 394 
801 398 
801 402 
801 406 
801 411 
801 416 
801 420 
801 425 
801 431 
801 436 
801 442 
801 447 
801 453 
801 459 
801 466 
801 472 
801 479 
801 486 
801 493 
801 500 
801 507 
801 515 
801 522 
801 530 
801 538 
801 546 
801 555 
801 563 
801 572 
801 581 
801 590 
801 599 
801 608 
801 618 
801 627 
801 637 
801 647 
801 657 
801 668 
801 678 
801 689 
801 700 
801 711 
801 722 
801 733 
801 744 
801 756 
801 768 
801 779 
801 791 
801 804 
801 816 
801 828 
801 841 
801 854 
801 867 
801 880 
800 893 
800 906 
800 920 
800 933 
799 947 
799 961 
798 964 
797 964 
796 964 
795 964 
793 964 
791 964 
789 964 
787 964 
785 964 
782 949 
779 949 
777 949 
774 949 
771 949 
767 949 
764 949 
761 949 
757 949 
754 949 
750 949 
746 949 
743 949 
739 949 
735 949 
731 949 
727 949 
723 949 
719 949 
715 949 
710 949 
706 949 
702 949 
697 949 
693 949 
689 949 
684 949 
680 949 
675 949 
671 949 
667 949 
663 949 
659 949 
655 949 
652 949 
649 949 
646 949 
644 949 
642 949 
640 949 
639 944 
638 938 
637 932 
636 927 
635 921 
635 916 
634 911 
633 906 
633 901 
632 897 
632 892 
631 888 
631 883 
631 879 
631 875 
631 871 
631 867 
631 864 
631 860 
631 856 
631 853 
631 850 
632 847 
632 844 
633 841 
633 838 
634 836 
634 833 
635 831 
636 828 
637 826 
637 824 
638 822 
639 820 
640 819 
641 817 
643 815 
644 814 
645 813 
647 812 
648 811 
649 810 
649 809 
638 803 
627 797 
617 792 
606 786 
595 781 
584 776 
573 770 
563 765 
552 761 
541 756 
530 751 
519 747 
509 743 
498 738 
487 734 
476 730 
466 727 
455 723 
444 719 
433 716 
423 712 
412 709 
401 706 
390 703 
380 700 
369 697 
358 695 
347 692 
337 690 
326 688 
315 686 
305 684 
294 682 
283 681 
273 680 
262 679 
251 678 
241 678 
230 678 
219 678 
209 678 
198 678 
187 679 
177 680 
166 680 
155 682 
145 683 
134 685 
123 686 
113 688 
102 691 
92 693 
81 695 
70 698 
60 701 
49 704 
38 708 
28 711 
17 715 
7 719 
-3 723 
-14 727 
-24 732 
-35 736 
-45 741 
-56 746 
-66 751 
-77 757 
-88 762 
-98 768 
-109 774 
-119 780 
-130 787 
-140 793 
-151 800 
-161 807 
-172 814 
-182 821 
-193 828 
-204 836 
-214 843 
-225 851 
-235 859 
-246 867 
-256 876 
-267 884 
-277 893 
-288 902 
-298 911 
-309 920 
-319 929 
-330 939 
