144 0 
0 0 
1500 315 
1500 315 
1500 315 
1500 316 
1500 316 
1501 317 
1501 317 
1502 318 
1502 319 
1503 320 
1504 321 
1504 322 
1505 324 
1506 325 
1507 327 
1508 328 
1509 330 
1510 332 
1511 334 
1512 336 
1514 338 
1515 340 
1516 342 
1518 344 
1519 347 
1521 349 
1522 352 
1524 355 
1526 358 
1527 361 
1529 364 
1531 367 
1533 370 
1535 373 
1537 376 
1539 380 
1541 383 
1543 387 
1546 391 
1548 394 
1550 398 
1553 399 
1555 399 
1558 399 
1561 399 
1564 399 
1567 399 
1570 399 
1574 399 
1577 399 
1580 399 
1584 399 
1588 399 
1591 394 
1595 388 
1599 382 
1599 377 
1599 371 
1599 366 
1599 361 
1599 356 
1599 351 
1599 347 
1599 342 
1599 338 
1599 333 
1599 329 
1599 325 
1599 321 
1599 317 
1599 314 
1599 310 
1599 306 
1599 303 
1599 300 
1599 297 
1599 294 
1599 291 
1588 285 
1577 279 
1567 274 
1556 268 
1545 263 
1534 258 
1523 253 
1513 248 
1502 243 
1491 238 
1480 234 
1469 229 
1459 225 
1448 221 
1437 216 
1426 213 
1416 209 
1405 205 
1394 201 
1383 198 
1373 195 
1362 191 
1351 188 
1340 185 
1330 182 
1319 180 
1308 177 
1297 174 
1287 172 
1276 170 
1265 168 
1255 166 
1244 164 
1233 162 
1223 160 
1212 158 
1201 157 
1191 156 
1180 154 
1169 153 
1159 152 
1148 151 
1137 150 
1127 150 
1116 149 
1105 148 
1095 148 
1084 148 
1073 147 
1063 147 
1052 147 
1041 147 
1031 148 
1020 148 
1010 148 
999 149 
988 150 
978 151 
967 152 
957 154 
946 155 
935 157 
925 159 
914 161 
904 164 
893 166 
883 169 
872 172 
861 175 
851 179 
840 182 
830 186 
819 190 
809 194 
798 199 
788 203 
777 208 
767 213 
756 218 
745 223 
735 228 
724 234 
714 240 
703 246 
693 252 
682 258 
672 265 
661 272 
651 279 
640 286 
630 293 
619 300 
609 308 
598 315 
588 323 
577 331 
567 340 
556 348 
546 357 
535 365 
525 374 
515 383 
504 393 
494 402 
483 412 
473 421 
462 431 
452 441 
441 451 
431 462 
420 472 
410 483 
400 494 
389 505 
379 516 
368 527 
358 539 
347 550 
337 562 
326 574 
316 586 
306 598 
296 611 
286 623 
276 636 
266 649 
256 662 
253 668 
265 680 
276 691 
288 703 
300 715 
311 726 
323 738 
335 750 
347 762 
359 774 
372 787 
384 799 
392 791 
400 784 
408 777 
415 770 
423 763 
431 757 
439 751 
447 745 
455 739 
463 733 
471 728 
479 723 
487 718 
495 713 
503 708 
511 703 
519 698 
528 694 
536 689 
544 685 
552 681 
560 677 
568 673 
576 669 
584 665 
593 662 
601 659 
609 655 
617 652 
626 649 
634 646 
642 643 
650 640 
659 638 
667 635 
675 633 
683 631 
692 629 
700 627 
708 625 
717 623 
725 621 
734 620 
742 618 
750 617 
759 616 
767 615 
776 614 
784 613 
793 612 
801 611 
809 611 
818 610 
826 610 
835 609 
843 609 
852 609 
861 609 
869 609 
878 610 
886 610 
895 610 
903 611 
912 612 
921 612 
929 613 
938 614 
946 615 
955 616 
964 618 
972 619 
981 620 
990 622 
998 624 
1007 625 
1016 627 
1024 629 
1033 631 
1042 633 
1051 636 
1059 638 
1068 640 
1077 643 
1086 645 
1094 648 
1103 651 
1112 654 
1121 657 
1130 660 
1138 663 
1147 666 
1156 669 
1165 673 
1174 676 
1183 680 
1191 683 
1200 687 
1209 691 
1218 695 
1227 699 
1236 703 
1245 707 
1254 711 
1263 715 
1271 720 
1280 724 
1289 729 
1298 734 
1307 738 
1316 743 
1325 748 
1334 753 
1343 758 
1352 763 
1361 768 
1370 774 
1379 779 
1388 785 
1397 790 
1406 796 
1415 801 
1424 807 
1433 813 
1442 819 
1452 826 
1461 832 
1470 839 
1479 846 
1488 853 
1497 860 
1506 868 
1515 876 
1524 883 
1533 891 
1542 899 
1551 908 
1560 916 
1569 925 
1577 934 
1586 943 
1594 952 
1602 961 
1610 970 
1618 980 
1626 990 
1634 1000 
1642 1010 
1649 1020 
1657 1030 
1664 1041 
1671 1052 
1678 1063 
1685 1074 
1692 1085 
1699 1096 
1706 1108 
1712 1119 
1719 1131 
1725 1143 
1731 1155 
1737 1167 
1739 1175 
1729 1185 
1719 1195 
1709 1205 
1699 1215 
1689 1225 
1679 1235 
1668 1246 
1658 1256 
1647 1267 
1637 1277 
1619 1280 
1609 1274 
1599 1268 
1589 1263 
1579 1257 
1569 1252 
1559 1247 
1549 1242 
1538 1237 
1528 1232 
1518 1227 
1508 1223 
1498 1218 
1488 1214 
1478 1210 
1468 1206 
1458 1202 
1448 1198 
1438 1194 
1428 1191 
1418 1187 
1408 1184 
1398 1180 
1388 1177 
1378 1174 
1367 1171 
1357 1169 
1347 1166 
1337 1164 
1327 1161 
1317 1159 
1307 1157 
1297 1155 
1287 1153 
1277 1151 
1267 1149 
1257 1148 
1247 1146 
1237 1145 
1227 1143 
1217 1142 
1207 1141 
1197 1140 
1186 1139 
1176 1139 
1166 1138 
1156 1137 
1146 1137 
1136 1137 
1126 1137 
1116 1136 
1106 1136 
1096 1137 
1086 1137 
1076 1137 
1066 1137 
1056 1138 
1046 1139 
1036 1139 
1026 1140 
1015 1141 
1005 1142 
995 1143 
985 1144 
975 1146 
965 1147 
955 1149 
945 1150 
935 1152 
925 1154 
915 1156 
905 1158 
895 1160 
885 1162 
875 1164 
865 1167 
855 1169 
844 1172 
834 1174 
824 1177 
814 1180 
804 1183 
794 1186 
784 1189 
774 1192 
764 1195 
754 1199 
744 1202 
734 1205 
724 1209 
714 1213 
704 1217 
694 1220 
684 1224 
673 1228 
663 1233 
653 1237 
643 1241 
633 1245 
623 1250 
613 1254 
603 1259 
593 1264 
583 1269 
573 1273 
563 1278 
553 1284 
543 1289 
533 1295 
523 1300 
513 1306 
502 1313 
492 1319 
482 1325 
472 1332 
462 1339 
452 1346 
442 1353 
432 1360 
423 1368 
413 1376 
403 1384 
394 1392 
384 1400 
374 1408 
365 1417 
356 1425 
346 1434 
337 1443 
328 1453 
319 1462 
310 1472 
301 1481 
292 1491 
283 1501 
274 1511 
265 1522 
256 1532 
248 1543 
239 1554 
240 1555 
250 1565 
260 1575 
270 1585 
280 1595 
290 1605 
300 1615 
310 1625 
321 1636 
331 1646 
342 1657 
352 1667 
363 1678 
381 1681 
391 1675 
401 1669 
412 1664 
422 1658 
432 1653 
442 1648 
452 1643 
462 1638 
473 1633 
483 1628 
493 1624 
503 1619 
513 1615 
523 1611 
533 1606 
544 1603 
554 1599 
564 1595 
574 1591 
584 1588 
594 1585 
605 1581 
615 1578 
625 1575 
635 1572 
645 1570 
655 1567 
665 1564 
676 1562 
686 1560 
696 1558 
706 1556 
716 1554 
726 1552 
736 1550 
747 1548 
757 1547 
767 1546 
777 1544 
787 1543 
797 1542 
807 1541 
818 1540 
828 1539 
838 1539 
848 1538 
858 1538 
868 1538 
878 1537 
889 1537 
899 1537 
909 1537 
919 1538 
929 1538 
939 1538 
949 1539 
960 1540 
970 1540 
980 1541 
990 1542 
1000 1543 
1010 1544 
1020 1545 
1030 1547 
1041 1548 
1051 1550 
1061 1551 
1071 1553 
1081 1555 
1091 1557 
1101 1559 
1111 1561 
1122 1563 
1132 1565 
1142 1567 
1152 1570 
1162 1572 
1172 1575 
1182 1578 
1192 1581 
1203 1584 
1213 1587 
1223 1590 
1233 1593 
1243 1596 
1253 1599 
1263 1603 
1273 1606 
1284 1610 
1294 1614 
1304 1617 
1314 1621 
1324 1625 
1334 1629 
1344 1633 
1354 1638 
1365 1642 
1375 1646 
1385 1651 
1395 1655 
1405 1660 
1415 1665 
1425 1669 
1435 1674 
1445 1679 
1456 1684 
1466 1689 
1476 1695 
1486 1700 
1496 1705 
1506 1711 
1516 1716 
1526 1722 
1536 1727 
1547 1733 
1557 1739 
1567 1745 
1577 1739 
1586 1733 
1596 1728 
1606 1722 
1616 1717 
1626 1711 
1635 1706 
1645 1701 
1655 1697 
1665 1692 
1675 1687 
1684 1683 
1694 1679 
1704 1674 
1714 1670 
1723 1666 
1733 1662 
1742 1659 
1749 1655 
1749 1652 
1749 1648 
1738 1642 
1727 1637 
1716 1631 
1705 1626 
1694 1620 
1683 1615 
1672 1610 
1661 1605 
1650 1600 
1639 1596 
1628 1591 
1617 1587 
1606 1582 
1595 1578 
1584 1574 
1573 1570 
1562 1566 
1551 1562 
1540 1559 
1529 1555 
1518 1552 
1507 1549 
1496 1546 
1485 1543 
1474 1540 
1463 1537 
1452 1534 
1441 1532 
1430 1529 
1419 1527 
1408 1525 
1398 1523 
1387 1521 
1376 1519 
1365 1517 
1354 1516 
1344 1514 
1333 1513 
1323 1512 
1312 1511 
1302 1509 
1292 1508 
1282 1508 
1272 1507 
1262 1506 
1253 1506 
1243 1505 
1234 1505 
1225 1505 
1216 1505 
1207 1505 
1198 1505 
1189 1505 
1180 1505 
1172 1506 
1163 1506 
1155 1507 
1147 1508 
1139 1508 
1131 1509 
1123 1510 
1116 1512 
1108 1513 
1100 1514 
1093 1515 
1085 1517 
1078 1519 
1070 1520 
1063 1522 
1055 1524 
1048 1526 
1040 1528 
1032 1530 
1025 1532 
1017 1535 
1009 1537 
1002 1540 
994 1542 
986 1545 
979 1548 
971 1551 
963 1554 
955 1557 
948 1560 
940 1563 
933 1567 
925 1570 
918 1574 
911 1577 
904 1581 
897 1585 
890 1589 
884 1593 
877 1597 
871 1601 
864 1605 
858 1609 
852 1614 
846 1618 
840 1623 
834 1627 
828 1632 
823 1637 
817 1642 
811 1647 
806 1652 
800 1657 
794 1662 
789 1667 
783 1673 
777 1678 
772 1684 
766 1689 
760 1695 
755 1700 
749 1706 
743 1712 
737 1718 
731 1724 
725 1730 
719 1736 
713 1743 
707 1749 
701 1743 
696 1737 
690 1732 
684 1726 
678 1721 
671 1716 
665 1711 
659 1706 
653 1701 
647 1696 
641 1692 
635 1687 
628 1683 
622 1679 
616 1675 
610 1671 
603 1667 
597 1663 
591 1659 
584 1656 
578 1653 
571 1649 
565 1646 
558 1643 
552 1640 
545 1638 
539 1635 
532 1633 
526 1630 
519 1628 
512 1626 
506 1624 
499 1622 
492 1620 
486 1618 
479 1616 
472 1615 
465 1614 
458 1612 
452 1611 
445 1610 
438 1609 
431 1608 
424 1608 
417 1607 
410 1606 
403 1606 
396 1606 
389 1605 
382 1605 
375 1605 
368 1605 
361 1606 
354 1606 
347 1606 
340 1607 
332 1608 
325 1608 
318 1609 
311 1610 
308 1608 
313 1602 
318 1596 
323 1590 
328 1585 
333 1580 
338 1574 
343 1569 
348 1564 
353 1560 
359 1555 
364 1550 
369 1546 
374 1541 
380 1537 
385 1533 
391 1529 
396 1525 
401 1522 
407 1518 
412 1515 
418 1511 
424 1508 
429 1505 
435 1502 
441 1499 
446 1496 
452 1494 
458 1491 
463 1489 
469 1487 
475 1484 
481 1482 
487 1480 
493 1478 
499 1477 
505 1475 
511 1474 
517 1472 
523 1471 
529 1470 
535 1469 
541 1468 
547 1467 
549 1466 
549 1466 
549 1465 
549 1465 
538 1459 
527 1453 
516 1447 
505 1442 
494 1437 
483 1431 
472 1426 
461 1421 
450 1417 
439 1412 
428 1407 
417 1403 
406 1398 
395 1394 
384 1390 
373 1386 
362 1382 
351 1379 
340 1375 
329 1372 
318 1368 
307 1365 
296 1362 
285 1359 
274 1356 
263 1353 
252 1351 
242 1348 
231 1346 
221 1344 
211 1341 
200 1339 
190 1337 
180 1335 
171 1334 
161 1332 
152 1331 
163 1325 
174 1319 
185 1313 
196 1308 
207 1303 
218 1297 
229 1292 
240 1287 
251 1283 
262 1278 
273 1273 
284 1269 
295 1264 
306 1260 
317 1256 
328 1252 
339 1248 
350 1245 
361 1241 
372 1238 
383 1234 
394 1231 
405 1228 
416 1225 
427 1222 
438 1219 
449 1217 
460 1214 
471 1212 
482 1209 
493 1207 
503 1205 
514 1203 
525 1201 
536 1200 
547 1198 
558 1197 
569 1195 
580 1194 
591 1193 
601 1192 
612 1191 
623 1190 
634 1189 
645 1189 
656 1188 
666 1188 
677 1187 
688 1187 
699 1187 
710 1187 
721 1187 
731 1187 
742 1188 
753 1188 
764 1189 
775 1189 
785 1190 
796 1191 
807 1192 
818 1193 
828 1194 
839 1195 
850 1196 
861 1198 
871 1199 
882 1201 
893 1203 
904 1204 
914 1206 
925 1208 
936 1210 
946 1213 
957 1215 
968 1217 
979 1220 
989 1222 
1000 1225 
1011 1228 
1021 1230 
1032 1233 
1043 1236 
1053 1239 
1064 1243 
1075 1246 
1085 1249 
1096 1253 
1107 1256 
1117 1260 
1128 1263 
1139 1267 
1149 1271 
1160 1275 
1171 1279 
1181 1283 
1192 1287 
1202 1292 
1213 1296 
1223 1290 
1234 1284 
1244 1279 
1254 1273 
1264 1268 
1275 1263 
1285 1258 
1295 1253 
1305 1248 
1316 1243 
1326 1239 
1336 1234 
1346 1230 
1357 1226 
1367 1222 
1377 1218 
1387 1214 
1398 1210 
1408 1207 
1418 1203 
1428 1200 
1439 1196 
1449 1193 
1459 1190 
1469 1187 
1480 1185 
1490 1182 
1500 1180 
1510 1177 
1520 1175 
1531 1173 
1541 1171 
1551 1169 
1561 1167 
1572 1165 
1582 1164 
1592 1162 
1602 1161 
1612 1159 
1623 1158 
1633 1157 
1643 1156 
1653 1155 
1663 1155 
1673 1154 
1683 1153 
1692 1153 
1702 1153 
1712 1153 
1721 1152 
1731 1152 
1740 1153 
1748 1151 
1742 1145 
1736 1139 
1729 1134 
1723 1128 
1717 1123 
1711 1118 
1704 1113 
1698 1108 
1692 1103 
1686 1098 
1679 1094 
1673 1089 
1666 1085 
1660 1081 
1654 1077 
1647 1073 
1641 1069 
1634 1065 
1628 1061 
1621 1058 
1614 1055 
1608 1051 
1601 1048 
1594 1045 
1588 1042 
1581 1040 
1574 1037 
1568 1035 
1561 1032 
1554 1030 
1547 1028 
1541 1026 
1534 1024 
1527 1022 
1520 1020 
1513 1018 
1507 1017 
1501 1016 
1512 1010 
1523 1004 
1534 998 
1545 993 
1556 988 
1567 982 
1578 977 
1589 972 
1600 967 
1611 963 
1622 958 
1633 954 
1644 949 
1655 945 
1666 941 
1677 937 
1688 933 
1699 930 
1710 926 
1721 923 
1732 919 
1743 916 
1754 913 
1765 910 
1776 907 
1787 904 
1798 902 
1809 899 
1820 897 
1831 894 
1841 892 
1852 890 
1862 888 
1873 886 
1883 885 
1894 883 
1899 882 
1888 876 
1877 870 
1866 864 
1855 859 
1844 854 
1833 848 
1822 843 
1811 838 
1800 833 
1789 829 
1778 824 
1767 820 
1756 815 
1745 811 
1734 807 
1723 803 
1712 799 
1701 796 
1690 792 
1679 789 
1668 785 
1657 782 
1646 779 
1635 776 
1624 773 
1613 770 
1602 768 
1591 765 
1580 763 
1569 760 
1558 758 
1548 756 
1537 754 
1526 752 
1515 751 
1504 749 
1493 748 
1482 746 
1471 745 
1460 744 
1450 743 
1439 742 
1428 741 
1417 740 
1406 740 
1395 739 
1385 739 
1374 738 
1363 738 
1352 738 
1341 738 
1330 738 
1320 738 
1309 739 
1298 739 
1287 740 
1276 740 
1266 741 
1255 742 
1244 743 
1233 744 
1223 745 
1212 746 
1201 747 
1190 749 
1180 750 
1169 752 
1158 754 
1147 755 
1137 757 
1126 759 
1115 761 
1105 763 
1094 766 
1083 768 
1072 771 
1062 773 
1051 776 
1040 778 
1030 781 
1019 784 
1008 787 
998 790 
987 793 
976 797 
966 800 
955 803 
944 807 
934 811 
923 814 
912 818 
902 822 
891 826 
880 830 
870 834 
859 838 
849 843 
838 847 
828 841 
817 835 
807 830 
797 824 
787 819 
776 814 
766 809 
756 804 
746 799 
735 794 
725 790 
715 785 
705 781 
694 777 
684 773 
674 769 
664 765 
653 761 
643 757 
633 754 
623 751 
612 747 
602 744 
592 741 
582 738 
572 736 
561 733 
551 731 
541 728 
531 726 
520 724 
510 722 
500 720 
490 718 
479 716 
469 714 
459 713 
449 712 
439 710 
428 709 
418 708 
408 707 
398 706 
387 706 
377 705 
367 704 
357 704 
347 704 
336 703 
326 703 
316 703 
306 703 
300 700 
306 694 
313 688 
320 682 
327 677 
334 672 
340 666 
347 661 
354 656 
361 651 
368 647 
375 642 
382 638 
389 633 
396 629 
403 625 
410 621 
417 617 
424 614 
431 610 
438 607 
445 603 
452 600 
459 597 
466 594 
474 591 
481 588 
488 586 
495 583 
502 581 
510 578 
517 576 
524 574 
532 572 
539 570 
546 569 
549 567 
539 561 
528 555 
517 550 
506 544 
496 539 
486 534 
475 529 
465 524 
455 519 
445 514 
435 510 
425 505 
415 501 
405 497 
395 493 
385 489 
375 485 
365 481 
355 478 
345 474 
335 471 
325 467 
315 464 
305 461 
295 459 
285 456 
274 453 
264 451 
254 448 
244 446 
234 444 
224 442 
214 440 
204 438 
194 436 
184 435 
174 433 
164 432 
154 430 
151 429 
151 428 
162 422 
173 417 
183 411 
194 405 
205 400 
216 395 
227 390 
237 385 
248 380 
259 375 
270 371 
281 366 
291 362 
302 358 
313 354 
324 350 
334 346 
345 342 
356 339 
367 335 
377 332 
388 329 
399 325 
410 322 
420 320 
431 317 
442 314 
453 312 
463 309 
474 307 
485 305 
495 303 
506 301 
517 299 
527 297 
538 296 
549 294 
559 293 
570 291 
581 290 
591 289 
602 288 
613 287 
623 287 
634 286 
645 286 
655 285 
666 285 
677 285 
687 285 
698 285 
709 285 
719 285 
730 285 
740 286 
751 286 
762 287 
772 287 
783 288 
793 289 
804 290 
815 291 
825 293 
836 294 
846 295 
857 297 
867 298 
878 300 
889 302 
899 304 
910 306 
920 308 
931 310 
941 312 
952 315 
962 317 
973 320 
983 322 
994 325 
1005 328 
1015 331 
1026 334 
1036 337 
1047 340 
1057 343 
1068 347 
1078 350 
1089 354 
1099 357 
1110 361 
1120 365 
1131 369 
1141 373 
1152 377 
1162 381 
1173 385 
1183 389 
1194 394 
1204 398 
1214 392 
1224 386 
1234 381 
1245 375 
1255 370 
1265 365 
1275 360 
1285 355 
1295 350 
1305 345 
1315 341 
1326 336 
1336 332 
1346 328 
1356 324 
1366 320 
1376 316 
1386 312 
1396 308 
1407 305 
1417 302 
1427 298 
1437 295 
1447 292 
1457 289 
1467 287 
1477 284 
1488 282 
1498 279 
1508 277 
1518 275 
1528 273 
1538 271 
1548 269 
1558 267 
1568 266 
1579 264 
1589 263 
1599 261 
1609 260 
1619 259 
1629 258 
1639 257 
1649 257 
1660 256 
1670 255 
1680 255 
1690 255 
1700 255 
1710 254 
1720 254 
1730 255 
1740 255 
1750 255 
1760 255 
1769 256 
1779 257 
1789 257 
1798 258 
1808 259 
1817 260 
1826 261 
1836 262 
1845 264 
1854 265 
1862 267 
1871 268 
1880 270 
1888 272 
1897 274 
1899 276 
1899 278 
1899 280 
1899 282 
1899 285 
1899 287 
1899 290 
1888 284 
1877 278 
1866 272 
1855 267 
1844 261 
1833 256 
1822 251 
1811 246 
1800 241 
1789 237 
1778 232 
1767 228 
1756 223 
1745 219 
1734 215 
1723 211 
1712 207 
1701 204 
1690 200 
1679 197 
1668 193 
1657 190 
1646 187 
1635 184 
1624 181 
1613 178 
1602 176 
1591 173 
1580 171 
1569 168 
1558 166 
1547 164 
1536 162 
1526 160 
1515 159 
1504 157 
1493 156 
1482 154 
1471 153 
1460 152 
1449 151 
1439 150 
1428 149 
1417 148 
1406 147 
1395 147 
1384 147 
1373 146 
1363 146 
1352 146 
1341 146 
1330 146 
1319 146 
1309 147 
1298 147 
1287 147 
1276 148 
1265 149 
1255 150 
1244 151 
1233 152 
1222 153 
1212 154 
1201 155 
1190 157 
1179 158 
1169 160 
1158 161 
1147 163 
1136 165 
1126 167 
1115 169 
1104 171 
1094 174 
1083 176 
1072 178 
1061 181 
1051 184 
1040 186 
1029 189 
1019 192 
1008 195 
997 198 
987 201 
976 205 
965 208 
955 211 
944 215 
933 219 
923 222 
912 226 
901 230 
891 234 
880 238 
870 242 
859 246 
848 251 
838 255 
827 259 
816 264 
806 269 
795 273 
785 278 
774 283 
763 288 
753 293 
742 298 
732 303 
721 308 
711 314 
700 319 
689 325 
679 330 
668 336 
658 342 
647 347 
637 353 
626 359 
615 365 
605 372 
594 378 
584 384 
573 391 
563 398 
552 405 
542 412 
531 420 
521 427 
510 435 
500 443 
489 451 
479 460 
468 468 
458 477 
447 485 
437 494 
426 504 
416 513 
405 522 
395 532 
384 542 
374 552 
363 562 
353 572 
342 582 
332 593 
321 604 
311 614 
300 625 
290 637 
280 648 
269 659 
259 671 
258 673 
269 684 
281 696 
292 707 
303 718 
314 729 
325 740 
337 752 
348 763 
359 774 
371 786 
382 797 
390 790 
398 782 
406 775 
414 768 
422 762 
430 755 
438 749 
446 743 
454 737 
462 731 
470 726 
478 720 
486 715 
494 710 
502 705 
510 700 
518 695 
526 690 
534 685 
542 681 
550 677 
558 672 
566 668 
575 664 
583 660 
591 657 
599 653 
607 650 
616 646 
624 643 
632 640 
640 637 
649 634 
657 631 
665 628 
674 626 
682 624 
690 621 
698 619 
707 617 
715 615 
724 613 
732 611 
740 610 
749 608 
757 607 
766 605 
774 604 
782 603 
791 602 
799 601 
808 601 
816 600 
825 599 
833 599 
842 599 
850 598 
859 598 
867 598 
876 598 
885 599 
893 599 
902 599 
910 600 
919 600 
927 601 
936 602 
945 603 
953 604 
962 605 
971 606 
979 607 
988 609 
997 610 
1005 612 
1014 614 
1023 615 
1031 617 
1040 619 
1049 621 
1058 623 
1066 626 
1075 628 
1084 630 
1093 633 
1102 636 
1110 638 
1119 641 
1128 644 
1137 647 
1146 650 
1154 653 
1163 656 
1172 660 
1181 663 
1190 667 
1199 670 
1208 674 
1216 678 
1225 682 
1234 686 
1243 690 
1252 694 
1261 698 
1270 702 
1279 707 
1288 711 
1297 715 
1306 720 
1315 725 
1324 730 
1333 734 
1342 739 
1351 744 
1360 749 
1369 755 
1378 760 
1386 765 
1395 771 
1404 777 
1413 783 
1422 789 
1430 795 
1439 802 
1448 808 
1456 815 
1465 822 
1473 829 
1481 837 
1490 844 
1498 852 
1506 860 
1514 868 
1522 876 
1530 885 
1538 893 
1546 902 
1554 911 
1562 920 
1570 929 
1577 938 
1585 948 
1592 958 
1600 968 
1607 978 
1614 988 
1621 998 
1628 1009 
1635 1019 
1641 1030 
1648 1041 
1655 1052 
1661 1064 
1667 1075 
1673 1087 
1679 1098 
1685 1110 
1691 1122 
1697 1134 
1703 1147 
1708 1159 
1714 1172 
1717 1182 
1707 1176 
1698 1171 
1688 1165 
1679 1160 
1669 1154 
1660 1149 
1651 1144 
1641 1139 
1632 1134 
1622 1129 
1613 1125 
1603 1120 
1594 1116 
1584 1112 
1575 1108 
1565 1104 
1556 1100 
1546 1096 
1537 1093 
1527 1089 
1518 1086 
1508 1083 
1499 1080 
1489 1077 
1480 1074 
1470 1071 
1461 1068 
1451 1066 
1442 1063 
1432 1061 
1423 1059 
1413 1057 
1403 1055 
1394 1053 
1384 1051 
1375 1050 
1365 1048 
1356 1047 
1346 1046 
1337 1044 
1327 1043 
1317 1042 
1308 1042 
1298 1041 
1289 1040 
1279 1040 
1270 1049 
1260 1049 
1250 1050 
1241 1050 
1231 1050 
1222 1051 
1212 1051 
1202 1052 
1193 1053 
1183 1054 
1173 1055 
1164 1056 
1154 1057 
1145 1059 
1135 1060 
1125 1061 
1116 1063 
1106 1065 
1096 1067 
1087 1068 
1077 1070 
1067 1073 
1058 1075 
1048 1077 
1038 1079 
1029 1082 
1019 1084 
1009 1087 
1000 1090 
990 1092 
980 1095 
971 1098 
961 1101 
951 1105 
942 1108 
932 1111 
922 1115 
913 1118 
903 1122 
893 1125 
884 1129 
874 1133 
864 1137 
855 1141 
845 1145 
835 1149 
825 1154 
816 1158 
806 1163 
796 1167 
787 1172 
777 1176 
767 1181 
757 1186 
748 1191 
738 1196 
728 1201 
718 1206 
709 1212 
699 1217 
689 1222 
679 1228 
670 1233 
660 1239 
650 1245 
640 1251 
631 1256 
621 1262 
611 1268 
601 1275 
592 1281 
582 1288 
572 1295 
562 1302 
553 1309 
543 1316 
533 1324 
524 1332 
514 1339 
504 1347 
495 1356 
486 1364 
477 1373 
468 1381 
459 1390 
450 1399 
441 1408 
433 1418 
424 1427 
416 1437 
408 1447 
400 1457 
392 1467 
384 1477 
376 1488 
368 1499 
361 1509 
353 1520 
346 1531 
339 1543 
332 1554 
325 1566 
318 1577 
311 1589 
305 1601 
298 1613 
308 1623 
318 1633 
328 1643 
345 1645 
355 1655 
365 1665 
374 1674 
384 1668 
393 1663 
402 1657 
411 1652 
421 1646 
430 1641 
439 1636 
448 1631 
458 1626 
467 1622 
476 1617 
486 1613 
495 1608 
504 1604 
513 1600 
523 1596 
532 1592 
541 1588 
551 1585 
560 1581 
569 1578 
579 1575 
588 1572 
597 1569 
607 1566 
616 1563 
625 1560 
635 1558 
644 1555 
654 1553 
663 1551 
672 1549 
682 1547 
691 1545 
700 1543 
710 1542 
719 1540 
729 1539 
738 1538 
747 1537 
757 1535 
766 1535 
776 1534 
785 1533 
795 1532 
804 1532 
813 1531 
823 1531 
832 1531 
842 1531 
851 1531 
861 1531 
870 1531 
880 1531 
889 1532 
899 1532 
908 1533 
918 1534 
927 1534 
937 1535 
946 1536 
956 1538 
965 1539 
975 1540 
984 1541 
994 1543 
1003 1545 
1013 1546 
1022 1548 
1032 1550 
1041 1552 
1051 1554 
1060 1556 
1070 1559 
1079 1561 
1089 1563 
1098 1566 
1108 1568 
1118 1571 
1127 1574 
1137 1577 
1146 1580 
1156 1583 
1165 1586 
1175 1589 
1185 1593 
1194 1596 
1204 1600 
1213 1603 
1223 1607 
1232 1611 
1242 1615 
1252 1619 
1261 1623 
1271 1627 
1280 1631 
1290 1635 
1300 1640 
1309 1644 
1319 1649 
1329 1653 
1338 1658 
1348 1663 
1357 1668 
1367 1673 
1377 1678 
1386 1683 
1396 1688 
1406 1693 
1415 1699 
1425 1704 
1435 1710 
1444 1715 
1454 1721 
1464 1726 
1473 1732 
1483 1738 
1493 1744 
1502 1749 
1512 1749 
1521 1749 
1530 1744 
1538 1738 
1547 1732 
1556 1727 
1565 1721 
1574 1716 
1583 1711 
1592 1706 
1600 1701 
1609 1697 
1618 1692 
1627 1688 
1636 1683 
1645 1679 
1654 1675 
1663 1671 
1672 1667 
1681 1663 
1690 1660 
1699 1656 
1708 1653 
1717 1650 
1726 1647 
1735 1644 
1744 1641 
1753 1638 
1762 1635 
1771 1633 
1780 1631 
1789 1628 
1798 1626 
1807 1624 
1816 1622 
1825 1620 
1834 1619 
1843 1617 
1852 1615 
1861 1614 
1870 1613 
1880 1612 
1889 1611 
1898 1610 
1907 1609 
