144 0 
0 0 
101 1115 
101 1115 
101 1115 
101 1116 
101 1116 
101 1117 
101 1117 
101 1118 
101 1119 
101 1120 
101 1121 
101 1122 
101 1124 
101 1125 
101 1127 
101 1128 
101 1130 
101 1132 
101 1134 
101 1136 
101 1138 
101 1140 
101 1142 
101 1144 
101 1147 
101 1149 
101 1144 
101 1138 
101 1132 
101 1127 
101 1121 
101 1116 
101 1111 
101 1106 
101 1101 
101 1097 
101 1092 
101 1088 
101 1083 
101 1079 
101 1075 
101 1071 
101 1067 
101 1064 
101 1060 
112 1054 
122 1048 
133 1043 
144 1037 
155 1032 
166 1027 
176 1022 
187 1017 
197 1012 
208 1007 
218 1003 
228 998 
239 994 
249 990 
259 985 
269 982 
279 978 
289 974 
299 970 
308 967 
318 964 
328 960 
338 958 
348 955 
358 952 
368 950 
378 948 
388 946 
398 945 
408 943 
417 942 
427 941 
437 941 
447 940 
457 940 
467 940 
477 940 
487 940 
497 941 
507 941 
517 942 
527 943 
536 945 
546 946 
556 948 
566 950 
576 952 
586 954 
596 957 
606 959 
616 962 
626 964 
635 964 
644 964 
653 964 
