144 0 
0 0 
100 1115 
100 1115 
100 1115 
100 1116 
100 1116 
100 1117 
100 1117 
100 1118 
100 1119 
101 1120 
101 1121 
101 1122 
101 1124 
101 1125 
101 1127 
101 1128 
102 1130 
102 1132 
102 1134 
103 1136 
103 1138 
104 1140 
104 1142 
105 1144 
105 1147 
106 1149 
107 1149 
108 1149 
110 1149 
112 1149 
113 1149 
115 1149 
118 1149 
120 1149 
123 1149 
125 1149 
128 1149 
131 1149 
134 1149 
137 1149 
141 1149 
144 1149 
147 1149 
151 1149 
155 1149 
158 1149 
162 1149 
166 1149 
170 1149 
174 1149 
178 1149 
182 1149 
186 1149 
190 1149 
194 1149 
199 1144 
203 1138 
207 1132 
212 1127 
216 1121 
221 1116 
225 1111 
230 1106 
234 1101 
239 1097 
243 1092 
248 1088 
253 1083 
257 1079 
262 1075 
267 1071 
272 1067 
277 1063 
281 1060 
286 1056 
291 1053 
296 1050 
301 1047 
306 1044 
311 1041 
317 1038 
322 1035 
327 1033 
332 1031 
337 1028 
343 1026 
348 1024 
349 1022 
349 1020 
349 1018 
349 1017 
349 1015 
338 1010 
328 1004 
317 998 
306 993 
296 987 
285 982 
275 977 
264 972 
254 967 
243 963 
233 958 
223 954 
212 949 
202 945 
192 941 
181 937 
171 933 
161 929 
150 926 
140 922 
130 919 
119 916 
109 913 
100 910 
100 907 
100 904 
111 898 
121 892 
132 887 
143 881 
153 876 
164 871 
174 866 
184 861 
195 856 
205 851 
216 847 
226 842 
237 838 
247 834 
257 830 
268 826 
278 822 
289 818 
299 815 
309 811 
320 808 
330 804 
341 801 
351 798 
361 796 
372 793 
382 790 
393 788 
403 785 
413 783 
424 781 
434 779 
444 777 
455 775 
465 773 
476 772 
486 770 
496 769 
507 767 
517 766 
527 765 
538 764 
548 763 
558 763 
569 762 
579 761 
590 761 
600 761 
610 761 
621 760 
631 760 
641 761 
652 761 
662 761 
672 762 
683 762 
693 763 
703 763 
714 764 
724 765 
734 766 
745 767 
755 768 
765 770 
776 771 
786 773 
796 774 
806 776 
817 778 
827 780 
837 782 
848 784 
858 786 
868 788 
879 791 
889 793 
899 796 
910 798 
920 801 
930 804 
940 807 
951 810 
961 813 
971 816 
982 819 
992 823 
1002 826 
1012 830 
1023 833 
1033 837 
1043 841 
1054 844 
1064 848 
1074 852 
1084 857 
1095 861 
1105 865 
1115 869 
1125 874 
1136 878 
1146 883 
1156 888 
1167 893 
1177 897 
1187 902 
1197 907 
1208 913 
1218 918 
1228 923 
1238 928 
1249 934 
1238 928 
1227 922 
1216 917 
1205 911 
1194 906 
1183 900 
1173 895 
1162 890 
1151 886 
1140 881 
1130 876 
1119 872 
1108 868 
1098 863 
1087 859 
1076 855 
1065 851 
1055 848 
1044 844 
1033 841 
1023 837 
1012 834 
1001 831 
991 828 
980 825 
969 822 
959 820 
948 817 
937 815 
927 813 
916 810 
905 808 
895 806 
884 805 
873 803 
863 801 
852 800 
842 798 
831 797 
820 796 
810 795 
799 794 
789 793 
778 792 
767 792 
757 791 
746 791 
736 790 
725 790 
714 790 
704 790 
693 790 
683 790 
672 791 
662 791 
651 792 
640 792 
630 793 
619 794 
609 795 
598 796 
588 797 
577 798 
567 799 
556 801 
546 802 
535 804 
524 806 
514 807 
503 809 
493 811 
482 813 
472 816 
461 818 
451 820 
440 823 
430 825 
419 828 
409 831 
398 833 
388 836 
377 839 
367 842 
356 846 
346 849 
336 852 
325 856 
315 859 
304 863 
294 866 
283 870 
273 874 
262 878 
252 882 
241 886 
231 890 
220 895 
210 899 
200 904 
189 908 
179 913 
168 917 
158 922 
147 927 
137 932 
127 937 
116 942 
106 947 
100 953 
111 947 
121 941 
132 935 
143 930 
153 925 
163 919 
174 914 
184 909 
194 905 
203 900 
213 895 
223 891 
232 886 
241 882 
250 878 
260 874 
268 870 
277 867 
286 863 
295 860 
303 856 
311 853 
320 850 
328 847 
336 844 
343 841 
351 839 
359 836 
366 834 
374 831 
381 829 
388 827 
395 825 
402 823 
409 822 
416 820 
423 819 
429 817 
436 816 
442 815 
448 814 
454 813 
460 812 
466 811 
472 811 
478 810 
484 810 
489 809 
495 809 
500 809 
505 809 
510 809 
515 809 
520 810 
525 810 
530 811 
535 811 
539 812 
544 813 
548 814 
552 815 
556 816 
561 817 
565 818 
569 820 
572 821 
576 823 
580 825 
583 826 
587 828 
590 830 
594 832 
597 835 
600 837 
603 839 
606 842 
609 844 
612 847 
614 849 
617 852 
620 855 
622 858 
625 861 
627 864 
629 868 
631 871 
634 875 
636 878 
637 882 
639 885 
641 889 
643 893 
645 897 
646 901 
648 905 
649 909 
650 914 
