144 0 
0 0 
1050 1365 
1050 1365 
1050 1365 
1050 1366 
1050 1366 
1050 1367 
1050 1367 
1050 1368 
1050 1369 
1050 1370 
1050 1371 
1050 1372 
1050 1374 
1050 1375 
1050 1377 
1050 1378 
1050 1380 
1050 1382 
1050 1384 
1050 1386 
1050 1388 
1050 1390 
1050 1392 
1050 1394 
1050 1397 
1051 1399 
1051 1402 
1051 1405 
1052 1408 
1052 1411 
1053 1414 
1053 1417 
1054 1420 
1055 1423 
1056 1426 
1056 1430 
1057 1433 
1058 1437 
1059 1441 
1060 1444 
1062 1448 
1063 1449 
1065 1449 
1066 1449 
1068 1449 
1070 1449 
1073 1449 
1075 1449 
1078 1449 
1081 1449 
1084 1449 
1087 1449 
1090 1449 
1093 1449 
1096 1449 
1100 1449 
1103 1444 
1107 1438 
1110 1432 
1114 1427 
1118 1421 
1121 1416 
1125 1411 
1129 1406 
1133 1401 
1137 1397 
1141 1392 
1145 1388 
1149 1383 
1153 1379 
1157 1375 
1161 1371 
1165 1367 
1169 1363 
1173 1360 
1178 1356 
1182 1353 
1186 1350 
1191 1347 
1195 1344 
1200 1341 
1204 1338 
1209 1335 
1213 1333 
1218 1331 
1222 1328 
1227 1326 
1232 1324 
1237 1322 
1241 1320 
1246 1318 
1251 1317 
1256 1315 
1261 1314 
1266 1313 
1271 1312 
1276 1310 
1280 1310 
1285 1309 
1290 1308 
1295 1307 
1299 1307 
1288 1301 
1277 1295 
1266 1290 
1255 1284 
1244 1279 
1233 1274 
1222 1268 
1211 1264 
1200 1259 
1189 1254 
1178 1249 
1167 1245 
1156 1241 
1146 1236 
1135 1232 
1124 1228 
1113 1225 
1102 1221 
1091 1217 
1080 1214 
1069 1210 
1058 1207 
1047 1204 
1036 1201 
1025 1198 
1015 1196 
1004 1193 
993 1190 
982 1188 
971 1186 
960 1183 
949 1181 
938 1179 
928 1178 
917 1176 
906 1174 
900 1173 
911 1167 
922 1161 
933 1156 
944 1150 
955 1145 
966 1140 
977 1134 
988 1130 
999 1125 
1010 1120 
1021 1115 
1032 1111 
1043 1107 
1054 1102 
1065 1098 
1076 1094 
1087 1091 
1098 1087 
1109 1083 
1120 1080 
1131 1076 
1142 1073 
1153 1070 
1164 1067 
1175 1064 
1186 1061 
1197 1059 
1208 1056 
1219 1054 
1230 1052 
1241 1049 
1251 1047 
1262 1045 
1273 1044 
1283 1042 
1294 1040 
1299 1039 
1288 1033 
1277 1027 
1267 1022 
1256 1016 
1245 1011 
1234 1006 
1224 1000 
1213 996 
1203 991 
1192 986 
1182 981 
1172 977 
1161 973 
1151 968 
1141 964 
1130 960 
1120 957 
1110 953 
1100 949 
1089 946 
1079 942 
1069 939 
1059 936 
1048 933 
1038 930 
1028 927 
1017 925 
1007 922 
997 920 
987 918 
976 915 
966 913 
956 911 
946 910 
935 908 
925 906 
915 905 
905 903 
900 902 
911 896 
921 891 
932 885 
943 879 
954 874 
965 869 
976 864 
987 859 
998 854 
1009 849 
1020 845 
1031 840 
1042 836 
1053 832 
1063 828 
1074 824 
1085 820 
1096 816 
1107 813 
1118 809 
1129 806 
1140 803 
1150 799 
1161 796 
1172 794 
1183 791 
1194 788 
1205 786 
1215 783 
1226 781 
1237 779 
1248 777 
1259 775 
1269 773 
1280 771 
1291 770 
1299 768 
1288 762 
1278 756 
1267 751 
1256 745 
1246 740 
1235 735 
1225 730 
1214 725 
1204 720 
1193 715 
1183 711 
1173 706 
1163 702 
1153 698 
1143 694 
1133 690 
1123 686 
1113 682 
1103 679 
1093 675 
1083 672 
1074 669 
1064 665 
1054 662 
1044 660 
1034 657 
1024 654 
1014 652 
1004 649 
994 647 
984 645 
974 643 
964 641 
955 639 
945 637 
935 636 
925 634 
916 633 
906 631 
900 630 
911 624 
922 619 
933 613 
944 608 
955 602 
966 597 
977 592 
988 587 
999 582 
1010 577 
1021 573 
1032 568 
1043 564 
1054 560 
1065 556 
1076 552 
1087 548 
1098 544 
1109 541 
1120 537 
1131 534 
1142 531 
1153 528 
1164 525 
1175 522 
1186 519 
1197 516 
1208 514 
1219 511 
1230 509 
1241 507 
1252 505 
1262 503 
1273 501 
1284 499 
1295 498 
1299 496 
1289 490 
1278 485 
1267 479 
1256 474 
1246 468 
1235 463 
1225 458 
1214 453 
1204 448 
1193 443 
1183 439 
1173 434 
1163 430 
1153 426 
1143 422 
1133 418 
1123 414 
1113 410 
1104 407 
1094 403 
1084 400 
1074 397 
1064 394 
1054 391 
1044 388 
1035 385 
1025 382 
1015 380 
1005 377 
995 375 
985 373 
975 371 
965 369 
956 367 
946 365 
936 364 
926 362 
916 361 
907 360 
900 358 
911 353 
921 347 
932 341 
943 336 
954 330 
965 325 
975 320 
986 315 
997 310 
1008 306 
1018 301 
1029 297 
1040 292 
1051 288 
1061 284 
1072 280 
1083 276 
1093 272 
1104 269 
1115 265 
1125 262 
1136 259 
1147 256 
1157 253 
1168 250 
1179 247 
1189 244 
1200 242 
1211 239 
1221 237 
1232 235 
1243 233 
1253 231 
1264 229 
1275 227 
1285 226 
1296 224 
1306 223 
1317 222 
1328 221 
1338 219 
1349 219 
1360 218 
1370 217 
1381 216 
1391 216 
1402 215 
1413 215 
1423 215 
1434 215 
1444 215 
1455 215 
1465 215 
1476 215 
1487 216 
1497 216 
1508 217 
1518 218 
1529 219 
1539 219 
1550 220 
1560 222 
1571 223 
1581 224 
1592 226 
1603 227 
1613 229 
1624 230 
1634 232 
1645 234 
1655 236 
1666 238 
1676 240 
1687 243 
1697 245 
1708 247 
1718 249 
1728 244 
1738 238 
1749 232 
1759 227 
1769 221 
1779 216 
1789 211 
1799 206 
1810 201 
1820 197 
1830 192 
1840 188 
1850 183 
1860 179 
1870 175 
1881 171 
1891 167 
1901 164 
1911 160 
1921 156 
1931 153 
1941 150 
1952 157 
1962 157 
1972 157 
1982 157 
1992 158 
2002 158 
2012 159 
2022 160 
2033 160 
2043 161 
2053 162 
2063 164 
2073 165 
2083 166 
2093 167 
2104 169 
2114 171 
2124 172 
2134 174 
2144 176 
2154 178 
2164 180 
2174 182 
2185 184 
2195 187 
2205 189 
2215 192 
2225 194 
2235 197 
2245 201 
2255 204 
2266 207 
2276 211 
2286 215 
2296 219 
2306 223 
2316 228 
2326 232 
2336 237 
2347 242 
2357 247 
2367 253 
2377 258 
2387 264 
2400 270 
2400 276 
2400 282 
2400 289 
2400 295 
2400 302 
2400 309 
2400 316 
2400 324 
2400 331 
2400 339 
2400 347 
2400 355 
2400 363 
2400 371 
2401 380 
2401 388 
2401 397 
2401 406 
2401 415 
2401 425 
2401 434 
2402 444 
2402 454 
2402 464 
2403 474 
2403 484 
2403 494 
2404 505 
2405 516 
2405 527 
2406 538 
2407 549 
2408 560 
2409 564 
2410 559 
2411 553 
2412 548 
2413 542 
2414 537 
2415 532 
2416 527 
2417 523 
2417 518 
2418 514 
2419 509 
2419 505 
2419 501 
2420 497 
2420 493 
2420 489 
2421 485 
2421 482 
2421 479 
2421 475 
2421 472 
2421 469 
2420 466 
2420 463 
2420 461 
2419 458 
2419 456 
2418 453 
2418 451 
2417 449 
2417 447 
2416 445 
2415 443 
2414 442 
2413 440 
2412 439 
2411 437 
2410 436 
2409 435 
2408 434 
2406 433 
2405 432 
2404 432 
2402 431 
2401 431 
2400 430 
2400 430 
2400 430 
2400 430 
2400 430 
2400 430 
2400 430 
2400 431 
2400 431 
2400 432 
2400 433 
2400 433 
2400 434 
2400 435 
2400 436 
2400 437 
2400 439 
2400 440 
2400 442 
2400 443 
2399 445 
2399 446 
2399 448 
2399 450 
2398 452 
2398 454 
2397 457 
2397 459 
2396 461 
2396 464 
2395 467 
2394 469 
2393 472 
2392 475 
2391 478 
2390 481 
2389 484 
2388 487 
2387 491 
2386 494 
2384 497 
2383 501 
2382 505 
2380 508 
2379 512 
2377 516 
2375 520 
2374 524 
2372 528 
2370 533 
2368 537 
2366 541 
2364 546 
2362 549 
2360 544 
2358 538 
2356 532 
2353 527 
2351 521 
2349 516 
2346 511 
2344 506 
2341 501 
2338 497 
2336 492 
2333 488 
2330 483 
2327 479 
2325 475 
2322 471 
2319 467 
2316 464 
2313 460 
2310 456 
2307 453 
2303 450 
2300 457 
2297 457 
2294 457 
2290 457 
2287 458 
2284 458 
2280 459 
2277 460 
2273 460 
2269 461 
2266 462 
2262 464 
2258 465 
2255 466 
2251 467 
2247 469 
2243 471 
2239 472 
2235 474 
2231 476 
2227 478 
2223 480 
2219 482 
2215 484 
2211 487 
2207 489 
2202 492 
2198 494 
2194 497 
2189 500 
2185 503 
2180 506 
2176 509 
2171 512 
2167 515 
2162 519 
2158 522 
2153 526 
2148 529 
2144 533 
2139 537 
2134 541 
2129 545 
2124 549 
2120 543 
2115 537 
2110 531 
2105 526 
2100 521 
2095 515 
2090 510 
2085 505 
2080 500 
2075 496 
2069 491 
2064 487 
2059 482 
2054 478 
2048 474 
2043 470 
2038 466 
2032 463 
2027 459 
2021 456 
2016 452 
2010 459 
2005 459 
1999 459 
1994 460 
1988 460 
1983 461 
1977 461 
1971 462 
1965 463 
1960 464 
1954 465 
1948 466 
1942 467 
1936 468 
1930 470 
1925 471 
1919 473 
1913 474 
1907 476 
1901 478 
1895 480 
1888 482 
1882 484 
1876 487 
1870 489 
1864 491 
1858 494 
1852 497 
1845 499 
1839 502 
1833 505 
1826 508 
1820 511 
1814 514 
1807 518 
1801 521 
1794 524 
1788 528 
1781 531 
1775 535 
1768 539 
1762 543 
1755 547 
1749 549 
1742 549 
1736 549 
1730 549 
1723 549 
1717 549 
1711 549 
1705 549 
1699 549 
1694 549 
1688 550 
1682 550 
1676 551 
1670 551 
1664 552 
1658 554 
1653 555 
1647 557 
1641 559 
1635 561 
1629 563 
1623 564 
1617 564 
1611 564 
1605 564 
1599 565 
1594 565 
1588 566 
1582 566 
1577 568 
1571 569 
1566 570 
1560 572 
1555 574 
1550 576 
1545 578 
1540 580 
1535 583 
1530 586 
1526 589 
1521 592 
1516 595 
1512 599 
1508 603 
1504 607 
1500 611 
1500 615 
1500 620 
1500 624 
1500 629 
1500 634 
1500 640 
1500 645 
1500 651 
1500 657 
1500 662 
1500 669 
1500 675 
1500 682 
1500 688 
1501 695 
1501 702 
1501 709 
1501 717 
1501 724 
1501 732 
1501 740 
1502 748 
1502 756 
1502 765 
1503 773 
1503 782 
1503 791 
1504 800 
1505 809 
1505 819 
1506 828 
1507 838 
1508 847 
1509 857 
1510 866 
1511 876 
1512 886 
1513 896 
1514 906 
1515 916 
1517 926 
1518 936 
1519 946 
1521 956 
1522 966 
1524 977 
1525 987 
1527 997 
1529 1008 
1531 1018 
1533 1029 
1534 1040 
1536 1050 
1538 1061 
1540 1072 
1543 1083 
1545 1094 
1547 1105 
1549 1115 
1551 1127 
1554 1138 
1556 1149 
1559 1149 
1561 1149 
1564 1149 
1567 1149 
1570 1149 
1573 1149 
1577 1149 
1580 1149 
1584 1149 
1587 1149 
1591 1149 
1595 1149 
1598 1144 
1602 1138 
1606 1132 
1610 1127 
1614 1121 
1618 1116 
1622 1111 
1626 1106 
1630 1101 
1634 1097 
1638 1092 
1643 1088 
1647 1083 
1651 1079 
1655 1075 
1660 1071 
1664 1067 
1669 1064 
1673 1060 
1678 1056 
1682 1053 
1687 1050 
1691 1057 
1696 1057 
1701 1057 
1705 1057 
1710 1058 
1715 1058 
1720 1059 
1725 1060 
1729 1060 
1734 1061 
1739 1062 
1744 1064 
1749 1065 
1754 1066 
1759 1067 
1765 1069 
1770 1071 
1775 1072 
1780 1074 
1785 1076 
1791 1078 
1796 1080 
1801 1082 
1806 1084 
1812 1087 
1817 1089 
1823 1092 
1828 1094 
1834 1097 
1839 1100 
1845 1103 
1850 1106 
1856 1109 
1862 1112 
1867 1115 
1873 1119 
1879 1122 
1884 1126 
1890 1129 
1896 1133 
1899 1137 
1899 1141 
1899 1145 
1899 1149 
1899 1149 
1899 1149 
1899 1149 
1899 1149 
1899 1149 
1899 1149 
1899 1149 
1899 1149 
1899 1149 
1899 1149 
1899 1149 
1899 1149 
1899 1144 
1899 1138 
1899 1132 
1899 1127 
1899 1121 
1899 1116 
1899 1111 
1899 1106 
1899 1101 
1899 1097 
1899 1092 
1899 1088 
1899 1083 
1899 1079 
1899 1075 
1899 1071 
1899 1067 
1899 1063 
1899 1060 
1899 1056 
1899 1053 
1899 1050 
1899 1047 
1899 1044 
1899 1041 
1899 1038 
1899 1036 
1899 1033 
1899 1031 
1899 1028 
1899 1026 
1888 1020 
1878 1015 
1867 1009 
1856 1003 
1846 998 
1836 993 
1825 988 
1815 983 
1805 978 
1800 973 
1800 969 
1800 964 
1800 960 
1800 956 
1800 952 
1800 948 
1800 944 
1800 940 
1800 937 
1800 933 
1800 930 
1800 927 
1800 923 
1800 920 
1800 918 
1811 912 
1821 906 
1832 900 
1843 895 
1853 890 
1863 884 
1874 879 
1884 874 
1894 869 
1899 865 
1899 860 
1899 856 
1899 851 
1899 847 
1899 843 
1899 839 
1899 835 
1898 832 
1898 828 
1897 825 
1897 821 
1896 818 
1896 815 
1895 812 
1894 809 
1893 806 
1893 804 
1892 801 
1891 799 
1890 796 
1888 794 
1887 792 
1886 790 
1885 788 
1884 787 
1883 785 
1882 784 
1881 782 
1880 781 
1879 780 
1879 779 
1878 778 
1878 777 
1877 776 
1877 775 
1876 775 
1876 775 
1876 774 
1876 774 
1876 774 
1876 774 
1876 774 
1876 775 
1876 776 
1876 777 
1877 778 
1877 779 
1878 781 
1878 782 
1879 784 
1879 786 
1880 789 
1881 791 
1881 794 
1882 797 
1883 800 
1884 803 
1885 807 
1886 810 
1887 814 
1889 818 
1890 823 
1891 827 
1893 832 
1894 836 
1895 841 
1897 847 
1899 852 
1900 858 
1902 863 
1904 869 
1899 875 
1888 869 
1878 864 
1867 859 
1856 854 
1846 849 
1836 844 
1825 840 
1815 836 
1805 832 
1800 828 
1800 825 
1800 821 
1800 818 
1800 816 
1800 813 
1800 811 
1800 808 
1800 807 
1800 805 
1800 803 
1800 802 
1800 801 
1800 800 
1800 800 
1801 799 
1801 799 
1801 799 
1801 799 
1801 800 
1801 800 
1812 794 
1823 789 
1835 784 
1846 778 
1857 774 
1868 769 
1879 765 
1890 761 
1901 757 
1912 753 
1923 759 
1934 760 
1945 760 
1956 761 
1967 762 
1978 763 
1989 764 
2000 765 
2011 767 
2022 769 
2033 771 
2044 773 
2055 775 
2066 778 
2077 781 
2088 784 
2099 787 
2110 790 
2120 794 
2131 798 
2142 802 
2153 806 
2164 810 
2175 815 
2186 819 
2197 824 
2208 829 
2219 835 
2229 840 
2240 846 
2251 852 
2262 858 
2273 864 
2283 864 
2294 864 
2303 864 
2313 864 
2322 864 
2331 864 
2340 864 
2348 864 
2356 864 
2364 859 
2372 853 
2380 848 
2389 843 
2397 838 
2405 833 
2413 829 
2421 825 
2429 821 
2437 817 
2445 814 
2453 811 
2462 807 
2470 805 
2478 802 
2486 800 
2494 798 
2503 796 
2511 794 
2519 793 
2527 791 
2536 790 
2544 789 
2552 789 
2561 788 
2569 788 
2577 788 
2586 788 
2594 789 
2602 789 
2611 790 
2619 791 
2627 792 
2636 794 
2644 795 
2649 797 
2649 799 
2649 801 
2649 804 
2649 806 
2649 809 
2649 812 
2649 815 
2649 819 
2649 822 
2649 826 
2649 830 
2649 834 
2649 839 
2649 843 
2649 848 
2649 853 
2649 858 
2649 863 
2649 869 
2649 874 
2649 880 
2649 886 
2649 892 
2649 898 
2649 905 
2649 912 
2649 918 
2649 926 
2649 933 
2649 940 
2649 948 
2649 955 
2649 963 
2649 971 
2649 980 
2649 988 
2649 997 
2649 1005 
2649 1014 
2649 1023 
2649 1033 
2649 1042 
2649 1051 
2649 1061 
2649 1071 
2649 1081 
2649 1091 
2649 1102 
2649 1112 
2649 1123 
2649 1134 
2649 1145 
2649 1156 
2649 1167 
2638 1161 
2628 1156 
2617 1150 
2606 1145 
2596 1141 
2586 1136 
2575 1132 
2565 1127 
2555 1124 
2546 1120 
2536 1116 
2526 1113 
2517 1110 
2508 1107 
2498 1105 
2489 1102 
2480 1100 
2470 1098 
2461 1097 
2452 1095 
2443 1094 
2434 1093 
2425 1092 
2417 1091 
2408 1091 
2399 1091 
2390 1091 
2382 1091 
2373 1091 
2365 1092 
2356 1093 
2348 1094 
2339 1095 
2331 1096 
2323 1098 
2315 1100 
2307 1102 
2299 1104 
2290 1107 
2282 1109 
2275 1112 
2267 1115 
2259 1118 
2251 1122 
2243 1125 
2236 1129 
2228 1133 
2220 1137 
2213 1141 
2205 1146 
2198 1151 
2191 1155 
2183 1161 
2176 1166 
2169 1171 
2161 1177 
2154 1183 
2147 1189 
2139 1195 
2132 1201 
2125 1208 
2117 1214 
2110 1221 
2102 1228 
2100 1235 
2100 1243 
2100 1250 
2100 1258 
2100 1266 
2100 1274 
2100 1282 
2100 1291 
2100 1299 
2100 1308 
2100 1317 
2100 1326 
2100 1335 
2099 1345 
2099 1354 
2099 1364 
2099 1374 
2098 1384 
2098 1394 
2097 1404 
2097 1415 
2096 1426 
2096 1436 
2095 1447 
2094 1458 
2093 1464 
2092 1464 
2091 1464 
2089 1464 
2087 1464 
2085 1464 
2083 1464 
2081 1464 
2079 1464 
2076 1464 
2073 1464 
2070 1464 
2067 1464 
2064 1464 
2061 1464 
2058 1464 
2054 1464 
2051 1464 
2047 1464 
2043 1464 
2040 1464 
2036 1464 
2032 1464 
2028 1464 
2024 1464 
2020 1464 
2016 1464 
2012 1464 
2008 1464 
2003 1464 
1999 1459 
1995 1453 
1990 1448 
1986 1443 
1982 1438 
1977 1433 
1973 1429 
1968 1425 
1964 1421 
1959 1417 
1954 1414 
1950 1411 
1945 1408 
1940 1405 
1936 1402 
1931 1400 
1926 1398 
1921 1396 
1916 1394 
1911 1393 
1906 1391 
1901 1390 
1896 1389 
1891 1389 
1886 1388 
1881 1388 
1876 1388 
1871 1388 
