144 0 
0 0 
1000 615 
1000 615 
1000 615 
1000 616 
1000 616 
1000 617 
1000 617 
1000 618 
1000 619 
1000 620 
1000 621 
1000 622 
1000 624 
1000 625 
1000 627 
1000 628 
1000 630 
1000 632 
1000 634 
1000 636 
1000 638 
1000 640 
1000 642 
1000 644 
1000 647 
1000 649 
1000 649 
1000 649 
1000 649 
1000 649 
1000 649 
1000 649 
1000 649 
1000 649 
1000 649 
1000 649 
1000 649 
1000 649 
1000 649 
1000 649 
1000 649 
1000 649 
1000 649 
1000 649 
1000 649 
1000 649 
1000 649 
1000 649 
1000 649 
1000 649 
1000 649 
1000 649 
1000 649 
1000 649 
1000 649 
1000 649 
1000 649 
1000 649 
1000 649 
1000 649 
1000 649 
1000 649 
1000 649 
1001 649 
1002 649 
1003 649 
1004 649 
1005 649 
1006 649 
1007 649 
1008 649 
1010 649 
1011 649 
1013 649 
1015 649 
1016 649 
1019 649 
1021 649 
1023 649 
1026 649 
1029 649 
1031 649 
1034 649 
1036 649 
1038 649 
1040 649 
1041 649 
1042 649 
1043 649 
1043 649 
1043 649 
1042 649 
1042 649 
1041 649 
1039 649 
1038 649 
1036 649 
1035 649 
1033 649 
1030 649 
1028 649 
1026 649 
1023 649 
1020 649 
1017 649 
1014 649 
1011 649 
1008 649 
1004 649 
1001 649 
997 649 
994 649 
990 649 
986 649 
983 649 
979 649 
975 649 
971 649 
967 649 
962 649 
958 649 
954 649 
950 649 
946 649 
941 649 
937 649 
933 649 
928 649 
924 649 
919 649 
915 649 
910 649 
906 644 
901 638 
896 632 
892 627 
887 621 
882 616 
878 611 
873 606 
868 601 
863 597 
858 592 
853 598 
849 598 
844 598 
839 598 
833 599 
828 599 
823 600 
818 601 
813 601 
808 602 
803 603 
797 604 
792 606 
787 607 
781 608 
776 610 
771 611 
765 613 
760 615 
754 617 
749 619 
743 621 
737 623 
732 625 
726 628 
721 630 
715 633 
709 635 
703 638 
698 641 
692 644 
686 647 
680 649 
674 644 
669 638 
663 632 
657 627 
651 621 
645 616 
640 611 
634 606 
628 601 
622 597 
616 592 
610 598 
604 598 
598 598 
592 598 
586 599 
579 599 
573 600 
567 600 
561 601 
555 602 
548 603 
542 604 
536 606 
529 607 
523 608 
517 610 
510 611 
504 613 
497 615 
491 617 
484 619 
478 621 
471 623 
465 625 
458 628 
452 630 
445 633 
438 635 
432 638 
425 641 
418 644 
411 647 
405 649 
398 649 
392 649 
386 649 
379 649 
373 649 
367 649 
361 649 
355 649 
349 649 
344 649 
338 649 
332 649 
327 649 
321 649 
316 649 
310 649 
305 649 
299 649 
294 649 
288 649 
283 649 
278 649 
273 649 
267 649 
262 649 
257 649 
252 649 
247 649 
241 649 
236 649 
231 649 
226 649 
221 649 
216 649 
211 649 
207 649 
203 649 
199 649 
195 649 
192 649 
190 649 
188 649 
187 649 
185 649 
185 649 
184 649 
184 649 
184 649 
185 649 
186 649 
187 649 
188 649 
190 649 
191 649 
193 644 
195 638 
197 632 
199 627 
201 621 
203 616 
206 611 
208 606 
210 601 
213 597 
215 592 
217 598 
220 598 
222 598 
225 598 
227 599 
229 599 
232 600 
234 600 
236 601 
238 602 
240 603 
242 604 
244 606 
246 607 
247 608 
249 610 
251 611 
252 613 
253 615 
255 617 
256 619 
257 621 
258 623 
259 625 
260 628 
261 630 
262 633 
263 635 
263 638 
264 641 
265 644 
265 647 
265 649 
265 649 
265 649 
264 649 
263 649 
262 649 
260 649 
258 649 
257 649 
255 649 
252 649 
250 649 
247 649 
245 649 
242 649 
239 649 
236 649 
233 649 
229 649 
226 649 
223 649 
219 649 
215 649 
212 649 
208 649 
204 649 
200 649 
196 649 
192 649 
188 649 
184 649 
180 649 
176 649 
172 649 
168 649 
164 649 
161 649 
158 649 
155 649 
153 649 
150 649 
148 649 
145 649 
143 649 
141 649 
140 649 
138 649 
136 649 
135 649 
133 644 
132 638 
130 632 
129 627 
128 621 
126 616 
125 611 
124 606 
122 601 
121 597 
120 592 
118 588 
117 583 
116 579 
115 575 
114 571 
113 567 
112 564 
111 560 
110 556 
110 553 
109 550 
108 547 
108 544 
107 541 
106 538 
106 536 
105 533 
105 531 
104 528 
103 526 
102 524 
101 522 
101 520 
101 519 
101 517 
101 515 
101 514 
101 513 
101 512 
101 511 
101 510 
101 509 
101 508 
101 507 
101 507 
101 506 
101 506 
101 506 
101 506 
101 506 
101 506 
101 506 
101 507 
101 507 
112 501 
122 495 
133 490 
144 484 
149 479 
149 474 
149 469 
149 464 
150 459 
150 454 
150 450 
150 445 
151 441 
151 437 
152 432 
152 429 
153 425 
153 421 
154 417 
155 414 
156 411 
157 407 
158 404 
159 401 
160 398 
161 396 
162 393 
163 390 
165 398 
166 398 
167 398 
169 399 
170 399 
172 400 
174 400 
175 401 
177 402 
179 403 
181 404 
183 405 
185 406 
187 407 
189 409 
191 410 
193 412 
195 414 
197 415 
200 417 
202 419 
204 421 
207 423 
209 426 
212 428 
215 430 
217 433 
220 436 
223 438 
225 441 
228 444 
231 447 
234 449 
237 449 
240 449 
244 449 
247 449 
251 449 
254 444 
258 438 
262 432 
265 427 
269 421 
273 416 
277 411 
281 406 
284 401 
288 397 
292 392 
296 398 
301 398 
305 398 
309 398 
313 399 
317 399 
321 400 
326 401 
330 401 
334 402 
339 403 
343 404 
348 406 
352 407 
357 408 
361 410 
366 411 
371 413 
375 415 
380 417 
385 419 
390 421 
394 423 
399 425 
404 428 
409 430 
414 433 
419 435 
424 438 
429 441 
434 444 
439 447 
444 449 
449 449 
454 449 
460 449 
465 449 
470 449 
475 449 
480 444 
485 438 
490 432 
495 427 
500 421 
505 416 
510 411 
516 406 
521 401 
526 397 
531 392 
537 398 
542 398 
548 398 
553 398 
559 399 
564 399 
570 400 
575 400 
581 401 
586 402 
592 403 
598 404 
603 406 
609 407 
615 408 
621 410 
626 411 
632 413 
638 415 
644 417 
650 419 
656 421 
662 423 
668 425 
674 428 
680 430 
686 433 
692 435 
698 438 
704 441 
710 444 
717 447 
723 449 
729 449 
735 449 
741 449 
746 449 
752 449 
758 449 
764 449 
769 449 
775 449 
780 449 
786 449 
791 449 
797 449 
802 449 
807 449 
813 449 
818 449 
823 449 
828 449 
834 449 
839 449 
844 449 
849 449 
854 449 
859 449 
865 449 
870 449 
875 449 
880 449 
885 449 
890 449 
895 449 
900 449 
905 449 
910 449 
915 449 
920 449 
925 449 
930 449 
935 449 
940 449 
944 449 
949 449 
953 449 
956 449 
959 449 
962 449 
964 449 
966 449 
967 449 
968 449 
968 449 
968 444 
968 438 
968 432 
968 427 
968 421 
968 416 
968 411 
968 406 
967 401 
967 397 
967 392 
966 398 
965 398 
965 398 
964 398 
963 399 
963 399 
962 400 
961 400 
960 401 
959 402 
958 403 
956 404 
955 406 
954 407 
953 408 
951 410 
950 411 
948 413 
947 415 
945 417 
944 419 
942 421 
941 423 
940 425 
938 428 
937 430 
936 433 
935 435 
934 438 
934 441 
933 444 
932 447 
932 449 
932 449 
932 449 
933 449 
933 449 
935 449 
936 449 
937 449 
939 449 
941 449 
943 449 
945 449 
948 449 
951 449 
953 449 
956 449 
959 449 
962 449 
965 449 
969 449 
972 449 
976 449 
979 449 
983 449 
987 449 
990 449 
994 449 
998 449 
1002 449 
1006 449 
1010 449 
1014 449 
1018 449 
1021 449 
1024 449 
1026 444 
1028 438 
1030 432 
1032 427 
1033 421 
1035 416 
1037 411 
1038 406 
1040 401 
1041 397 
1043 392 
1044 388 
1045 383 
1047 379 
1048 375 
1049 371 
1049 367 
1049 363 
1049 360 
1049 356 
1049 353 
1049 350 
1049 347 
1049 344 
1049 341 
1049 338 
1049 335 
1049 333 
1049 331 
1049 328 
1049 326 
1048 324 
1048 322 
1048 320 
1048 319 
1048 317 
1048 315 
1048 314 
1047 313 
1047 312 
1047 311 
1047 310 
1047 309 
1046 308 
1046 307 
1046 307 
1046 306 
1045 306 
1045 306 
1045 306 
1045 306 
1044 306 
1044 306 
1044 306 
1043 307 
1043 307 
1042 308 
1042 309 
1041 310 
1040 310 
1040 311 
1039 313 
1039 314 
1039 315 
1038 317 
1038 318 
1038 320 
1038 321 
1038 323 
1038 325 
1038 327 
1038 329 
1038 331 
1039 334 
1039 336 
1039 338 
1040 341 
1040 344 
1041 346 
1041 349 
1042 352 
1043 355 
1044 358 
1045 361 
1046 365 
1047 368 
1048 371 
1049 375 
1049 378 
1049 382 
1049 386 
1050 390 
1050 394 
1050 398 
1050 402 
1050 406 
1050 410 
1050 415 
1050 419 
1050 424 
1051 428 
1051 433 
1051 438 
1051 443 
1051 448 
1051 442 
1051 436 
1051 431 
1051 425 
1051 420 
1052 414 
1052 409 
1052 404 
1052 400 
1052 395 
1052 390 
1049 386 
1049 382 
1049 377 
1049 373 
1049 369 
1049 365 
1049 362 
1049 358 
1049 355 
1049 351 
1049 348 
1049 345 
1049 342 
1049 339 
1049 336 
1049 334 
1049 331 
1049 329 
1049 327 
1049 324 
1049 322 
1049 320 
1049 319 
1049 317 
1049 315 
1049 314 
1049 312 
1049 311 
1049 310 
1049 309 
1048 308 
1048 307 
1048 306 
1048 306 
1048 305 
1048 305 
1048 304 
1048 304 
1048 304 
1048 304 
1048 304 
1048 304 
1049 305 
1049 305 
1049 306 
1049 306 
1049 307 
1049 308 
1049 309 
1049 310 
1049 311 
1049 312 
1049 313 
1049 315 
1049 316 
1049 318 
1049 320 
1049 321 
1049 323 
1049 325 
1049 327 
1049 330 
1049 332 
1049 334 
1049 337 
1049 339 
1049 342 
1049 345 
1049 347 
1049 350 
1049 353 
1049 356 
1049 360 
1049 363 
1049 366 
1049 370 
1049 373 
1049 377 
1049 380 
1049 384 
1049 388 
1050 392 
1050 396 
1050 400 
1050 404 
1050 409 
1050 413 
1050 418 
1050 422 
1050 427 
1050 431 
1050 436 
1050 441 
1050 446 
1050 449 
1050 449 
1050 449 
1050 449 
1050 449 
1050 449 
1050 449 
1050 449 
1051 449 
1051 449 
1051 449 
1051 449 
1051 449 
1051 449 
1051 449 
1051 449 
1051 449 
1051 449 
1051 449 
1051 449 
1051 444 
1051 438 
1051 432 
1051 427 
1051 421 
1051 416 
1051 411 
1051 406 
1051 401 
1051 397 
1051 392 
1049 388 
1049 383 
1049 379 
1049 375 
1049 371 
1049 367 
1049 363 
1049 360 
1049 356 
1049 353 
1049 350 
1049 347 
1049 344 
1049 341 
1049 338 
1049 336 
1049 333 
1049 331 
1049 328 
1049 326 
1049 324 
1049 322 
1049 320 
1049 319 
1049 317 
1049 315 
1049 314 
1049 313 
1049 312 
1049 311 
1049 310 
1049 309 
1049 308 
1049 307 
1049 307 
1049 306 
1038 301 
1028 295 
1017 289 
1006 284 
1001 278 
1001 273 
1001 268 
1001 263 
1000 258 
1000 254 
1000 249 
1000 245 
999 240 
999 236 
998 232 
998 228 
997 224 
997 220 
996 217 
995 213 
994 210 
993 207 
992 204 
991 201 
990 198 
989 195 
988 193 
987 190 
985 198 
984 198 
983 198 
981 198 
980 199 
978 199 
976 200 
975 200 
973 201 
971 202 
969 203 
967 204 
965 206 
963 207 
961 208 
959 210 
957 211 
955 213 
953 215 
950 217 
948 219 
946 221 
943 223 
941 225 
938 228 
935 230 
933 233 
930 235 
927 238 
925 241 
922 244 
919 247 
916 249 
913 249 
910 249 
906 249 
903 249 
899 249 
896 249 
892 249 
888 249 
885 249 
881 249 
877 249 
873 249 
869 249 
865 249 
860 249 
856 249 
852 249 
848 249 
843 249 
839 249 
836 249 
832 249 
830 249 
827 249 
825 249 
824 249 
823 249 
822 249 
822 249 
822 249 
822 249 
823 249 
824 249 
825 249 
826 249 
828 249 
829 249 
831 249 
833 249 
836 249 
838 249 
841 249 
844 249 
846 249 
849 249 
852 249 
855 249 
857 249 
860 249 
862 249 
864 249 
866 249 
868 249 
869 249 
871 249 
872 249 
874 249 
875 249 
876 249 
877 249 
879 249 
880 249 
880 249 
881 249 
882 249 
883 249 
884 249 
884 249 
885 249 
886 249 
886 249 
886 249 
886 249 
886 249 
885 249 
884 249 
883 249 
882 249 
880 249 
878 249 
876 249 
874 249 
872 249 
869 249 
867 249 
864 249 
861 249 
858 249 
855 244 
852 238 
849 232 
845 227 
842 221 
839 216 
835 211 
832 206 
828 201 
825 197 
821 192 
817 188 
814 183 
810 179 
806 175 
803 171 
801 167 
801 163 
801 160 
801 156 
801 153 
801 150 
801 147 
801 144 
801 141 
801 138 
801 135 
801 133 
801 131 
801 128 
801 126 
801 124 
801 122 
801 120 
801 119 
801 117 
801 115 
801 114 
801 113 
801 112 
801 111 
801 110 
801 109 
801 108 
801 107 
801 107 
812 101 
823 95 
833 90 
844 84 
849 79 
849 74 
849 69 
849 64 
850 59 
850 54 
850 49 
850 45 
851 41 
851 36 
852 32 
852 28 
853 25 
853 21 
854 17 
855 14 
856 10 
857 7 
858 4 
859 1 
860 -1 
861 -3 
862 -6 
863 -9 
865 -11 
866 -13 
867 -16 
869 -18 
870 -20 
872 -21 
874 -23 
875 -25 
877 -26 
879 -28 
881 -29 
883 -30 
885 -31 
887 -32 
889 -33 
891 -34 
893 -34 
895 -35 
897 -35 
900 -35 
902 -36 
904 -36 
907 -36 
909 -36 
912 -35 
914 -35 
917 -35 
920 -34 
922 -34 
925 -33 
927 -32 
930 -31 
932 -30 
934 -29 
936 -28 
939 -26 
941 -25 
943 -24 
944 -22 
946 -20 
948 -18 
950 -17 
