144 0 
0 0 
-999 964 
-999 964 
-998 964 
-998 964 
-996 964 
-995 964 
-993 964 
-992 964 
-990 964 
-987 964 
-985 964 
-983 964 
-980 964 
-977 964 
-974 964 
-971 964 
-968 964 
-965 964 
-962 964 
-958 964 
-955 964 
-951 964 
-947 964 
-944 964 
-940 964 
-936 964 
-932 964 
-928 964 
-924 964 
-920 964 
-916 964 
-911 964 
-907 964 
-903 964 
-899 964 
-894 964 
-890 964 
-885 964 
-881 964 
-876 964 
-872 964 
-867 964 
-863 964 
-858 964 
-854 964 
-849 964 
-845 964 
-840 964 
-835 964 
-831 964 
-826 964 
-821 964 
-817 964 
-812 964 
-807 964 
-802 964 
-798 964 
-793 964 
-788 964 
-784 964 
-779 964 
-774 964 
-769 964 
-764 964 
-760 964 
-755 964 
-750 964 
-745 964 
-740 964 
-736 964 
-731 964 
-726 964 
-721 964 
-716 964 
-712 964 
-707 964 
-702 964 
-697 964 
-692 964 
-687 964 
-683 964 
-678 964 
-673 964 
-668 964 
-663 964 
-658 964 
-654 964 
-649 964 
-644 964 
-639 964 
-634 964 
-629 964 
-625 959 
-620 953 
-615 948 
-610 943 
-605 938 
-600 933 
-595 929 
-590 924 
-585 920 
-579 916 
-574 912 
-569 908 
-564 904 
-559 900 
-553 897 
-548 893 
-543 890 
-537 887 
-532 883 
-526 880 
-521 878 
-515 875 
-510 872 
-504 870 
-499 867 
-493 865 
-487 863 
-482 861 
-476 859 
-470 857 
-465 855 
-459 854 
-453 852 
-447 851 
-441 849 
-435 848 
-430 847 
-424 846 
-418 845 
-412 845 
-407 844 
-401 844 
-396 843 
-390 843 
-384 843 
-378 842 
-373 842 
-367 843 
-361 843 
-355 843 
-350 844 
-360 838 
-371 832 
-382 826 
-393 821 
-403 816 
-413 810 
-423 805 
-434 800 
-443 795 
-453 791 
-463 786 
-472 782 
-482 777 
-491 773 
-498 769 
-498 765 
-487 759 
-476 754 
-465 748 
-454 742 
-443 737 
-432 732 
-421 727 
-410 722 
-399 717 
-388 712 
-377 708 
-366 713 
-355 713 
-344 714 
-333 714 
-322 714 
-311 715 
-300 716 
-289 717 
-278 718 
-267 719 
-256 721 
-245 723 
-234 714 
-223 714 
-213 714 
-203 714 
-194 714 
-184 714 
-175 714 
-167 714 
-158 714 
-150 714 
-142 714 
-134 714 
-126 714 
-119 714 
-111 714 
-104 715 
-97 715 
-90 716 
-82 716 
-75 718 
-68 719 
-61 720 
-53 722 
-46 724 
-39 726 
-31 728 
-24 730 
-16 733 
-9 736 
-2 739 
5 742 
12 745 
20 749 
27 753 
35 757 
42 761 
50 765 
58 770 
65 774 
73 779 
80 784 
88 790 
96 795 
103 801 
111 807 
119 812 
126 819 
134 825 
142 832 
150 838 
157 845 
165 852 
173 859 
181 867 
189 874 
196 882 
204 890 
212 898 
220 906 
228 915 
236 923 
244 932 
252 941 
260 950 
268 959 
276 964 
283 964 
291 965 
299 965 
306 966 
314 967 
322 968 
329 969 
337 970 
345 972 
352 974 
360 976 
368 978 
376 980 
383 983 
391 986 
399 989 
407 992 
415 995 
419 995 
412 1001 
406 1007 
400 1014 
394 1020 
388 1026 
381 1032 
375 1039 
368 1045 
362 1052 
355 1058 
349 1065 
342 1071 
336 1078 
329 1085 
322 1091 
316 1098 
309 1105 
302 1112 
295 1119 
288 1126 
281 1133 
273 1140 
266 1148 
259 1155 
251 1163 
243 1170 
236 1178 
228 1186 
220 1194 
212 1202 
204 1210 
196 1218 
187 1226 
179 1235 
170 1243 
162 1252 
153 1260 
145 1269 
136 1278 
127 1287 
119 1296 
110 1305 
102 1315 
94 1325 
86 1334 
78 1344 
71 1354 
63 1365 
55 1375 
48 1386 
41 1396 
33 1407 
26 1418 
19 1430 
12 1441 
6 1452 
0 1464 
-6 1464 
-11 1464 
-16 1464 
-20 1464 
-24 1464 
-27 1464 
-29 1464 
-31 1464 
-33 1464 
-34 1464 
-35 1464 
-35 1464 
-36 1464 
-35 1464 
-35 1464 
-34 1464 
-33 1464 
-32 1464 
-31 1464 
-29 1464 
-27 1464 
-25 1464 
-23 1464 
-21 1464 
-18 1464 
-15 1464 
-13 1464 
-10 1464 
-7 1464 
-3 1449 
0 1449 
2 1449 
6 1449 
9 1449 
13 1449 
17 1449 
20 1449 
24 1449 
28 1449 
32 1449 
36 1449 
40 1449 
44 1449 
49 1449 
53 1449 
57 1449 
61 1449 
66 1449 
70 1449 
74 1449 
79 1449 
83 1449 
88 1449 
92 1449 
97 1449 
101 1449 
106 1449 
110 1449 
115 1449 
120 1449 
124 1444 
129 1438 
134 1432 
138 1427 
143 1421 
148 1416 
153 1411 
158 1406 
163 1401 
167 1397 
172 1392 
177 1388 
182 1383 
187 1379 
193 1375 
198 1371 
203 1367 
208 1374 
213 1374 
219 1374 
224 1374 
229 1375 
234 1375 
240 1376 
245 1376 
251 1377 
256 1378 
262 1379 
267 1380 
273 1381 
278 1383 
284 1384 
289 1386 
295 1387 
301 1389 
307 1391 
312 1393 
318 1395 
324 1397 
330 1399 
335 1401 
341 1404 
347 1406 
353 1409 
359 1411 
365 1414 
371 1417 
377 1420 
383 1423 
389 1426 
395 1429 
402 1432 
408 1435 
414 1439 
420 1442 
426 1446 
433 1449 
439 1449 
445 1449 
450 1449 
456 1444 
462 1438 
468 1432 
474 1427 
480 1421 
486 1416 
492 1411 
498 1406 
504 1401 
510 1397 
516 1392 
523 1388 
529 1383 
535 1379 
541 1375 
547 1371 
554 1367 
560 1373 
566 1374 
573 1374 
579 1374 
585 1374 
592 1375 
598 1376 
605 1376 
611 1377 
618 1378 
624 1379 
631 1380 
637 1381 
644 1383 
650 1384 
657 1386 
664 1387 
670 1389 
677 1391 
684 1393 
691 1395 
697 1397 
704 1399 
711 1401 
718 1403 
725 1406 
731 1408 
738 1411 
745 1414 
752 1417 
759 1419 
766 1422 
773 1426 
780 1429 
787 1432 
794 1435 
801 1439 
808 1442 
815 1446 
822 1449 
829 1449 
836 1449 
842 1449 
849 1449 
855 1449 
862 1449 
868 1449 
874 1444 
880 1438 
886 1432 
892 1427 
899 1421 
905 1416 
911 1411 
917 1406 
924 1401 
930 1397 
936 1392 
943 1388 
949 1383 
956 1379 
962 1375 
969 1371 
975 1367 
982 1373 
988 1374 
995 1374 
1001 1374 
1008 1375 
1015 1375 
1021 1376 
1028 1377 
1035 1378 
1041 1379 
1048 1381 
1055 1382 
1062 1384 
1068 1386 
1075 1389 
1082 1391 
1089 1394 
1096 1397 
1103 1400 
1110 1403 
1117 1407 
1124 1410 
1131 1414 
1138 1418 
1145 1423 
1152 1427 
1159 1432 
1166 1436 
1173 1441 
1180 1447 
1187 1452 
1194 1457 
1202 1463 
1209 1464 
1216 1464 
1222 1464 
1229 1464 
1235 1464 
1242 1464 
1248 1464 
1255 1464 
1261 1464 
1267 1464 
1273 1464 
1279 1464 
1285 1464 
1290 1465 
1296 1465 
1302 1466 
1308 1467 
1314 1468 
1320 1469 
1326 1470 
1332 1472 
1338 1474 
1344 1476 
1350 1478 
1356 1480 
1362 1483 
1368 1486 
1374 1489 
1381 1492 
1387 1495 
1393 1499 
1399 1503 
1406 1507 
1412 1511 
1418 1515 
1425 1520 
1431 1524 
1437 1529 
1444 1534 
1449 1540 
1449 1545 
1449 1551 
1449 1557 
1449 1563 
1449 1569 
1449 1575 
1449 1582 
1449 1588 
1449 1595 
1449 1602 
1449 1609 
1449 1617 
1449 1624 
1449 1632 
1449 1640 
1449 1648 
1449 1656 
1449 1665 
1449 1673 
1449 1682 
1450 1691 
1450 1700 
1450 1709 
1452 1717 
1459 1724 
1466 1730 
1473 1737 
1480 1744 
1487 1752 
1494 1759 
1501 1766 
1509 1774 
1516 1781 
1524 1789 
1532 1796 
1539 1804 
1547 1812 
1555 1820 
