144 0 
0 0 
101 1115 
101 1115 
101 1115 
101 1116 
101 1116 
101 1117 
101 1117 
101 1118 
101 1119 
101 1120 
101 1121 
101 1122 
101 1124 
101 1125 
101 1127 
101 1128 
101 1130 
101 1132 
101 1134 
101 1136 
101 1138 
101 1140 
101 1142 
101 1144 
101 1147 
101 1149 
101 1149 
101 1149 
101 1149 
101 1149 
101 1149 
101 1149 
101 1149 
101 1144 
101 1138 
101 1132 
101 1127 
101 1121 
101 1116 
101 1111 
101 1106 
101 1101 
101 1097 
101 1092 
101 1088 
101 1083 
101 1079 
101 1075 
101 1071 
101 1067 
101 1063 
101 1060 
101 1056 
101 1053 
111 1047 
122 1041 
133 1036 
144 1030 
154 1025 
165 1020 
175 1015 
185 1010 
196 1005 
206 1000 
216 996 
227 991 
237 987 
247 983 
258 979 
268 975 
278 971 
289 967 
299 964 
310 960 
320 957 
330 955 
341 952 
351 950 
361 947 
372 945 
382 944 
392 942 
403 941 
413 940 
423 939 
433 938 
444 938 
454 938 
464 938 
475 938 
485 938 
495 939 
506 940 
516 941 
526 942 
537 943 
547 945 
557 947 
568 949 
578 951 
588 953 
598 956 
609 959 
619 962 
629 964 
639 964 
648 964 
657 964 
