144 0 
0 0 
101 1115 
101 1115 
101 1115 
101 1116 
101 1116 
101 1117 
101 1117 
101 1118 
101 1119 
101 1120 
101 1121 
101 1122 
101 1124 
101 1125 
101 1127 
101 1128 
101 1130 
101 1132 
101 1134 
101 1136 
101 1138 
101 1140 
101 1142 
101 1144 
101 1147 
101 1149 
101 1149 
101 1149 
101 1149 
102 1149 
102 1149 
103 1149 
104 1149 
104 1149 
105 1149 
106 1149 
107 1149 
108 1149 
109 1149 
111 1149 
112 1149 
113 1149 
115 1149 
117 1149 
118 1149 
120 1149 
122 1149 
123 1149 
125 1149 
127 1149 
129 1149 
131 1149 
133 1149 
135 1149 
137 1149 
140 1149 
142 1149 
144 1149 
146 1149 
148 1149 
150 1149 
151 1149 
153 1149 
155 1149 
156 1149 
157 1149 
158 1149 
158 1149 
158 1149 
159 1149 
159 1149 
158 1149 
158 1149 
158 1149 
157 1149 
156 1149 
156 1149 
155 1149 
154 1149 
152 1149 
151 1149 
150 1149 
149 1149 
147 1149 
145 1149 
144 1149 
142 1149 
140 1149 
139 1149 
137 1149 
135 1149 
133 1149 
131 1149 
129 1149 
127 1149 
125 1149 
123 1149 
121 1149 
118 1144 
116 1138 
114 1132 
112 1127 
109 1121 
107 1116 
105 1111 
102 1106 
101 1101 
101 1097 
101 1092 
101 1088 
101 1083 
101 1079 
101 1075 
101 1071 
101 1067 
101 1064 
101 1060 
101 1056 
101 1053 
101 1050 
101 1047 
101 1044 
101 1041 
101 1038 
101 1036 
101 1033 
101 1031 
101 1028 
101 1026 
101 1024 
101 1022 
101 1020 
101 1019 
101 1017 
101 1015 
101 1014 
101 1013 
101 1012 
101 1011 
107 1005 
112 999 
118 993 
124 988 
130 983 
135 977 
141 972 
147 967 
152 962 
158 958 
164 953 
170 949 
175 944 
181 940 
187 936 
192 932 
198 928 
204 925 
209 921 
215 918 
221 914 
226 911 
232 908 
238 905 
243 902 
249 899 
255 897 
260 894 
266 892 
272 889 
277 887 
283 885 
289 883 
294 881 
300 880 
306 878 
311 877 
317 875 
323 874 
328 873 
334 872 
340 871 
345 870 
351 869 
357 868 
362 868 
368 868 
374 867 
379 867 
385 867 
391 867 
396 867 
402 867 
407 868 
413 868 
418 869 
424 869 
429 870 
434 871 
439 872 
444 873 
449 874 
454 875 
459 876 
464 878 
469 879 
474 881 
478 883 
483 884 
487 886 
492 888 
496 890 
500 892 
505 895 
509 897 
513 900 
517 902 
521 905 
525 907 
529 910 
533 913 
537 916 
541 919 
545 922 
549 926 
553 929 
557 932 
561 936 
565 940 
569 943 
573 947 
577 949 
581 949 
585 949 
589 949 
592 949 
596 949 
599 949 
603 949 
606 949 
610 949 
613 949 
616 949 
620 949 
623 949 
626 949 
629 949 
632 949 
635 949 
638 949 
641 949 
644 949 
647 949 
650 949 
