144 0 
0 0 
1050 1365 
1050 1365 
1050 1365 
1050 1366 
1050 1366 
1050 1367 
1050 1367 
1051 1368 
1051 1369 
1051 1370 
1052 1371 
1052 1372 
1053 1374 
1053 1375 
1054 1377 
1054 1378 
1055 1380 
1055 1382 
1056 1384 
1056 1386 
1057 1388 
1058 1390 
1059 1392 
1059 1394 
1060 1397 
1061 1399 
1062 1402 
1063 1405 
1064 1408 
1065 1411 
1066 1414 
1067 1417 
1068 1420 
1069 1423 
1070 1426 
1071 1430 
1072 1433 
1073 1437 
1074 1441 
1076 1444 
1077 1448 
1078 1449 
1080 1449 
1081 1449 
1083 1449 
1084 1449 
1086 1449 
1088 1449 
1090 1449 
1091 1449 
1093 1449 
1095 1449 
1097 1449 
1099 1449 
1101 1449 
1103 1449 
1106 1449 
1108 1449 
1110 1449 
1112 1449 
1114 1449 
1117 1449 
1119 1449 
1121 1444 
1124 1438 
1126 1432 
1128 1427 
1131 1421 
1133 1416 
1135 1411 
1138 1406 
1140 1401 
1143 1397 
1145 1392 
1148 1388 
1150 1383 
1153 1379 
1156 1375 
1158 1371 
1161 1367 
1163 1363 
1166 1360 
1169 1356 
1171 1353 
1174 1350 
1177 1347 
1180 1344 
1182 1341 
1185 1338 
1188 1335 
1191 1333 
1194 1331 
1196 1328 
1199 1326 
1202 1324 
1205 1322 
1208 1320 
1211 1319 
1214 1317 
1217 1315 
1220 1314 
1223 1313 
1226 1312 
1229 1311 
1232 1310 
1235 1309 
1238 1308 
1241 1307 
1244 1307 
1247 1306 
1250 1306 
1253 1306 
1256 1306 
1260 1306 
1263 1306 
1266 1306 
1269 1306 
1272 1307 
1276 1307 
1279 1308 
1282 1309 
1285 1310 
1289 1310 
1292 1311 
1295 1313 
1289 1307 
1283 1301 
1277 1295 
1271 1290 
1266 1285 
1260 1279 
1254 1274 
1248 1269 
1242 1265 
1237 1260 
1231 1255 
1225 1251 
1219 1246 
1213 1242 
1208 1238 
1202 1234 
1196 1230 
1190 1227 
1184 1223 
1179 1220 
1173 1216 
1167 1213 
1161 1210 
1156 1207 
1150 1204 
1144 1201 
1138 1199 
1133 1196 
1127 1194 
1121 1191 
1115 1189 
1110 1187 
1104 1185 
1098 1183 
1092 1182 
1087 1180 
1081 1179 
1075 1177 
1069 1176 
1064 1175 
1058 1174 
1052 1173 
1046 1172 
1041 1171 
1035 1171 
1029 1170 
1023 1170 
1018 1169 
1012 1169 
1006 1169 
1001 1169 
995 1169 
989 1169 
983 1170 
978 1170 
972 1171 
966 1171 
961 1172 
955 1173 
949 1174 
944 1175 
938 1176 
933 1177 
927 1178 
922 1180 
917 1181 
911 1183 
906 1185 
901 1186 
907 1180 
913 1175 
919 1169 
925 1164 
931 1158 
937 1153 
943 1148 
949 1143 
955 1138 
961 1134 
967 1129 
973 1125 
979 1120 
985 1116 
991 1112 
997 1108 
1003 1104 
1009 1100 
1014 1097 
1020 1093 
1026 1090 
1032 1087 
1038 1084 
1044 1081 
1050 1078 
1056 1075 
1062 1072 
1068 1070 
1074 1067 
1080 1065 
1085 1063 
1091 1061 
1097 1059 
1103 1057 
1109 1055 
1115 1054 
1121 1052 
1127 1051 
1133 1050 
1138 1049 
1144 1047 
1150 1047 
1156 1046 
1162 1045 
1168 1044 
1174 1044 
1179 1043 
1185 1043 
1191 1043 
1197 1043 
1203 1043 
1209 1043 
1215 1043 
1220 1043 
1226 1044 
1232 1044 
1238 1045 
1244 1046 
1249 1046 
1255 1047 
1261 1048 
1267 1050 
1272 1051 
1278 1052 
1283 1053 
1289 1055 
1294 1057 
1299 1058 
1293 1052 
1288 1047 
1282 1041 
1276 1036 
1270 1030 
1264 1025 
1258 1020 
1252 1015 
1246 1010 
1241 1005 
1235 1001 
1229 996 
1223 992 
1217 988 
1211 984 
1205 980 
1200 976 
1194 972 
1188 969 
1182 965 
1176 962 
1170 959 
1165 956 
1159 953 
1153 950 
1147 947 
1141 944 
1135 942 
1130 939 
1124 937 
1118 935 
1112 933 
1106 931 
1101 929 
1095 927 
1089 926 
1083 924 
1077 923 
1072 922 
1066 920 
1060 919 
1054 918 
1048 918 
1043 917 
1037 916 
1031 916 
1025 915 
1019 915 
1014 915 
1008 915 
1002 915 
996 915 
991 915 
985 915 
979 916 
973 916 
968 917 
962 918 
956 918 
950 919 
945 920 
939 921 
934 923 
928 924 
923 925 
918 927 
913 929 
907 930 
902 932 
908 926 
914 920 
920 915 
926 909 
932 904 
938 899 
944 894 
950 889 
956 884 
962 879 
968 875 
974 870 
980 866 
986 862 
992 858 
998 854 
1004 850 
1010 846 
1016 843 
1022 839 
1028 836 
1034 832 
1039 829 
1045 826 
1051 823 
1057 821 
1063 818 
1069 816 
1075 813 
1081 811 
1087 809 
1093 807 
1099 805 
1104 803 
1110 801 
1116 800 
1122 798 
1128 797 
1134 795 
1140 794 
1146 793 
1151 792 
1157 791 
1163 791 
1169 790 
1175 789 
1181 789 
1187 789 
1192 789 
1198 788 
1204 788 
1210 789 
1216 789 
1222 789 
1228 790 
1233 790 
1239 791 
1245 791 
1251 792 
1257 793 
1262 794 
1268 795 
1274 796 
1280 798 
1286 799 
1292 801 
1297 802 
1291 796 
1285 791 
1280 785 
1274 780 
1268 774 
1262 769 
1256 764 
1251 759 
1245 754 
1239 749 
1234 745 
1228 740 
1222 736 
1216 732 
1211 728 
1205 724 
1199 720 
1194 716 
1188 713 
1182 709 
1177 706 
1171 703 
1165 700 
1160 697 
1154 694 
1148 691 
1143 688 
1137 686 
1131 683 
1126 681 
1120 679 
1114 677 
1109 675 
1103 673 
1097 671 
1092 670 
1086 668 
1080 667 
1075 666 
1069 664 
1063 663 
1058 662 
1052 662 
1046 661 
1041 660 
1035 660 
1029 659 
1024 659 
1018 659 
1013 659 
1007 659 
1001 659 
996 659 
990 659 
984 660 
979 660 
973 661 
967 662 
962 662 
956 663 
951 664 
945 665 
940 667 
934 668 
929 669 
923 671 
918 673 
913 674 
908 676 
903 678 
909 672 
915 666 
921 661 
927 655 
933 650 
938 645 
944 640 
950 635 
956 630 
962 625 
968 621 
974 616 
980 612 
986 608 
992 603 
998 600 
1004 596 
1010 592 
1016 588 
1022 585 
1028 582 
1034 578 
1040 575 
1046 572 
1051 569 
1057 567 
1063 564 
1069 561 
1075 559 
1081 557 
1087 555 
1093 553 
1099 551 
1105 549 
1110 547 
1116 545 
1122 544 
1128 543 
1134 541 
1140 540 
1146 539 
1152 538 
1157 537 
1163 536 
1169 536 
1175 535 
1181 535 
1187 535 
1193 534 
1198 534 
1204 534 
1210 534 
1216 535 
1222 535 
1228 535 
1233 536 
1239 537 
1245 537 
1251 538 
1257 539 
1263 540 
1268 541 
1274 542 
1280 544 
1286 545 
1292 547 
1297 548 
1292 542 
1286 537 
1280 531 
1274 525 
1269 520 
1263 515 
1257 510 
1252 505 
1246 500 
1240 495 
1235 491 
1229 486 
1223 482 
1218 478 
1212 474 
1207 470 
1201 466 
1195 462 
1190 459 
1184 455 
1178 452 
1173 449 
1167 445 
1162 442 
1156 440 
1150 437 
1145 434 
1139 432 
1133 429 
1128 427 
1122 425 
1117 423 
1111 421 
1105 419 
1100 417 
1094 416 
1089 414 
1083 413 
1077 411 
1072 410 
1066 409 
1061 408 
1055 407 
1049 407 
1044 406 
1038 406 
1033 405 
1027 405 
1021 405 
1016 405 
1010 405 
1005 405 
999 405 
994 405 
988 406 
982 406 
977 407 
971 407 
966 408 
960 409 
954 410 
949 411 
943 413 
938 414 
932 415 
927 417 
921 418 
915 420 
910 422 
904 424 
910 418 
916 412 
922 407 
928 401 
934 396 
940 391 
946 385 
952 381 
958 376 
964 371 
970 366 
976 362 
982 358 
988 353 
994 349 
1000 345 
1006 342 
1012 338 
1018 334 
1024 331 
1030 327 
1035 324 
1041 321 
1047 318 
1053 315 
1059 313 
1065 310 
1071 307 
1077 305 
1083 303 
1089 300 
1095 298 
1100 296 
1106 295 
1112 293 
1118 291 
1124 290 
1130 288 
1136 287 
1142 286 
1148 285 
1153 284 
1159 283 
1165 282 
1171 282 
1177 281 
1183 281 
1189 281 
1194 280 
1200 280 
1206 280 
1212 280 
1218 281 
1224 281 
1229 281 
1235 282 
1241 282 
1247 283 
1253 284 
1259 285 
1264 286 
1270 287 
1276 288 
1282 290 
1288 291 
1293 292 
1299 294 
1299 296 
1299 298 
1299 299 
1299 301 
1299 304 
1299 306 
1299 308 
1299 310 
1299 313 
1299 315 
1299 318 
1299 321 
1299 323 
1299 326 
1299 329 
1299 332 
1299 336 
1299 339 
1299 342 
1299 346 
1299 349 
1299 353 
1299 357 
1299 360 
1299 364 
1299 368 
1299 372 
1299 376 
1299 381 
1299 385 
1299 389 
1299 394 
1299 398 
1299 403 
1299 408 
1299 412 
1299 417 
1299 422 
1299 427 
1299 432 
1299 437 
1299 443 
1299 448 
1299 453 
1299 459 
1293 453 
1288 447 
1282 442 
1276 436 
1270 431 
1265 426 
1259 421 
1254 416 
1248 411 
1243 406 
1237 402 
1231 397 
1226 393 
1220 389 
1215 385 
1209 381 
1204 377 
1198 373 
1192 369 
1187 366 
1181 363 
1176 359 
1170 356 
1165 353 
1159 350 
1154 348 
1148 345 
1142 342 
1137 340 
1131 338 
1126 336 
1120 334 
1115 332 
1109 330 
1104 328 
1098 326 
1092 325 
1087 324 
1081 322 
1076 321 
1070 320 
1065 319 
1059 318 
1054 318 
1048 317 
1043 316 
1037 316 
1032 316 
1026 315 
1020 315 
1015 315 
1009 315 
1004 316 
998 316 
993 316 
987 317 
982 318 
976 318 
971 319 
965 320 
960 321 
954 322 
948 323 
943 325 
937 326 
932 328 
926 329 
921 331 
916 333 
910 335 
905 337 
911 331 
917 325 
923 319 
929 314 
935 309 
941 303 
947 298 
953 293 
959 288 
965 284 
971 279 
976 275 
982 270 
988 266 
994 262 
1000 258 
1006 254 
1012 251 
1018 247 
1024 244 
1030 240 
1036 237 
1042 234 
1048 231 
1054 228 
1060 225 
1065 223 
1071 220 
1077 218 
1083 215 
1089 213 
1095 211 
1101 209 
1107 207 
1113 206 
1119 204 
1124 203 
1130 201 
1136 200 
1142 199 
1148 198 
1154 197 
1160 196 
1166 195 
1171 195 
1177 194 
1183 194 
1189 193 
1195 193 
1201 193 
1207 193 
1212 193 
1218 193 
1224 194 
1230 194 
1236 195 
1242 195 
1247 196 
1253 197 
1259 198 
1265 199 
1271 200 
1276 201 
1282 202 
1288 204 
1294 205 
1300 207 
1305 209 
1311 210 
1317 212 
1323 214 
1329 216 
1334 218 
1340 221 
1346 223 
1352 226 
1358 228 
1363 231 
1369 233 
1375 236 
1381 239 
1387 242 
1392 245 
1398 248 
1403 249 
1408 249 
1414 249 
1418 249 
1423 249 
1428 249 
1432 244 
1437 238 
1441 232 
1446 227 
1450 221 
1455 216 
1460 211 
1464 206 
1469 201 
1473 197 
1478 192 
1482 188 
1487 183 
1492 179 
1496 175 
1501 171 
1505 167 
1510 163 
1515 160 
1519 156 
1524 153 
1528 150 
1533 147 
1538 144 
1542 141 
1547 148 
1552 148 
1556 148 
1561 149 
1566 149 
1570 150 
1575 150 
1580 151 
1584 152 
1589 153 
1594 154 
1598 155 
1603 156 
1608 157 
1613 159 
1617 160 
1622 162 
1627 164 
1631 165 
1636 167 
1641 169 
1646 171 
1650 173 
1655 176 
1660 178 
1665 181 
1669 183 
1674 186 
1679 188 
1684 191 
1689 194 
1693 197 
1698 200 
1703 203 
1708 207 
1713 210 
1717 213 
1722 217 
1727 221 
1732 224 
1737 228 
1742 232 
1746 236 
1751 240 
1756 244 
1761 248 
1766 249 
1770 249 
1775 249 
1779 249 
1783 244 
1787 238 
1792 232 
1796 227 
1800 221 
1805 216 
1809 211 
1813 206 
1817 201 
1822 197 
1826 192 
1830 188 
1835 183 
1839 179 
1843 175 
1848 171 
1852 167 
1856 163 
1861 160 
1865 156 
1870 153 
1874 150 
1878 147 
1883 144 
1887 141 
1892 148 
1896 148 
1900 148 
1905 149 
1909 149 
1914 150 
1918 150 
1923 151 
1927 152 
1932 153 
1936 154 
1941 155 
1945 156 
1949 157 
1954 159 
1959 160 
1963 162 
1968 164 
1972 165 
1977 167 
1981 169 
1986 171 
1990 173 
1995 176 
1999 178 
2004 181 
2008 183 
2013 186 
2018 188 
2022 191 
2027 194 
2031 197 
2036 200 
2041 203 
2045 207 
2050 210 
2054 213 
2059 217 
2064 221 
2068 224 
2073 228 
2078 232 
2082 236 
2087 240 
2092 244 
2096 248 
2101 249 
2105 249 
2110 249 
2114 249 
2118 249 
2122 249 
2126 249 
2130 249 
2134 249 
2137 249 
2141 249 
2144 249 
2148 249 
2151 249 
2155 249 
2158 249 
2162 249 
2165 249 
2168 249 
2171 249 
2174 249 
2178 249 
2181 249 
2184 249 
2187 249 
2190 249 
2193 249 
2196 249 
2199 249 
2202 249 
2204 249 
2207 249 
2210 249 
2213 249 
2216 249 
2219 249 
2222 249 
2224 249 
2227 249 
2230 249 
2233 249 
2236 249 
2238 249 
2241 249 
2244 249 
2247 249 
2249 249 
2252 249 
2255 249 
2257 249 
2260 249 
2263 249 
2266 249 
2268 249 
2271 249 
2274 249 
2276 249 
2279 249 
2282 249 
2284 249 
2287 249 
2290 249 
2292 249 
2295 249 
2298 249 
2300 249 
2303 249 
2306 249 
2308 249 
2311 249 
2314 249 
2316 249 
2319 249 
2321 249 
2324 249 
2327 249 
2329 249 
2332 249 
2335 249 
2337 249 
2340 249 
2343 249 
2345 249 
2348 249 
2351 249 
2353 249 
2356 249 
2358 249 
2361 249 
2364 249 
2366 249 
2369 249 
2372 249 
2374 249 
2377 249 
2380 249 
2382 249 
2385 249 
2387 249 
2390 250 
2393 250 
2395 250 
2398 251 
2401 251 
2403 252 
2406 252 
2409 253 
2412 254 
2414 255 
2417 256 
2419 257 
2422 259 
2425 260 
2427 262 
2430 263 
2432 265 
2434 267 
2437 269 
2439 271 
2441 273 
2443 275 
2446 277 
2448 279 
2450 282 
2452 284 
2454 287 
2456 290 
2457 293 
2459 296 
2461 299 
2463 302 
2464 305 
2466 308 
2468 311 
2469 315 
2471 318 
2472 322 
2474 326 
2475 329 
2476 333 
2477 337 
2479 341 
2480 345 
2481 350 
2482 354 
2483 358 
2484 363 
2485 367 
2486 372 
2487 377 
2488 381 
2489 386 
2490 391 
2490 396 
2491 401 
2492 406 
2492 412 
2493 417 
2493 422 
2494 428 
2494 434 
2495 439 
2495 445 
2496 451 
2496 457 
2496 463 
2496 469 
2497 475 
2497 481 
2497 487 
2497 493 
2497 500 
2497 506 
2497 513 
2497 519 
2497 526 
2497 533 
2497 540 
2497 547 
2496 549 
2496 549 
2495 549 
2495 549 
2494 549 
2493 549 
2492 549 
2491 549 
2489 549 
2488 549 
2487 549 
2485 549 
2484 549 
2482 549 
2480 549 
2479 549 
2477 549 
2475 549 
2473 549 
2471 549 
2469 549 
2467 549 
2465 549 
2463 549 
2461 549 
2459 549 
2456 549 
2454 549 
2452 549 
2450 549 
2447 549 
2445 549 
2443 549 
2440 549 
2438 549 
2436 549 
2433 549 
2431 549 
2428 549 
2426 549 
2423 549 
2421 549 
2419 549 
2416 549 
2414 549 
2411 549 
2409 549 
2406 549 
2404 549 
2401 549 
2398 549 
2396 549 
2393 549 
2391 549 
2388 549 
2386 549 
2383 549 
2381 549 
2378 549 
2375 549 
2373 544 
2370 538 
2368 532 
2365 527 
2362 521 
2360 516 
2357 511 
2354 506 
2352 501 
2349 497 
2346 492 
2343 488 
2341 483 
2338 479 
2335 475 
2332 471 
2329 467 
2326 464 
2323 460 
2321 456 
2318 453 
2315 450 
2312 447 
2309 444 
2306 441 
2303 448 
2300 448 
2297 448 
2294 449 
2291 449 
2288 450 
2284 450 
2281 451 
2278 452 
2275 453 
2272 454 
2269 455 
2266 456 
2262 457 
2259 459 
2256 460 
2253 462 
2250 464 
2246 465 
2243 467 
2240 469 
2236 471 
2233 474 
2230 476 
2226 478 
2223 481 
2220 483 
2216 486 
2213 488 
2209 491 
2206 494 
2203 497 
2199 500 
2196 503 
2192 507 
2189 510 
2185 513 
2182 517 
2178 521 
2175 524 
2171 528 
2168 532 
2164 536 
2160 540 
2157 544 
2153 548 
2150 542 
2146 537 
2143 531 
2139 526 
2135 520 
2132 515 
2128 510 
2124 505 
2121 500 
2117 495 
2114 491 
2110 486 
2106 482 
2102 478 
2099 474 
2095 470 
2091 466 
2088 462 
2084 459 
2080 455 
2076 452 
2073 449 
2069 446 
2065 443 
2061 440 
2057 447 
2053 447 
2050 447 
2046 448 
2042 448 
2038 449 
2034 449 
2030 450 
2026 451 
2022 452 
2018 453 
2015 454 
2011 455 
2007 456 
2003 458 
1999 459 
1995 461 
1991 462 
1987 464 
1983 466 
1979 468 
1975 470 
1971 472 
1967 475 
1963 477 
1958 479 
1954 482 
1950 485 
1946 487 
1942 490 
1938 493 
1934 496 
1930 499 
1926 502 
1922 506 
1917 509 
1913 512 
1909 516 
1905 519 
1901 523 
1897 527 
1892 531 
1888 535 
1884 539 
1880 543 
1875 547 
1871 549 
1867 549 
1863 549 
1860 549 
1856 549 
1852 549 
1848 549 
1845 549 
1841 549 
1838 549 
1834 549 
1831 549 
1828 549 
1824 549 
1821 549 
1818 549 
1815 549 
1812 549 
1809 549 
1805 549 
1802 549 
1799 549 
1796 549 
1793 549 
1790 549 
1788 549 
1785 549 
1782 549 
1779 549 
1776 549 
1773 549 
1770 549 
1767 549 
1765 549 
1762 549 
1759 549 
1756 549 
1754 549 
1751 549 
1748 549 
1745 549 
1743 549 
1740 549 
1737 549 
1734 549 
1732 549 
1729 549 
1726 549 
1724 549 
1721 549 
1718 549 
1715 549 
1713 549 
1710 549 
1707 549 
1705 549 
1702 549 
1699 549 
1697 549 
1694 549 
1691 549 
1689 549 
1686 549 
1683 549 
1681 549 
1678 549 
1676 549 
1673 549 
1670 549 
1668 549 
1665 549 
1662 549 
1660 549 
1657 549 
1654 549 
1652 549 
1649 549 
1646 549 
1644 549 
1641 549 
1639 549 
1636 549 
1633 549 
1631 549 
1628 549 
1625 549 
1623 549 
1620 549 
1617 549 
1615 549 
1612 549 
1610 549 
1607 550 
1604 550 
1602 550 
1599 551 
1596 551 
1593 552 
1591 552 
1588 553 
1585 554 
1582 555 
1580 556 
1577 557 
1574 559 
1572 560 
1569 562 
1566 563 
1564 565 
1562 567 
1559 569 
1557 571 
1555 573 
1552 575 
1550 577 
1548 579 
1546 582 
1544 584 
1542 587 
1540 590 
1538 593 
1536 596 
1534 599 
1532 602 
1531 605 
1529 608 
1527 611 
1526 615 
1524 618 
1523 622 
1521 626 
1520 629 
1518 633 
1517 637 
1516 641 
1515 645 
1513 650 
1512 654 
1511 658 
1510 663 
1509 667 
1508 672 
1507 677 
1506 681 
1505 686 
1504 691 
1503 696 
1503 701 
1502 706 
1501 712 
1501 717 
1501 722 
1501 728 
1501 734 
1501 739 
1501 745 
1501 751 
1501 757 
1501 763 
1501 769 
1501 775 
1501 781 
1501 787 
1501 793 
1501 800 
1501 806 
1501 813 
1501 819 
1501 826 
1501 833 
1501 840 
1501 847 
1501 854 
1501 861 
1501 868 
1501 875 
1501 882 
1501 889 
1501 897 
1501 904 
1501 912 
1501 919 
1501 927 
1501 935 
1501 943 
1501 950 
1501 958 
1501 966 
1501 974 
1501 983 
1501 991 
1501 999 
1501 1007 
1501 1016 
1501 1024 
1501 1033 
1501 1041 
1501 1050 
1501 1058 
1501 1067 
1501 1076 
1501 1085 
1501 1094 
1501 1103 
1501 1112 
1501 1121 
1501 1130 
1501 1139 
1501 1149 
1501 1149 
1501 1149 
1501 1149 
1501 1149 
1502 1149 
1502 1149 
1503 1149 
1504 1149 
1504 1149 
1505 1149 
1506 1149 
1507 1149 
1508 1149 
1509 1149 
1511 1149 
1512 1149 
1514 1149 
1515 1149 
1517 1149 
1518 1149 
1520 1149 
1522 1149 
1524 1149 
1525 1149 
1527 1149 
1529 1149 
1531 1149 
1533 1149 
1535 1149 
1538 1149 
1540 1149 
1542 1149 
1544 1149 
1546 1149 
1549 1149 
1551 1149 
1553 1149 
1555 1149 
1558 1149 
1560 1149 
1562 1149 
1565 1149 
1567 1149 
1570 1149 
1572 1149 
1575 1149 
1577 1149 
1579 1149 
1582 1149 
1584 1149 
1587 1149 
1589 1149 
1592 1149 
1594 1149 
1597 1149 
1600 1149 
1602 1149 
1605 1149 
1607 1149 
1610 1149 
1612 1149 
1615 1149 
1617 1149 
1620 1149 
1623 1149 
1625 1149 
1628 1149 
1630 1149 
1633 1149 
1635 1149 
1638 1149 
1641 1149 
1643 1149 
1646 1149 
1648 1149 
1651 1149 
1654 1149 
1656 1149 
1659 1149 
1661 1149 
1664 1149 
1667 1149 
1669 1149 
1672 1149 
1675 1149 
1677 1149 
1680 1149 
1682 1149 
1685 1149 
1688 1149 
1690 1149 
1693 1149 
1695 1149 
1698 1149 
1701 1149 
1703 1149 
1706 1149 
1709 1149 
1711 1149 
1714 1149 
1716 1144 
1719 1138 
1722 1132 
1724 1127 
1727 1121 
1730 1116 
1733 1111 
1735 1106 
1738 1101 
1741 1097 
1744 1092 
1746 1088 
1749 1083 
1752 1079 
1755 1075 
1758 1071 
1761 1067 
1764 1064 
1767 1060 
1770 1056 
1772 1053 
1775 1050 
1778 1047 
1781 1044 
1784 1041 
1788 1048 
1791 1048 
1794 1048 
1797 1049 
1800 1049 
1803 1050 
1806 1050 
1809 1051 
1812 1052 
1816 1053 
1819 1054 
1822 1055 
1825 1056 
1828 1057 
1832 1059 
1835 1060 
1838 1062 
1841 1064 
1845 1065 
1848 1067 
1851 1069 
1855 1071 
1858 1074 
1861 1076 
1865 1078 
1868 1081 
1872 1083 
1875 1086 
1878 1088 
1882 1091 
1885 1094 
1888 1097 
1892 1100 
1895 1103 
1889 1098 
1883 1092 
1877 1086 
1871 1081 
1865 1075 
1859 1070 
1853 1065 
1847 1060 
1842 1055 
1836 1051 
1830 1046 
1824 1042 
1818 1037 
1812 1033 
1806 1029 
1801 1025 
1801 1021 
1801 1017 
1801 1014 
1801 1010 
1801 1007 
1801 1004 
1801 1001 
1801 998 
1801 995 
1801 992 
1801 989 
1801 987 
1801 985 
1801 982 
1801 980 
1801 978 
1801 976 
1801 974 
1801 973 
1801 971 
1801 969 
1801 968 
1801 967 
1801 966 
1801 965 
1801 964 
1801 963 
1801 962 
1801 961 
1801 961 
1801 960 
1801 960 
1801 960 
1801 960 
1801 960 
1801 960 
1801 960 
1806 954 
1812 949 
1818 943 
1824 937 
1830 932 
1835 927 
1841 922 
1846 917 
1852 912 
1857 907 
1863 903 
1869 898 
1874 894 
1880 890 
1885 886 
1891 882 
1896 878 
1899 874 
1899 871 
1899 867 
1899 864 
1899 861 
1900 857 
1900 854 
1900 852 
1900 849 
1900 846 
1901 844 
1901 841 
1901 839 
1901 837 
1902 835 
1902 833 
1903 831 
1903 829 
1904 828 
1904 826 
1905 825 
1905 823 
1906 822 
1907 821 
1907 820 
1908 819 
1909 819 
1910 818 
1911 818 
1911 817 
1912 817 
1913 817 
1914 817 
1915 817 
1916 817 
1917 817 
1918 817 
1919 818 
1920 818 
1921 819 
1923 819 
1924 820 
1925 821 
1926 822 
1928 823 
1929 825 
1930 826 
1931 827 
1933 829 
1934 830 
1936 832 
1937 834 
1939 836 
1940 838 
1942 840 
1943 842 
1945 844 
1946 847 
1948 849 
1950 849 
1951 849 
1953 849 
1955 849 
1957 844 
1959 838 
1961 832 
1963 827 
1965 821 
1967 816 
1969 811 
1971 806 
1973 801 
1975 797 
1978 792 
1980 788 
1982 783 
1984 779 
1986 775 
1989 771 
1991 767 
1993 764 
1995 760 
1998 756 
2000 753 
2002 750 
2005 747 
2007 744 
2010 741 
2012 748 
2015 748 
2017 748 
2020 749 
2022 749 
2025 750 
2027 750 
2030 751 
2032 752 
2035 753 
2038 754 
2040 755 
2043 756 
2046 757 
2048 759 
2051 760 
2054 762 
2056 764 
2059 765 
2062 767 
2065 769 
2068 771 
2070 774 
2073 776 
2076 778 
2079 781 
2082 783 
2085 786 
2088 788 
2091 791 
2094 794 
2097 797 
2100 800 
2103 803 
2106 807 
2109 810 
2112 813 
2115 817 
2118 821 
2121 824 
2124 828 
2127 832 
2130 836 
2134 840 
2137 844 
2140 848 
2143 849 
2146 849 
2149 849 
2152 849 
2155 849 
2158 849 
2161 849 
2164 849 
2167 849 
2170 849 
2173 849 
2176 849 
2179 849 
2182 849 
2185 849 
2187 849 
2190 849 
2193 849 
2196 849 
2199 849 
2201 849 
2204 849 
2207 849 
2210 849 
2212 849 
2215 849 
2218 849 
2221 849 
2223 849 
2226 849 
2229 849 
2232 849 
2234 849 
2237 849 
2240 849 
2242 849 
2245 849 
2248 849 
2250 849 
2253 849 
2256 849 
2258 849 
2261 849 
2264 849 
2266 849 
2269 849 
2272 849 
2274 849 
2277 849 
2280 849 
2282 849 
2285 849 
2288 849 
2290 849 
2293 849 
2295 849 
2298 849 
2301 849 
2303 849 
2306 849 
2309 849 
2311 849 
2314 849 
2317 849 
2319 849 
2322 849 
2324 849 
2327 849 
2330 849 
2332 849 
2335 849 
2338 849 
2340 849 
2343 849 
2346 849 
2348 849 
2351 849 
2353 849 
2356 849 
2359 849 
2361 849 
2363 849 
2365 849 
2367 849 
2369 849 
2370 849 
2372 849 
2374 849 
2375 849 
2376 849 
2377 849 
2379 849 
2380 849 
2381 849 
2382 849 
2382 849 
2383 849 
2383 849 
2383 849 
2383 849 
2383 849 
2383 849 
2382 849 
2382 849 
2381 849 
2380 849 
2379 849 
2378 849 
2377 849 
2376 849 
2374 849 
2373 849 
2372 849 
2371 849 
2370 849 
2369 849 
2369 849 
2368 849 
2368 849 
2368 849 
2368 849 
2368 849 
2369 849 
2369 849 
2370 849 
2371 849 
2372 849 
2373 849 
2374 849 
2375 849 
2376 849 
2378 849 
2379 849 
2381 849 
2382 849 
2384 849 
2386 849 
2387 849 
2389 849 
2391 850 
2393 850 
2395 850 
2397 850 
2399 851 
2401 852 
2403 852 
2405 853 
2407 854 
2409 855 
2411 856 
2413 857 
2415 859 
2418 860 
2420 862 
2422 863 
2424 865 
2426 867 
2428 869 
2430 871 
2432 873 
2434 875 
2436 877 
2437 879 
2439 882 
2441 884 
2442 887 
2444 890 
2446 893 
2447 896 
2449 898 
2450 902 
2451 905 
2453 908 
2454 911 
2455 915 
2457 918 
2458 922 
2459 926 
2460 929 
2461 933 
2462 937 
2463 941 
2464 945 
2465 950 
2466 954 
2466 958 
2467 963 
2468 967 
2469 972 
2469 977 
2470 981 
2470 986 
2471 991 
2472 996 
2472 1001 
2472 1006 
2473 1012 
2473 1017 
2473 1022 
2474 1028 
2474 1034 
2474 1039 
2474 1045 
2474 1051 
2475 1057 
2475 1063 
2475 1069 
2475 1075 
2475 1081 
2474 1087 
2474 1093 
2474 1100 
2474 1106 
2474 1113 
2474 1119 
2473 1126 
2473 1133 
2473 1140 
2472 1147 
2472 1154 
2471 1161 
2471 1168 
2470 1175 
2470 1182 
2469 1189 
2469 1197 
2468 1204 
2467 1212 
2467 1219 
2466 1227 
2465 1235 
2465 1243 
2464 1250 
2463 1258 
2462 1266 
2461 1274 
2460 1283 
2459 1291 
2458 1299 
2457 1307 
2456 1316 
2455 1324 
2454 1333 
2453 1341 
2452 1350 
2451 1358 
2449 1367 
2448 1376 
2447 1385 
2446 1394 
2444 1403 
2443 1412 
2442 1421 
2440 1430 
2439 1439 
2437 1449 
2436 1443 
2434 1437 
2433 1431 
2431 1426 
2430 1421 
2428 1415 
2426 1410 
2425 1405 
2423 1401 
2421 1396 
2419 1391 
2418 1387 
2416 1383 
2414 1378 
2412 1374 
2410 1370 
2408 1366 
2406 1363 
2405 1359 
2403 1356 
2401 1352 
2401 1349 
2401 1346 
2401 1343 
2401 1340 
2401 1337 
2401 1335 
2401 1332 
2401 1330 
2401 1328 
2401 1325 
2401 1323 
2406 1317 
2412 1312 
2418 1306 
2424 1301 
2430 1295 
2435 1290 
2441 1285 
2447 1280 
2452 1275 
2458 1270 
2463 1266 
2469 1261 
2474 1257 
2480 1253 
2486 1249 
2491 1245 
2497 1241 
2502 1237 
2508 1234 
2513 1230 
2519 1227 
2524 1224 
2530 1221 
2535 1218 
2541 1215 
2546 1212 
2552 1209 
2557 1207 
2563 1204 
2568 1202 
2574 1200 
2579 1198 
2585 1196 
2590 1194 
2596 1192 
2601 1191 
2607 1189 
2612 1188 
2618 1187 
2624 1185 
2629 1184 
2635 1183 
2640 1183 
2646 1182 
2649 1181 
2649 1181 
2649 1180 
2649 1180 
2649 1180 
2649 1180 
2649 1180 
2649 1180 
2649 1180 
2649 1180 
2649 1181 
2649 1181 
2649 1182 
2649 1183 
2649 1183 
2649 1184 
2649 1185 
2649 1186 
2649 1188 
2649 1189 
2643 1183 
2638 1177 
2632 1172 
2626 1166 
2620 1161 
2614 1156 
2608 1151 
2602 1146 
2596 1141 
2590 1136 
2584 1132 
2578 1127 
2573 1123 
2567 1119 
2561 1115 
2555 1111 
2549 1107 
2543 1103 
2537 1099 
2531 1096 
2526 1093 
2520 1089 
2514 1086 
2508 1083 
2502 1080 
2496 1078 
2490 1075 
2485 1073 
2479 1070 
2473 1068 
2467 1066 
2461 1064 
2455 1062 
2450 1060 
2444 1058 
2438 1057 
2432 1055 
2426 1054 
2420 1052 
2415 1051 
2409 1050 
2403 1049 
2397 1048 
2391 1048 
2385 1047 
2380 1046 
2374 1046 
2368 1046 
2362 1046 
2356 1045 
2351 1045 
2345 1046 
2339 1046 
2333 1046 
2328 1046 
2322 1047 
2316 1048 
2310 1048 
2304 1049 
2299 1050 
2293 1051 
2287 1052 
2281 1053 
2276 1055 
2270 1056 
2264 1058 
2258 1059 
2253 1061 
2247 1063 
2241 1065 
2235 1067 
2230 1069 
2224 1071 
2218 1073 
2212 1076 
2207 1078 
2201 1081 
2195 1083 
2189 1086 
2184 1089 
2178 1092 
2172 1095 
2166 1098 
2161 1101 
2155 1104 
2149 1107 
2143 1111 
2138 1114 
2132 1118 
2126 1122 
2121 1126 
2115 1129 
2109 1133 
2103 1137 
2101 1142 
2101 1146 
2101 1150 
2101 1154 
2101 1159 
2101 1163 
2101 1168 
2101 1173 
2101 1178 
2101 1182 
2101 1187 
2101 1192 
2101 1197 
2101 1203 
2101 1208 
2101 1213 
2101 1219 
2101 1224 
2101 1230 
2101 1235 
2101 1241 
2101 1247 
2101 1253 
2101 1259 
2101 1265 
2101 1271 
2101 1277 
2101 1283 
2101 1290 
2101 1296 
2101 1303 
2101 1309 
2101 1316 
2101 1322 
2101 1329 
2101 1336 
2100 1343 
2100 1350 
2100 1357 
2100 1364 
2100 1371 
2099 1378 
2099 1386 
2099 1393 
2099 1401 
2098 1408 
2098 1416 
2097 1423 
2097 1431 
2096 1439 
2096 1447 
2095 1449 
2094 1449 
2093 1449 
2092 1449 
2091 1449 
2090 1449 
2089 1449 
2087 1449 
2086 1449 
2084 1449 
2083 1449 
2081 1449 
2079 1449 
2078 1449 
2076 1449 
2074 1449 
2072 1449 
2070 1449 
2068 1449 
2066 1449 
2064 1449 
2062 1449 
2060 1449 
2057 1449 
2055 1449 
2053 1449 
2051 1449 
2048 1449 
2046 1449 
2044 1449 
2041 1449 
2039 1449 
2037 1449 
2034 1449 
2032 1449 
2029 1449 
2027 1449 
2025 1449 
2022 1449 
2020 1449 
2017 1449 
2015 1449 
2012 1449 
2010 1449 
2007 1449 
2005 1444 
2002 1438 
2000 1432 
1997 1427 
1994 1421 
1992 1416 
1989 1411 
1987 1406 
1984 1401 
1981 1397 
1978 1392 
1976 1388 
1973 1383 
1970 1379 
1968 1375 
1965 1371 
1962 1367 
1959 1364 
1956 1360 
1953 1356 
1951 1353 
1948 1350 
1945 1347 
1942 1344 
1939 1341 
1936 1348 
1933 1348 
1930 1348 
1927 1349 
1924 1349 
1921 1350 
1918 1350 
1915 1351 
1912 1352 
1909 1353 
1906 1354 
1903 1355 
1899 1356 
1896 1357 
1893 1359 
1890 1360 
1887 1362 
1884 1364 
1880 1365 
1877 1367 
1874 1369 
