144 0 
0 0 
1500 315 
1500 315 
1500 315 
1499 316 
1499 316 
1499 317 
1499 317 
1499 318 
1498 319 
1498 320 
1497 321 
1497 322 
1496 324 
1495 325 
1495 327 
1494 328 
1493 330 
1492 332 
1491 334 
1490 336 
1489 338 
1488 340 
1487 342 
1485 344 
1484 347 
1483 349 
1481 352 
1480 355 
1478 358 
1477 361 
1475 364 
1473 367 
1472 370 
1470 373 
1468 376 
1466 380 
1464 383 
1462 387 
1460 391 
1458 394 
1456 398 
1453 399 
1451 399 
1448 394 
1446 388 
1443 382 
1440 377 
1437 371 
1434 366 
1431 361 
1429 356 
1426 351 
1422 347 
1419 342 
1416 338 
1413 333 
1410 329 
1407 325 
1403 321 
1400 317 
1397 314 
1393 310 
1390 306 
1386 303 
1383 300 
1379 297 
1375 294 
1372 291 
1368 288 
1364 286 
1360 283 
1356 281 
1353 278 
1349 276 
1345 274 
1341 272 
1337 270 
1333 269 
1328 267 
1324 265 
1320 264 
1316 263 
1312 262 
1307 261 
1303 260 
1299 259 
1294 258 
1290 257 
1285 257 
1281 256 
1276 256 
1272 256 
1267 256 
1262 256 
1258 256 
1253 256 
1248 256 
1243 257 
1238 257 
1234 258 
1229 259 
1224 260 
1219 261 
1214 262 
1209 263 
1204 264 
1199 265 
1194 267 
1188 268 
1183 270 
1178 271 
1173 273 
1168 275 
1162 277 
1157 279 
1152 281 
1146 284 
1141 286 
1135 288 
1130 291 
1124 294 
1119 296 
1113 299 
1108 302 
1102 305 
1096 308 
1091 311 
1085 315 
1079 318 
1073 321 
1068 325 
1062 328 
1056 332 
1050 336 
1044 340 
1038 344 
1032 348 
1026 352 
1020 356 
1014 360 
1008 365 
1002 369 
996 374 
990 378 
984 383 
978 388 
971 393 
965 398 
959 399 
953 399 
947 399 
941 394 
935 388 
929 382 
923 377 
917 371 
911 366 
905 361 
899 356 
893 351 
887 347 
880 342 
874 338 
868 333 
862 329 
855 325 
849 321 
843 317 
836 313 
830 310 
824 306 
817 303 
811 300 
804 297 
798 294 
791 291 
785 288 
778 285 
772 283 
765 281 
759 278 
752 276 
746 274 
740 272 
734 270 
728 268 
722 267 
716 265 
710 264 
705 263 
699 262 
694 260 
689 260 
684 259 
678 258 
674 257 
669 257 
664 256 
659 256 
655 256 
650 256 
646 256 
641 256 
637 256 
633 256 
629 257 
625 257 
621 258 
617 259 
613 260 
610 260 
606 261 
603 263 
600 264 
596 265 
593 267 
590 268 
587 270 
584 271 
581 273 
578 275 
576 277 
573 279 
571 281 
568 284 
566 286 
563 288 
561 291 
559 294 
557 296 
555 299 
553 302 
551 305 
550 308 
548 311 
546 315 
545 318 
543 321 
542 325 
541 328 
539 332 
538 336 
537 340 
536 344 
535 348 
534 352 
533 356 
533 360 
532 365 
531 369 
531 374 
530 378 
530 383 
530 388 
529 393 
529 398 
529 403 
529 408 
529 413 
529 418 
529 424 
529 429 
530 435 
530 440 
530 446 
531 452 
531 457 
532 463 
532 469 
533 475 
534 481 
534 487 
535 494 
536 500 
537 506 
538 513 
539 519 
540 526 
542 533 
543 540 
544 546 
545 553 
547 560 
549 567 
549 574 
549 582 
549 589 
550 596 
550 604 
550 611 
550 619 
551 626 
551 634 
552 642 
552 649 
553 657 
553 665 
554 673 
555 681 
556 689 
557 697 
558 706 
559 714 
560 722 
561 731 
562 739 
563 748 
565 757 
566 765 
567 774 
569 783 
570 792 
572 801 
574 810 
575 819 
577 828 
579 837 
581 846 
583 840 
585 835 
587 829 
589 824 
591 818 
594 813 
596 808 
598 803 
601 798 
603 793 
606 789 
608 784 
611 780 
614 776 
616 772 
619 768 
622 764 
625 760 
628 757 
631 753 
634 750 
637 747 
640 744 
643 741 
646 738 
649 735 
653 732 
656 730 
659 727 
663 725 
666 723 
670 721 
673 719 
677 717 
680 715 
684 714 
688 712 
691 711 
695 710 
699 708 
703 707 
707 706 
710 706 
714 705 
718 704 
722 704 
726 703 
731 703 
735 703 
739 703 
743 703 
747 703 
752 703 
756 703 
760 704 
765 704 
769 705 
774 706 
778 706 
783 707 
787 708 
792 709 
797 711 
801 712 
806 713 
811 715 
816 716 
820 718 
825 720 
830 722 
835 724 
840 726 
845 728 
850 730 
855 733 
860 735 
865 738 
870 740 
876 743 
881 746 
886 749 
891 752 
897 755 
902 758 
907 761 
913 765 
918 768 
924 772 
929 775 
935 779 
940 783 
946 787 
951 791 
957 795 
962 799 
968 803 
974 807 
980 812 
985 816 
991 821 
997 825 
1003 830 
1009 835 
1015 840 
1020 845 
1026 839 
1032 833 
1038 827 
1044 822 
1050 817 
1056 811 
1062 806 
1068 801 
1074 796 
1080 792 
1086 787 
1092 783 
1099 778 
1105 774 
1111 770 
1117 766 
1124 762 
1130 759 
1136 755 
1142 752 
1149 748 
1155 745 
1162 742 
1168 739 
1174 736 
1181 733 
1187 731 
1194 728 
1201 726 
1207 723 
1214 721 
1220 719 
1227 717 
1234 715 
1240 714 
1247 712 
1254 711 
1260 709 
1267 708 
1274 707 
1281 706 
1288 705 
1294 704 
1301 703 
1308 702 
1315 702 
1322 702 
1329 701 
1336 701 
1343 701 
1350 701 
1357 701 
1364 701 
1371 702 
1378 702 
1385 703 
1392 703 
1399 704 
1406 705 
1413 706 
1420 707 
1427 708 
1434 709 
1441 710 
1448 712 
1454 713 
1461 715 
1467 716 
1473 718 
1479 720 
1485 722 
1491 724 
1497 726 
1503 729 
1509 731 
1514 733 
1520 736 
1525 739 
1530 741 
1536 744 
1541 747 
1546 750 
1551 753 
1555 756 
1560 760 
1565 763 
1569 766 
1574 770 
1578 774 
1582 777 
1586 781 
1590 785 
1594 789 
1598 793 
1602 797 
1606 801 
1609 806 
1613 810 
1616 814 
1620 819 
1623 824 
1626 828 
1629 833 
1632 838 
1635 843 
1638 848 
1641 853 
1643 858 
1646 863 
1649 869 
1651 874 
1653 880 
1656 885 
1658 891 
1660 897 
1662 902 
1664 908 
1666 914 
1668 920 
1669 926 
1671 933 
1673 939 
1674 945 
1676 952 
1677 958 
1678 965 
1680 971 
1681 978 
1682 985 
1683 991 
1684 998 
1685 1005 
1686 1012 
1686 1020 
1687 1027 
1688 1034 
1688 1041 
1689 1049 
1689 1056 
1689 1064 
1690 1071 
1690 1079 
1690 1087 
1690 1094 
1690 1102 
1690 1110 
1690 1118 
1690 1126 
1689 1134 
1689 1143 
1689 1151 
1688 1159 
1688 1168 
1687 1176 
1687 1184 
1686 1193 
1685 1202 
1685 1210 
1682 1217 
1675 1223 
1669 1230 
1663 1236 
1657 1242 
1651 1248 
1645 1254 
1638 1261 
1632 1255 
1626 1249 
1620 1243 
1614 1238 
1608 1233 
1601 1227 
1595 1222 
1589 1217 
1582 1213 
1576 1208 
1570 1203 
1563 1199 
1557 1194 
1551 1190 
1544 1186 
1538 1182 
1531 1178 
1525 1175 
1518 1171 
1512 1168 
1505 1164 
1498 1161 
1492 1158 
1485 1155 
1478 1152 
1472 1149 
1465 1147 
1458 1144 
1452 1142 
1445 1139 
1438 1137 
1431 1135 
1424 1133 
1417 1131 
1411 1130 
1404 1128 
1397 1127 
1390 1125 
1383 1124 
1376 1123 
1369 1122 
1362 1121 
1355 1120 
1348 1119 
1341 1119 
1334 1118 
1327 1118 
1319 1117 
1312 1117 
1305 1117 
1298 1117 
1291 1117 
1283 1117 
1276 1118 
1269 1118 
1262 1119 
1254 1119 
1247 1120 
1240 1121 
1232 1122 
1225 1123 
1218 1124 
1210 1125 
1203 1126 
1195 1128 
1188 1129 
1181 1131 
1173 1133 
1166 1134 
1158 1136 
1151 1138 
1143 1140 
1135 1142 
1128 1145 
1120 1147 
1113 1150 
1105 1152 
1097 1155 
1090 1157 
1082 1160 
1074 1163 
1067 1166 
1059 1169 
1051 1172 
1043 1176 
1036 1179 
1028 1183 
1020 1186 
1012 1190 
1005 1193 
997 1197 
989 1201 
981 1205 
973 1209 
965 1213 
957 1217 
949 1222 
941 1226 
934 1230 
926 1235 
918 1240 
910 1244 
902 1249 
894 1254 
886 1259 
878 1264 
870 1269 
861 1274 
853 1280 
845 1285 
837 1290 
829 1296 
821 1299 
813 1299 
806 1299 
799 1299 
791 1299 
784 1299 
777 1299 
770 1299 
764 1299 
757 1299 
751 1299 
744 1299 
738 1299 
732 1299 
726 1299 
721 1299 
716 1299 
711 1299 
706 1299 
702 1299 
698 1299 
694 1299 
691 1299 
688 1299 
685 1299 
682 1299 
679 1299 
676 1299 
674 1299 
672 1299 
670 1299 
668 1299 
666 1299 
664 1299 
663 1299 
661 1299 
660 1299 
658 1299 
657 1299 
656 1299 
655 1299 
654 1299 
652 1299 
650 1299 
648 1299 
646 1299 
644 1299 
641 1299 
639 1299 
636 1299 
633 1299 
630 1299 
627 1299 
624 1299 
620 1299 
617 1299 
614 1299 
610 1299 
606 1299 
603 1299 
599 1299 
595 1299 
591 1299 
587 1299 
583 1299 
579 1299 
575 1299 
570 1299 
566 1299 
562 1299 
558 1300 
553 1300 
549 1300 
544 1301 
540 1301 
536 1302 
531 1302 
527 1303 
522 1304 
518 1305 
514 1306 
510 1307 
505 1309 
501 1310 
497 1312 
493 1313 
489 1315 
486 1317 
482 1319 
478 1321 
475 1323 
471 1325 
468 1327 
465 1329 
461 1332 
458 1334 
455 1337 
452 1340 
450 1343 
447 1346 
444 1349 
441 1352 
439 1355 
437 1358 
434 1361 
432 1365 
430 1368 
428 1372 
425 1376 
423 1379 
422 1383 
420 1387 
418 1391 
416 1395 
415 1400 
413 1404 
412 1408 
410 1413 
409 1417 
408 1422 
407 1427 
406 1431 
405 1436 
404 1441 
403 1446 
402 1451 
401 1456 
400 1462 
400 1467 
399 1472 
399 1478 
398 1484 
398 1489 
398 1495 
398 1501 
398 1507 
397 1513 
397 1519 
397 1525 
398 1531 
398 1537 
398 1543 
398 1550 
399 1556 
399 1563 
400 1569 
400 1576 
401 1583 
401 1590 
402 1597 
403 1604 
404 1611 
405 1618 
406 1625 
407 1632 
408 1639 
409 1647 
410 1654 
411 1662 
413 1669 
414 1677 
415 1685 
417 1693 
418 1700 
420 1708 
422 1716 
424 1724 
430 1718 
435 1712 
441 1707 
447 1701 
453 1696 
459 1691 
465 1686 
471 1681 
477 1676 
483 1671 
489 1666 
495 1662 
501 1658 
507 1653 
513 1649 
519 1645 
525 1642 
532 1638 
538 1634 
544 1631 
550 1627 
557 1624 
563 1621 
569 1618 
576 1615 
582 1613 
588 1610 
595 1607 
601 1605 
608 1603 
614 1601 
621 1598 
627 1597 
634 1595 
641 1593 
647 1591 
654 1590 
661 1588 
667 1587 
674 1586 
681 1585 
687 1584 
694 1583 
701 1582 
708 1582 
715 1581 
721 1581 
728 1581 
735 1580 
742 1580 
749 1580 
756 1580 
763 1581 
770 1581 
777 1581 
784 1582 
791 1582 
798 1583 
805 1584 
812 1585 
819 1586 
827 1587 
834 1588 
841 1590 
848 1591 
855 1592 
863 1594 
870 1596 
877 1598 
884 1599 
892 1601 
899 1604 
906 1606 
914 1608 
921 1610 
928 1613 
936 1615 
943 1618 
951 1621 
958 1624 
966 1626 
973 1629 
981 1633 
988 1636 
996 1639 
1003 1642 
1011 1646 
1018 1649 
1026 1653 
1034 1657 
1041 1660 
1049 1664 
1057 1668 
1064 1672 
1072 1676 
1080 1681 
1087 1685 
1095 1689 
1103 1694 
1111 1698 
1119 1703 
1126 1708 
1134 1712 
1142 1717 
1150 1722 
1158 1727 
1166 1732 
1173 1737 
1181 1743 
1189 1748 
1197 1742 
1205 1736 
1212 1731 
1220 1725 
1228 1720 
1236 1715 
1244 1710 
1251 1705 
1259 1700 
1267 1695 
1275 1691 
1283 1686 
1291 1682 
1299 1678 
1307 1674 
1315 1670 
1322 1666 
1330 1662 
1338 1659 
1346 1655 
1354 1652 
1362 1649 
1370 1645 
1378 1642 
1387 1640 
1395 1637 
1403 1634 
1411 1632 
1419 1629 
1427 1627 
1435 1625 
1443 1623 
1451 1621 
1460 1619 
1468 1617 
1476 1616 
1484 1614 
1492 1613 
1501 1611 
1509 1610 
1517 1609 
1525 1608 
1534 1607 
1542 1607 
1550 1606 
1559 1606 
1567 1605 
1575 1605 
1583 1605 
1592 1604 
1600 1604 
1609 1605 
1617 1605 
1625 1605 
1634 1606 
1642 1606 
1650 1607 
1659 1607 
1667 1608 
1675 1609 
1683 1610 
1691 1611 
1699 1612 
1707 1614 
1714 1615 
1722 1617 
1729 1618 
1737 1620 
1744 1622 
1749 1624 
1749 1626 
1749 1628 
1749 1630 
1749 1632 
1749 1635 
1749 1637 
1749 1640 
1749 1642 
1749 1645 
1738 1639 
1727 1633 
1716 1628 
1705 1622 
1694 1617 
1683 1612 
1672 1607 
1661 1602 
1649 1597 
1638 1592 
1627 1588 
1616 1583 
1605 1579 
1594 1575 
1583 1570 
1572 1567 
1561 1563 
1550 1559 
1539 1555 
1528 1552 
1517 1549 
1506 1545 
1496 1542 
1485 1539 
1474 1536 
1463 1534 
1452 1531 
1441 1528 
1430 1526 
1419 1524 
1408 1522 
1397 1520 
1386 1518 
1375 1516 
1364 1514 
1354 1512 
1343 1511 
1332 1510 
1321 1508 
1310 1507 
1299 1506 
1288 1505 
1277 1504 
1267 1504 
1256 1503 
1245 1502 
1234 1502 
1223 1502 
1212 1501 
1202 1501 
1191 1501 
1180 1501 
1169 1502 
1159 1502 
1148 1502 
1138 1503 
1127 1504 
1117 1504 
1107 1505 
1097 1506 
1087 1507 
1078 1508 
1068 1509 
1059 1511 
1049 1512 
1040 1514 
1031 1515 
1022 1517 
1013 1519 
1004 1521 
996 1523 
987 1525 
979 1527 
971 1529 
963 1531 
955 1534 
947 1536 
939 1539 
931 1542 
924 1545 
916 1548 
909 1551 
902 1554 
895 1557 
888 1560 
881 1563 
874 1567 
867 1570 
861 1574 
854 1578 
848 1581 
841 1585 
835 1589 
829 1593 
823 1597 
817 1602 
812 1606 
806 1610 
800 1615 
795 1619 
790 1624 
784 1629 
779 1633 
774 1638 
769 1643 
764 1648 
759 1653 
755 1659 
750 1664 
746 1669 
741 1675 
737 1680 
732 1686 
728 1691 
724 1697 
719 1703 
715 1709 
711 1715 
706 1721 
702 1727 
697 1733 
693 1739 
688 1746 
684 1740 
679 1734 
675 1728 
670 1723 
665 1718 
661 1712 
656 1707 
651 1702 
646 1697 
641 1693 
636 1688 
632 1684 
627 1679 
622 1675 
617 1671 
612 1667 
607 1663 
601 1660 
596 1656 
591 1653 
586 1649 
581 1646 
575 1643 
570 1640 
565 1637 
559 1634 
554 1632 
549 1629 
543 1627 
538 1624 
532 1622 
527 1620 
521 1618 
516 1616 
510 1615 
504 1613 
499 1612 
493 1610 
487 1609 
481 1608 
476 1607 
470 1606 
464 1605 
458 1604 
452 1604 
446 1603 
440 1603 
434 1602 
428 1602 
422 1602 
416 1602 
410 1602 
404 1602 
398 1603 
392 1603 
386 1604 
380 1604 
373 1605 
367 1606 
361 1607 
354 1608 
348 1609 
342 1610 
335 1611 
329 1613 
323 1614 
316 1616 
314 1614 
318 1618 
322 1622 
326 1626 
330 1630 
334 1634 
337 1637 
340 1640 
343 1643 
346 1646 
349 1649 
351 1651 
353 1653 
356 1655 
357 1657 
359 1659 
361 1661 
362 1662 
364 1664 
365 1665 
366 1666 
367 1667 
368 1668 
369 1669 
370 1670 
371 1671 
371 1671 
372 1672 
372 1666 
372 1660 
372 1654 
372 1649 
372 1644 
372 1638 
372 1633 
371 1628 
371 1623 
371 1619 
370 1614 
370 1610 
369 1605 
369 1601 
368 1597 
367 1593 
367 1589 
366 1586 
365 1582 
364 1579 
363 1575 
362 1572 
361 1569 
359 1566 
358 1563 
357 1560 
355 1558 
354 1555 
353 1553 
351 1550 
349 1548 
348 1546 
346 1544 
344 1542 
343 1541 
341 1539 
339 1538 
337 1536 
335 1535 
333 1534 
331 1533 
329 1532 
326 1531 
324 1530 
322 1530 
319 1529 
317 1529 
315 1528 
312 1528 
310 1528 
307 1528 
304 1528 
302 1528 
299 1529 
296 1529 
293 1530 
290 1530 
288 1531 
285 1532 
282 1533 
278 1534 
275 1535 
272 1536 
269 1537 
266 1539 
263 1540 
259 1542 
256 1544 
252 1545 
249 1547 
247 1547 
250 1550 
253 1552 
255 1555 
257 1557 
259 1559 
261 1561 
262 1562 
264 1564 
265 1565 
267 1567 
268 1568 
269 1569 
270 1570 
271 1571 
272 1572 
274 1574 
275 1575 
276 1576 
277 1577 
279 1579 
280 1580 
282 1582 
284 1583 
285 1585 
287 1587 
289 1589 
291 1591 
293 1593 
295 1595 
298 1597 
300 1600 
302 1602 
305 1596 
307 1590 
310 1585 
313 1579 
315 1574 
318 1569 
321 1564 
324 1559 
327 1554 
330 1549 
333 1545 
336 1540 
339 1536 
342 1532 
345 1528 
348 1524 
352 1520 
355 1516 
358 1513 
362 1509 
365 1506 
369 1503 
372 1499 
376 1496 
379 1494 
383 1491 
387 1488 
390 1486 
394 1483 
398 1481 
402 1479 
406 1477 
410 1475 
414 1473 
418 1471 
422 1470 
426 1468 
430 1467 
434 1465 
438 1464 
442 1463 
447 1462 
451 1461 
455 1461 
460 1460 
464 1460 
469 1459 
473 1459 
478 1459 
482 1458 
487 1458 
491 1459 
496 1459 
501 1459 
505 1460 
510 1460 
515 1461 
520 1461 
525 1462 
530 1463 
534 1464 
539 1465 
544 1467 
549 1468 
549 1469 
549 1471 
549 1472 
549 1474 
549 1476 
549 1478 
549 1480 
549 1482 
549 1484 
538 1478 
527 1472 
517 1467 
506 1461 
495 1456 
484 1451 
474 1446 
463 1441 
452 1436 
442 1431 
431 1427 
420 1422 
410 1418 
399 1414 
388 1410 
378 1406 
367 1402 
356 1398 
346 1394 
335 1391 
325 1388 
314 1384 
303 1381 
293 1378 
282 1375 
271 1373 
261 1370 
250 1368 
240 1365 
229 1363 
218 1361 
208 1359 
197 1357 
187 1355 
176 1353 
166 1351 
155 1350 
151 1349 
151 1347 
151 1346 
151 1345 
151 1344 
151 1343 
151 1343 
151 1342 
151 1341 
151 1341 
151 1341 
151 1340 
151 1340 
151 1340 
151 1340 
151 1341 
151 1341 
151 1341 
151 1342 
151 1343 
151 1343 
151 1344 
151 1345 
151 1346 
151 1347 
162 1341 
172 1336 
183 1330 
194 1324 
205 1319 
216 1314 
226 1309 
237 1304 
247 1299 
258 1294 
269 1290 
279 1285 
290 1281 
300 1277 
311 1273 
322 1269 
332 1265 
343 1261 
353 1258 
364 1254 
375 1251 
385 1248 
396 1244 
406 1241 
417 1239 
427 1236 
438 1233 
448 1231 
459 1228 
470 1226 
480 1224 
491 1222 
501 1220 
512 1218 
522 1216 
533 1215 
543 1213 
554 1212 
564 1210 
575 1209 
585 1208 
596 1207 
606 1206 
617 1206 
627 1205 
638 1205 
648 1204 
659 1204 
669 1204 
680 1204 
690 1204 
701 1204 
711 1204 
722 1204 
732 1205 
743 1205 
753 1206 
763 1206 
774 1207 
784 1208 
795 1209 
805 1210 
816 1212 
826 1213 
837 1214 
847 1216 
858 1217 
868 1219 
878 1221 
889 1223 
899 1225 
910 1227 
920 1229 
931 1231 
941 1234 
951 1236 
962 1239 
972 1241 
983 1244 
993 1247 
1003 1250 
1014 1253 
1024 1256 
1035 1259 
1045 1262 
1055 1266 
1066 1269 
1076 1273 
1087 1276 
1097 1280 
1107 1284 
1118 1288 
1128 1292 
1139 1296 
1149 1299 
1158 1299 
1168 1299 
1177 1299 
1186 1299 
1194 1299 
1203 1299 
1211 1299 
1219 1299 
1227 1299 
1234 1299 
1242 1299 
1249 1299 
1256 1299 
1263 1299 
1270 1299 
1277 1299 
1283 1299 
1290 1299 
1296 1299 
1302 1299 
1309 1299 
1315 1299 
1321 1299 
1327 1299 
1333 1299 
1339 1299 
1344 1299 
1350 1299 
1356 1299 
1361 1299 
1367 1299 
1372 1294 
1378 1288 
1384 1282 
1389 1277 
1395 1271 
1401 1266 
1406 1261 
1412 1256 
1418 1251 
1424 1247 
1429 1242 
1435 1238 
1441 1233 
1447 1229 
1453 1225 
1459 1221 
1465 1217 
1471 1214 
1477 1210 
1483 1206 
1489 1203 
1495 1200 
1501 1197 
1507 1194 
1513 1191 
1520 1188 
1526 1186 
1532 1183 
1538 1181 
1545 1178 
1551 1176 
1557 1174 
1564 1172 
1570 1170 
1577 1169 
1583 1167 
1589 1165 
1596 1164 
1602 1163 
1609 1162 
1615 1161 
1622 1160 
1629 1159 
1635 1158 
1642 1157 
1649 1157 
1655 1156 
1662 1156 
1669 1156 
1675 1156 
1682 1156 
1689 1156 
1696 1156 
1703 1157 
1709 1157 
1716 1157 
1723 1158 
1730 1159 
1737 1160 
1741 1158 
1736 1162 
1732 1167 
1728 1171 
1724 1175 
1720 1179 
1717 1182 
1713 1186 
1710 1189 
1707 1192 
1704 1195 
1702 1197 
1699 1200 
1697 1202 
1695 1204 
1693 1206 
1691 1208 
1689 1209 
1688 1211 
1686 1212 
1685 1214 
1684 1215 
1683 1216 
1682 1217 
1681 1218 
1680 1218 
1680 1219 
1679 1220 
1679 1220 
1678 1221 
1678 1221 
1678 1221 
1678 1221 
1677 1222 
1677 1222 
1677 1222 
1677 1222 
1677 1222 
1677 1217 
1677 1211 
1677 1205 
1677 1200 
1677 1194 
1678 1189 
1678 1184 
1679 1179 
1679 1174 
1680 1170 
1681 1165 
1681 1161 
1682 1156 
1683 1152 
1684 1148 
1685 1144 
1686 1140 
1687 1136 
1688 1133 
1689 1129 
1690 1126 
1692 1123 
1693 1120 
1695 1117 
1696 1114 
1698 1111 
1699 1108 
1701 1106 
1702 1104 
1704 1101 
1706 1099 
1708 1097 
1710 1095 
1712 1093 
1714 1092 
1716 1090 
1718 1088 
1720 1087 
1722 1086 
1724 1085 
1727 1083 
1729 1083 
1731 1082 
1734 1081 
1736 1080 
1739 1080 
1742 1079 
1744 1079 
1747 1079 
1750 1079 
1752 1079 
1755 1079 
1758 1079 
1761 1079 
1764 1080 
1767 1080 
1770 1081 
1773 1082 
1776 1083 
1779 1083 
1783 1084 
1786 1086 
1789 1087 
1793 1088 
1796 1090 
1799 1091 
1803 1093 
1806 1093 
1803 1096 
1801 1098 
1798 1101 
1796 1103 
1794 1105 
1792 1106 
1791 1108 
1789 1110 
1788 1111 
1787 1112 
1785 1114 
1784 1115 
1783 1116 
1781 1117 
1780 1119 
1779 1120 
1777 1122 
1776 1123 
1775 1124 
1773 1126 
1772 1127 
1771 1128 
1769 1130 
1767 1132 
1766 1133 
1764 1135 
1762 1137 
1760 1139 
1758 1141 
1756 1135 
1754 1129 
1751 1124 
1749 1118 
1747 1113 
1744 1108 
1742 1103 
1739 1098 
1737 1093 
1734 1088 
1731 1084 
1729 1079 
1726 1075 
1723 1071 
1720 1066 
1717 1062 
1714 1059 
1711 1055 
1708 1051 
1705 1048 
1702 1045 
1699 1041 
1696 1038 
1693 1035 
1689 1032 
1686 1030 
1682 1027 
1679 1024 
1676 1022 
1672 1020 
1669 1018 
1665 1016 
1661 1014 
1658 1012 
1654 1010 
1650 1008 
1646 1007 
1643 1005 
1639 1004 
1635 1003 
1631 1002 
1627 1001 
1623 1000 
1619 999 
1615 999 
1610 998 
1606 998 
1602 998 
1598 997 
1594 997 
1589 997 
1585 997 
1580 998 
1576 998 
1572 998 
1567 999 
1562 999 
1558 1000 
1553 1001 
1549 1002 
1544 1003 
1539 1004 
1534 1005 
1530 1007 
1525 1008 
1520 1010 
1515 1011 
1510 1013 
1505 1015 
1501 1017 
1512 1011 
1522 1005 
1533 999 
1544 994 
1554 989 
1565 983 
1575 978 
1586 973 
1596 968 
1607 964 
1618 959 
1628 955 
1639 950 
1649 946 
1660 942 
1670 938 
1681 934 
1691 931 
1702 927 
1712 924 
1723 920 
1733 917 
1744 914 
1754 911 
1765 908 
1775 905 
1786 903 
1796 900 
1807 898 
1817 895 
1828 893 
1838 891 
1849 889 
1859 887 
1870 886 
1880 884 
1891 883 
1899 881 
1899 880 
1899 879 
1899 878 
1899 877 
1899 876 
1899 875 
1899 874 
1899 874 
1899 874 
1899 873 
1899 873 
1899 873 
1899 873 
1899 873 
1899 873 
1899 874 
1899 874 
1899 875 
1899 875 
1899 876 
1899 877 
1899 878 
1899 879 
1899 880 
1899 881 
1899 882 
1899 884 
1899 885 
1899 887 
1888 881 
1877 875 
1867 870 
1856 864 
1845 859 
1834 854 
1824 848 
1813 844 
1802 839 
1792 834 
1781 829 
1771 825 
1760 821 
1749 816 
1739 812 
1728 808 
1718 805 
1707 801 
1697 797 
1686 794 
1675 790 
1665 787 
1654 784 
1644 781 
1633 778 
1623 775 
1612 773 
1602 770 
1591 768 
1580 766 
1570 763 
1559 761 
1549 759 
1538 758 
1528 756 
1517 754 
1507 753 
1496 751 
1486 750 
1475 749 
1465 748 
1454 747 
1444 746 
1433 745 
1423 745 
1412 744 
1402 744 
1391 743 
1381 743 
1370 743 
1360 743 
1349 743 
1339 744 
1328 744 
1318 744 
1307 745 
1297 745 
1286 746 
1276 747 
1266 748 
1255 749 
1245 750 
1234 751 
1224 753 
1213 754 
1203 755 
1192 757 
1182 759 
1172 761 
1161 762 
1151 764 
1140 766 
1130 769 
1119 771 
1109 773 
1099 776 
1088 778 
1078 781 
1067 784 
1057 786 
1046 789 
1036 792 
1026 795 
1015 799 
1005 802 
994 805 
984 809 
974 812 
963 816 
953 820 
943 823 
932 827 
922 831 
911 835 
901 839 
891 844 
880 848 
870 849 
860 849 
851 849 
842 849 
833 849 
824 849 
816 849 
808 849 
800 849 
792 849 
785 849 
777 849 
770 849 
763 849 
756 849 
749 849 
742 849 
736 849 
729 849 
723 849 
716 849 
710 849 
704 844 
698 838 
692 832 
686 827 
679 821 
673 816 
667 811 
661 806 
654 801 
648 797 
641 792 
635 788 
629 783 
622 779 
616 775 
609 771 
603 767 
596 764 
590 760 
583 756 
577 753 
570 750 
563 747 
557 744 
550 741 
543 738 
536 736 
530 733 
523 731 
516 728 
509 726 
502 724 
496 722 
489 720 
482 719 
475 717 
468 715 
461 714 
454 713 
447 712 
440 711 
433 710 
426 709 
419 708 
412 707 
405 707 
398 706 
390 706 
383 706 
376 706 
369 706 
362 706 
354 706 
347 706 
340 707 
333 707 
325 708 
318 709 
311 710 
307 707 
312 712 
317 717 
321 721 
325 725 
329 729 
333 733 
337 737 
340 740 
343 743 
346 746 
349 749 
352 752 
354 754 
356 756 
359 758 
360 760 
362 762 
364 764 
366 765 
367 767 
368 768 
369 769 
371 770 
371 771 
372 772 
373 773 
374 774 
374 774 
375 775 
375 775 
376 775 
376 776 
376 770 
376 764 
376 759 
376 753 
375 748 
375 743 
375 737 
374 732 
374 728 
373 723 
373 718 
372 714 
372 710 
371 705 
370 701 
369 697 
368 694 
367 690 
366 686 
365 683 
364 679 
363 676 
361 673 
360 670 
359 667 
357 664 
356 662 
354 659 
353 657 
351 655 
349 652 
348 650 
346 648 
344 647 
342 645 
340 643 
338 642 
336 640 
334 639 
332 638 
329 637 
327 636 
325 635 
322 634 
320 634 
318 633 
315 633 
312 632 
310 632 
307 632 
304 632 
302 632 
299 632 
296 633 
293 633 
290 634 
287 634 
284 635 
281 636 
278 637 
275 638 
272 639 
268 640 
265 641 
262 643 
259 644 
256 646 
253 648 
250 649 
252 652 
255 654 
257 657 
260 659 
262 662 
265 665 
268 668 
271 670 
274 673 
277 677 
280 680 
283 683 
286 686 
290 689 
293 693 
296 696 
300 700 
304 703 
307 698 
311 692 
315 686 
319 681 
322 675 
326 670 
330 665 
334 660 
338 655 
342 651 
346 646 
350 642 
355 637 
359 633 
363 629 
367 625 
372 621 
376 618 
380 614 
385 610 
389 607 
394 604 
398 601 
403 598 
407 595 
412 592 
417 590 
421 587 
426 585 
431 582 
436 580 
440 578 
445 576 
450 574 
455 573 
460 571 
465 569 
470 568 
475 567 
480 566 
485 565 
491 564 
496 563 
501 562 
506 561 
512 561 
517 560 
522 560 
528 560 
533 560 
538 560 
544 560 
549 560 
549 561 
549 561 
549 561 
549 562 
549 563 
549 564 
549 565 
549 566 
549 567 
549 568 
549 569 
549 571 
538 565 
527 559 
517 553 
506 548 
495 543 
484 537 
474 532 
463 527 
453 522 
442 518 
431 513 
421 509 
410 504 
400 500 
389 496 
378 492 
368 488 
357 485 
347 481 
336 478 
325 474 
315 471 
304 468 
294 465 
283 462 
273 459 
262 457 
252 454 
241 452 
230 449 
220 447 
210 445 
199 443 
189 441 
179 440 
169 438 
159 437 
151 435 
151 434 
151 433 
151 432 
151 431 
151 430 
151 429 
151 429 
151 428 
162 422 
173 416 
184 411 
195 405 
206 400 
217 395 
228 390 
239 385 
250 380 
261 375 
272 371 
283 366 
294 362 
305 358 
316 354 
327 350 
338 346 
349 342 
360 338 
371 335 
382 332 
393 328 
404 325 
415 322 
426 319 
437 317 
448 314 
459 312 
470 309 
481 307 
492 305 
503 303 
513 301 
524 299 
535 297 
546 296 
557 294 
568 293 
579 291 
590 290 
601 289 
611 288 
622 287 
633 287 
644 286 
655 285 
666 285 
676 285 
687 285 
698 284 
709 284 
720 285 
730 285 
741 285 
752 285 
763 286 
774 287 
784 287 
795 288 
806 289 
817 290 
827 291 
838 292 
849 294 
860 295 
870 297 
881 298 
892 300 
903 302 
913 304 
924 306 
935 308 
946 310 
956 312 
967 315 
978 317 
988 320 
999 322 
1010 325 
1020 328 
1031 331 
1042 334 
1053 337 
1063 340 
1074 343 
1085 346 
1095 350 
1106 353 
1116 357 
1127 361 
1138 365 
1148 368 
1159 372 
1170 376 
1180 381 
1191 385 
1202 389 
1212 393 
1223 398 
1233 399 
1243 399 
1253 399 
1262 399 
1271 399 
1280 399 
1288 399 
1297 399 
1305 399 
1313 399 
1320 399 
1328 399 
1335 399 
1342 399 
1349 399 
1356 399 
1363 399 
1370 399 
1376 399 
1383 399 
1389 399 
1396 399 
1402 399 
1408 399 
1414 399 
1420 399 
1426 399 
1432 399 
1437 399 
1443 399 
1449 399 
1454 399 
1460 399 
1465 399 
1471 399 
1476 399 
1482 399 
1487 399 
1492 399 
1498 399 
1503 399 
1508 399 
1513 399 
1519 399 
1524 399 
1529 399 
1534 399 
1539 399 
1543 399 
1548 399 
1552 399 
1555 399 
1559 399 
1562 399 
1565 399 
1568 399 
1571 399 
1573 399 
1576 399 
1578 399 
1580 399 
1582 399 
1585 399 
1588 399 
1590 399 
1593 399 
1596 399 
1599 399 
1602 399 
1606 399 
1609 399 
1613 399 
1616 399 
1620 394 
1624 388 
1627 382 
1631 377 
1635 371 
1639 366 
1643 361 
1647 356 
1651 351 
1655 347 
1659 342 
1663 338 
1667 333 
1671 329 
1675 325 
1679 321 
1684 317 
1688 314 
1692 310 
1697 306 
1701 303 
1706 300 
1710 297 
1715 294 
1719 291 
1724 288 
1729 286 
1733 283 
1738 281 
1743 278 
1747 276 
1752 274 
1757 272 
1762 270 
1767 269 
1772 267 
1777 265 
1782 264 
1787 263 
1792 262 
1797 261 
1802 260 
1807 259 
1812 258 
1818 257 
1823 257 
1828 256 
1834 256 
1839 256 
1844 256 
1850 256 
1855 256 
1861 256 
1866 257 
1872 257 
1877 257 
1883 258 
1888 259 
1894 260 
1899 261 
1899 262 
1899 263 
1899 264 
1899 265 
1899 267 
1899 268 
1899 270 
1899 271 
1899 273 
1899 275 
1899 277 
1899 279 
1899 281 
1899 284 
1899 286 
1899 288 
1899 291 
1888 285 
1877 279 
1866 274 
1855 268 
1844 263 
1833 258 
1822 253 
1811 248 
1800 243 
1789 238 
1778 234 
1767 229 
1756 225 
1744 221 
1733 217 
1722 213 
1711 209 
1701 205 
1690 201 
1679 198 
1668 195 
1657 191 
1646 188 
1635 185 
1624 182 
1613 180 
1602 177 
1591 175 
1580 172 
1569 170 
1558 168 
1547 166 
1536 164 
1525 162 
1515 160 
1504 158 
1493 157 
1482 156 
1471 154 
1460 153 
1449 152 
1438 151 
1428 150 
1417 150 
1406 149 
1395 148 
1384 148 
1373 148 
1363 147 
1352 147 
1341 147 
1330 147 
1319 148 
1309 148 
1298 148 
1287 149 
1276 150 
1265 150 
1255 151 
1244 152 
1233 153 
1222 154 
1212 155 
1201 157 
1190 158 
1179 160 
1169 161 
1158 163 
1147 165 
1136 167 
1126 169 
1115 171 
1104 173 
1094 175 
1083 177 
1072 180 
1061 182 
1051 185 
1040 188 
1029 191 
1019 194 
1008 197 
997 200 
987 203 
976 206 
965 209 
955 213 
944 216 
933 220 
923 224 
912 228 
901 231 
891 235 
880 239 
870 244 
859 248 
848 252 
838 256 
827 261 
816 265 
806 270 
795 275 
785 279 
774 284 
763 289 
753 294 
742 299 
732 305 
721 310 
711 315 
700 321 
689 326 
679 332 
668 337 
658 343 
647 349 
637 355 
626 361 
616 367 
605 373 
595 379 
585 385 
575 392 
565 398 
555 404 
546 411 
536 418 
527 424 
518 431 
509 438 
501 445 
492 452 
484 459 
475 466 
467 473 
459 480 
451 488 
443 495 
435 503 
427 510 
420 518 
412 525 
405 533 
398 541 
390 549 
383 557 
376 565 
370 573 
363 581 
356 589 
350 597 
343 606 
337 614 
331 622 
325 631 
319 639 
313 648 
307 657 
302 666 
296 674 
291 683 
289 689 
296 696 
303 703 
311 711 
318 718 
325 725 
332 732 
339 739 
346 746 
353 753 
360 760 
367 767 
374 774 
381 781 
388 788 
395 795 
402 802 
409 809 
415 815 
422 822 
429 829 
436 835 
442 842 
449 849 
456 849 
462 849 
468 849 
475 849 
481 849 
487 849 
493 849 
499 849 
505 849 
511 849 
516 849 
522 849 
528 849 
533 849 
539 849 
544 849 
550 849 
555 849 
561 849 
566 849 
571 849 
577 849 
582 849 
587 849 
592 849 
598 849 
603 849 
608 849 
613 849 
618 849 
623 849 
628 849 
634 849 
639 849 
644 849 
649 849 
654 849 
659 849 
664 849 
669 849 
674 849 
679 849 
684 849 
689 849 
694 849 
699 849 
704 849 
709 849 
713 844 
718 838 
723 832 
729 827 
734 821 
739 816 
744 811 
749 806 
754 801 
759 797 
765 792 
770 788 
775 783 
781 779 
786 775 
791 771 
797 767 
802 763 
808 760 
813 756 
819 753 
824 750 
830 747 
836 744 
841 741 
847 738 
853 735 
859 733 
864 731 
870 728 
876 726 
882 724 
888 722 
894 720 
900 719 
906 717 
912 715 
918 714 
924 713 
930 712 
936 711 
942 710 
948 709 
954 708 
960 707 
967 707 
973 706 
979 706 
985 706 
992 706 
998 706 
1004 706 
1011 706 
1017 706 
1024 707 
1030 707 
1037 708 
1043 709 
1050 710 
1056 710 
1063 712 
1069 713 
1076 714 
1082 715 
1089 717 
1096 718 
1103 720 
1109 721 
1116 723 
1123 725 
1130 727 
1136 729 
1143 731 
1150 734 
1157 736 
1164 738 
1171 741 
1178 744 
1185 746 
1191 749 
1198 752 
1205 755 
1213 758 
1220 761 
1227 765 
1234 768 
1241 771 
1248 775 
1255 778 
1262 782 
1269 786 
1277 790 
1284 794 
1291 798 
1298 802 
1306 806 
1313 810 
1320 815 
1327 819 
1335 824 
1342 828 
1349 833 
1357 838 
1364 843 
1372 848 
1379 849 
1386 849 
1393 849 
1400 849 
1407 849 
1413 849 
1420 849 
1426 849 
1432 849 
1439 849 
1445 849 
1451 849 
1457 849 
1463 849 
1469 849 
1474 849 
1480 849 
1486 849 
1491 850 
1497 850 
1503 850 
1508 850 
1514 851 
1520 852 
1526 852 
1531 853 
1537 854 
1543 855 
1549 856 
1555 857 
1561 859 
1567 860 
1573 862 
1579 863 
1585 865 
1590 867 
1596 869 
1602 871 
1608 873 
1613 875 
1619 877 
1625 879 
1630 882 
1636 884 
1641 887 
1646 890 
1651 893 
1656 895 
1661 898 
1666 902 
1671 905 
1675 908 
1680 911 
1684 915 
1689 918 
1693 922 
1697 926 
1701 929 
1705 933 
1709 937 
1713 941 
1717 945 
1720 950 
1724 954 
1727 958 
1731 963 
1734 967 
1737 972 
1740 977 
1743 981 
1746 986 
1749 991 
1752 996 
1755 1001 
1757 1006 
1760 1012 
1762 1017 
1765 1022 
1767 1028 
1769 1033 
1772 1039 
1774 1045 
1776 1051 
1778 1057 
1779 1062 
1781 1068 
1783 1075 
1785 1081 
1786 1087 
1788 1093 
1789 1100 
1790 1106 
1789 1110 
1784 1115 
1779 1120 
1774 1124 
1770 1129 
1765 1134 
1760 1139 
1755 1144 
1749 1149 
1744 1155 
1739 1160 
1734 1165 
1729 1170 
1724 1175 
1718 1181 
1713 1186 
1708 1191 
1702 1197 
1697 1202 
1691 1208 
1686 1213 
1680 1219 
1675 1224 
1669 1230 
1664 1235 
1658 1241 
1652 1247 
1647 1252 
1641 1258 
1635 1264 
1629 1269 
1624 1275 
1618 1281 
1612 1287 
1606 1293 
1600 1299 
1595 1299 
1589 1299 
1583 1299 
1578 1299 
1572 1299 
1566 1299 
1561 1299 
1556 1299 
1550 1299 
1545 1299 
1539 1299 
1534 1299 
1529 1299 
1524 1299 
1518 1299 
1513 1299 
1508 1299 
1503 1299 
1498 1299 
1492 1299 
1487 1299 
1482 1299 
1477 1299 
1472 1299 
1467 1299 
1462 1299 
1457 1299 
1452 1294 
1447 1288 
1442 1282 
1437 1277 
1431 1271 
1426 1266 
1421 1261 
1416 1256 
1411 1251 
1405 1247 
1400 1242 
1395 1238 
1389 1233 
1384 1229 
1378 1225 
1373 1221 
1367 1217 
1362 1213 
1356 1210 
1351 1206 
1345 1203 
1339 1200 
1334 1197 
1328 1194 
1322 1191 
1316 1188 
1311 1185 
1305 1183 
1299 1181 
1293 1178 
1287 1176 
1281 1174 
1275 1172 
1269 1170 
1263 1169 
1257 1167 
1251 1165 
1245 1164 
1239 1163 
1233 1162 
1227 1161 
1220 1160 
1214 1159 
1208 1158 
1202 1157 
1195 1157 
1189 1156 
1183 1156 
1177 1156 
1170 1156 
1164 1156 
1157 1156 
1151 1156 
1144 1156 
1138 1157 
1131 1157 
1125 1158 
1118 1159 
1112 1160 
1105 1160 
1098 1161 
1092 1163 
1085 1164 
1078 1165 
1072 1167 
1065 1168 
1058 1170 
1052 1171 
1045 1173 
1038 1175 
1031 1177 
1024 1179 
1017 1181 
1010 1184 
1004 1186 
997 1188 
990 1191 
983 1194 
976 1196 
969 1199 
962 1202 
955 1205 
947 1208 
940 1211 
933 1215 
926 1218 
919 1221 
912 1225 
905 1228 
897 1232 
890 1236 
883 1240 
876 1244 
868 1248 
861 1252 
854 1256 
847 1260 
839 1265 
832 1269 
824 1274 
817 1278 
810 1283 
802 1288 
795 1293 
787 1298 
780 1299 
773 1299 
766 1299 
759 1299 
752 1299 
746 1299 
739 1299 
733 1299 
726 1299 
720 1299 
714 1299 
708 1299 
702 1299 
696 1299 
690 1299 
684 1299 
678 1299 
673 1299 
667 1299 
662 1299 
656 1299 
651 1299 
645 1299 
640 1299 
634 1299 
629 1299 
624 1299 
618 1299 
613 1299 
608 1299 
603 1299 
597 1299 
592 1299 
587 1299 
582 1299 
577 1299 
572 1299 
567 1299 
561 1299 
556 1300 
551 1300 
546 1300 
541 1300 
536 1301 
531 1302 
526 1302 
521 1303 
517 1304 
512 1305 
507 1306 
502 1307 
497 1309 
493 1310 
488 1312 
484 1313 
480 1315 
475 1317 
471 1319 
467 1321 
463 1323 
459 1325 
456 1327 
452 1329 
448 1332 
445 1334 
441 1337 
438 1340 
435 1343 
432 1345 
428 1348 
425 1352 
423 1355 
420 1358 
417 1361 
414 1365 
412 1368 
409 1372 
407 1376 
404 1379 
402 1383 
400 1387 
398 1391 
396 1395 
394 1400 
392 1404 
390 1408 
388 1413 
387 1417 
385 1422 
383 1426 
382 1431 
381 1436 
379 1441 
378 1446 
377 1451 
376 1456 
375 1462 
374 1467 
373 1472 
372 1478 
372 1483 
371 1489 
370 1495 
370 1501 
369 1506 
369 1512 
369 1518 
368 1525 
368 1531 
368 1537 
368 1543 
368 1550 
368 1556 
368 1563 
368 1569 
368 1576 
369 1583 
369 1590 
370 1597 
370 1603 
371 1611 
371 1618 
372 1625 
373 1632 
373 1639 
374 1647 
375 1654 
376 1662 
377 1669 
378 1677 
382 1682 
388 1688 
393 1693 
399 1699 
404 1704 
410 1710 
416 1716 
421 1721 
427 1727 
433 1733 
439 1739 
445 1744 
450 1749 
456 1749 
462 1749 
467 1749 
473 1749 
478 1749 
484 1749 
489 1749 
494 1749 
500 1749 
505 1749 
510 1749 
516 1749 
521 1749 
526 1749 
531 1749 
537 1749 
542 1749 
547 1749 
552 1749 
557 1749 
562 1749 
567 1749 
572 1749 
577 1749 
582 1749 
587 1749 
592 1749 
597 1749 
602 1749 
607 1749 
612 1749 
617 1749 
622 1749 
627 1749 
632 1749 
637 1749 
642 1749 
647 1749 
652 1749 
657 1749 
662 1749 
667 1744 
672 1738 
677 1732 
682 1727 
687 1721 
692 1716 
697 1711 
702 1706 
707 1701 
713 1697 
718 1692 
723 1688 
728 1683 
734 1679 
739 1675 
744 1671 
750 1667 
755 1663 
761 1660 
766 1656 
772 1653 
777 1650 
783 1647 
789 1644 
794 1641 
800 1638 
806 1635 
811 1633 
817 1631 
823 1628 
829 1626 
835 1624 
840 1622 
846 1620 
852 1618 
858 1617 
864 1615 
870 1614 
876 1613 
882 1612 
888 1610 
894 1610 
901 1609 
907 1608 
913 1607 
919 1607 
925 1606 
932 1606 
938 1606 
944 1606 
950 1606 
957 1606 
963 1606 
970 1606 
976 1607 
982 1607 
989 1608 
995 1609 
1002 1610 
1008 1610 
1015 1611 
1022 1613 
1028 1614 
1035 1615 
1041 1617 
1048 1618 
1055 1620 
1061 1621 
1068 1623 
1075 1625 
1082 1627 
1089 1629 
1095 1631 
1102 1634 
1109 1636 
1116 1638 
1123 1641 
1130 1644 
1137 1646 
1144 1649 
1151 1652 
1158 1655 
1165 1658 
1172 1661 
1179 1665 
1186 1668 
1193 1671 
1200 1675 
1207 1678 
1214 1682 
1221 1686 
1229 1690 
1236 1694 
1243 1698 
1250 1702 
1257 1706 
1265 1710 
1272 1715 
1279 1719 
1287 1724 
1294 1728 
1301 1733 
1309 1738 
1316 1743 
1324 1748 
1331 1749 
1338 1749 
1345 1749 
1352 1749 
1358 1749 
1365 1749 
1371 1749 
1378 1749 
1384 1749 
1390 1749 
1396 1749 
1403 1749 
1409 1749 
1414 1749 
1420 1749 
1426 1749 
1432 1749 
1437 1749 
1443 1749 
1449 1749 
1454 1749 
1460 1749 
1465 1749 
1470 1749 
1476 1749 
1481 1749 
1487 1749 
1492 1749 
1497 1749 
1502 1749 
1508 1749 
1513 1749 
1518 1749 
1523 1749 
1528 1749 
1533 1749 
1538 1749 
1543 1749 
1549 1749 
1554 1749 
1559 1749 
1564 1744 
1569 1738 
1574 1732 
1579 1727 
1584 1721 
1589 1716 
1595 1711 
1600 1706 
1605 1701 
1610 1697 
1616 1692 
1621 1688 
1627 1683 
1632 1679 
1637 1675 
1643 1671 
1648 1667 
1654 1664 
1660 1660 
1665 1656 
1671 1653 
1677 1650 
1682 1647 
1688 1644 
1694 1641 
1699 1638 
1705 1636 
1711 1633 
1717 1631 
1723 1628 
1729 1626 
1735 1624 
1741 1622 
1747 1620 
1753 1619 
1759 1617 
1765 1615 
1771 1614 
1777 1613 
1783 1612 
1789 1611 
1795 1610 
1802 1609 
1808 1608 
1814 1607 
1820 1607 
1827 1606 
1833 1606 
1839 1606 
1846 1606 
1852 1606 
1859 1606 
1865 1606 
1872 1607 
1878 1607 
1885 1607 
1891 1608 
1898 1609 
1904 1610 
