144 2022-06-26
4174 -272 50 
4174 -272 50 
4174 -272 51 
4174 -272 51 
4174 -271 51 
4175 -271 52 
4175 -271 52 
4175 -270 52 
4175 -269 52 
4175 -268 52 
4175 -267 53 
4175 -266 53 
4175 -265 53 
4175 -264 53 
4175 -263 53 
4175 -261 53 
4175 -260 53 
4175 -258 53 
4176 -256 54 
4176 -254 54 
4176 -252 54 
4174 -250 50 
4174 -250 50 
4174 -250 50 
4174 -250 50 
4174 -250 50 
4174 -250 50 
4174 -250 50 
4174 -250 50 
4174 -250 50 
4174 -250 50 
4174 -250 50 
4174 -250 50 
4174 -250 50 
4174 -250 50 
4174 -250 50 
4174 -250 50 
4174 -250 50 
4174 -250 50 
4174 -250 50 
4174 -250 50 
4174 -250 50 
4174 -250 50 
4174 -250 50 
4174 -250 50 
4174 -250 50 
4174 -250 50 
4174 -250 50 
4174 -250 50 
4174 -250 50 
4174 -250 50 
4174 -250 50 
4174 -250 50 
4174 -250 50 
4174 -250 50 
4174 -250 50 
4174 -250 50 
4174 -250 50 
4174 -250 50 
4174 -250 50 
4174 -250 50 
4174 -250 50 
4174 -250 50 
4174 -250 50 
4174 -250 50 
4174 -250 50 
4174 -250 50 
4174 -250 50 
4174 -250 50 
4174 -250 50 
4174 -250 50 
4174 -250 50 
4174 -250 50 
4174 -250 50 
4174 -250 50 
4174 -250 50 
4174 -250 50 
4174 -250 50 
4174 -250 50 
4174 -250 50 
4174 -250 50 
4174 -250 50 
4174 -250 50 
4174 -250 50 
4172 -249 48 
4171 -248 47 
4170 -248 47 
4169 -248 46 
4168 -248 46 
4166 -248 46 
4164 -248 46 
4162 -247 45 
4160 -247 45 
4157 -247 45 
4155 -247 45 
4152 -247 45 
4149 -247 45 
4146 -247 44 
4143 -247 44 
4140 -247 44 
4137 -247 44 
4134 -247 44 
4130 -247 44 
4127 -247 44 
4123 -247 44 
4119 -247 44 
4115 -247 44 
4112 -247 44 
4108 -247 44 
4104 -247 44 
4100 -247 44 
4096 -247 43 
4092 -246 43 
4087 -246 43 
4083 -246 43 
4079 -246 43 
4075 -246 43 
4070 -246 43 
4066 -246 43 
4062 -246 43 
4057 -246 43 
4053 -246 43 
4048 -246 43 
4047 -256 50 
4043 -262 50 
4038 -267 50 
4034 -273 50 
4029 -278 50 
4024 -283 50 
4019 -288 50 
4015 -293 50 
4010 -298 50 
4005 -302 50 
4001 -307 50 
3996 -311 49 
3992 -316 49 
3988 -320 49 
3983 -324 49 
3979 -328 49 
3975 -332 49 
3971 -335 49 
3967 -339 49 
3964 -342 49 
3960 -346 49 
3956 -349 49 
3953 -352 49 
3949 -355 49 
3946 -358 49 
3943 -361 49 
3940 -363 49 
3936 -366 49 
3933 -368 49 
3931 -370 49 
3928 -373 49 
3925 -375 49 
3922 -377 49 
3920 -378 49 
3917 -380 49 
3915 -382 49 
3912 -383 49 
3910 -384 49 
3908 -386 48 
3906 -387 48 
3904 -388 48 
3902 -389 48 
3900 -390 48 
3900 -392 51 
3900 -392 51 
3900 -393 51 
3900 -393 51 
3900 -393 51 
3900 -394 51 
3900 -394 50 
3900 -393 50 
3900 -393 50 
3900 -393 50 
3901 -393 51 
3901 -393 51 
3901 -392 51 
3901 -392 51 
3901 -391 51 
3901 -390 51 
3902 -390 52 
3902 -389 52 
3902 -387 52 
3902 -386 52 
3901 -385 52 
3901 -383 51 
3900 -382 51 
3901 -381 53 
3901 -379 53 
3901 -377 53 
3901 -376 53 
3901 -374 53 
3901 -372 53 
3901 -370 53 
3901 -367 53 
3901 -365 53 
3902 -363 53 
3901 -360 53 
3901 -357 53 
3901 -354 53 
3900 -352 53 
3900 -349 53 
3899 -346 53 
3899 -342 53 
3898 -339 53 
3898 -336 53 
3897 -333 53 
3896 -329 52 
3896 -326 52 
3895 -322 52 
3894 -318 52 
3893 -314 52 
3892 -311 52 
3891 -307 52 
3889 -303 52 
3888 -298 52 
3887 -294 52 
3886 -290 52 
3884 -286 52 
3883 -281 52 
3881 -277 52 
3880 -272 52 
3878 -267 52 
3877 -262 52 
3875 -258 52 
3873 -253 52 
3868 -247 45 
3866 -247 45 
3863 -247 45 
3861 -247 45 
3858 -247 45 
3855 -247 45 
3852 -247 44 
3849 -247 44 
3846 -247 44 
3843 -247 44 
3840 -247 44 
3836 -247 44 
3833 -247 44 
3829 -247 44 
3825 -247 44 
3821 -247 44 
3818 -247 44 
3814 -247 44 
3810 -247 44 
3806 -247 44 
3802 -247 43 
3798 -246 43 
3797 -256 51 
3793 -262 51 
3788 -267 50 
3784 -273 50 
3780 -278 50 
3775 -283 50 
3771 -288 50 
3767 -293 50 
3762 -298 50 
3758 -302 50 
3753 -307 50 
3748 -311 49 
3744 -316 49 
3739 -320 49 
3734 -324 49 
3730 -328 49 
3725 -331 49 
3720 -335 49 
3715 -339 49 
3710 -342 49 
3705 -345 48 
3700 -348 48 
3693 -346 43 
3688 -346 44 
3684 -346 44 
3679 -346 44 
3674 -346 45 
3669 -346 45 
3664 -345 45 
3660 -345 45 
3655 -344 46 
3651 -343 46 
3646 -342 46 
3642 -341 46 
3638 -340 47 
3634 -339 47 
3630 -338 47 
3626 -336 47 
3622 -335 47 
3618 -333 48 
3614 -331 48 
3611 -330 48 
3607 -328 48 
3604 -326 48 
3601 -324 48 
3597 -321 49 
3594 -319 49 
3591 -317 49 
3588 -314 49 
3585 -312 49 
3582 -309 49 
3579 -306 49 
3576 -303 49 
3573 -300 49 
3570 -297 49 
3567 -294 50 
3564 -291 50 
3561 -288 50 
3558 -284 50 
3554 -281 50 
3551 -277 50 
3548 -273 50 
3544 -270 50 
3541 -266 50 
3537 -262 50 
3534 -258 50 
3530 -254 50 
3523 -247 44 
3520 -247 44 
3516 -247 44 
3512 -247 44 
3508 -247 44 
3504 -247 44 
3500 -247 43 
3496 -246 43 
3492 -246 43 
3488 -246 43 
3483 -246 43 
3479 -246 43 
3475 -246 43 
3470 -246 43 
3466 -246 43 
3462 -246 43 
3457 -246 43 
3453 -246 43 
3448 -246 43 
3444 -246 43 
3439 -246 43 
3435 -246 43 
3430 -246 43 
3425 -246 43 
3421 -246 43 
3416 -246 43 
3412 -246 43 
3407 -246 43 
3402 -246 43 
3398 -246 43 
3393 -246 43 
3388 -246 43 
3387 -256 50 
3382 -261 50 
3378 -267 50 
3373 -272 50 
3368 -278 50 
3363 -283 50 
3358 -288 50 
3353 -293 50 
3348 -298 49 
3343 -302 49 
3338 -307 49 
3333 -311 49 
3327 -315 49 
3322 -320 49 
3317 -324 49 
3312 -328 49 
3307 -331 49 
3301 -335 48 
3296 -338 48 
3290 -342 48 
3285 -345 48 
3280 -348 48 
3274 -351 48 
3269 -354 48 
3263 -357 48 
3258 -360 47 
3252 -362 47 
3246 -365 47 
3241 -367 47 
3235 -369 47 
3229 -372 47 
3224 -374 47 
3218 -375 47 
3212 -377 46 
3206 -379 46 
3201 -380 46 
3195 -382 46 
3189 -383 46 
3184 -384 46 
3178 -386 46 
3173 -387 46 
3168 -387 46 
3162 -388 45 
3157 -389 45 
3152 -389 45 
3147 -390 45 
3142 -390 45 
3138 -390 45 
3133 -391 44 
3128 -390 44 
3124 -390 43 
3120 -390 44 
3116 -390 45 
3112 -390 45 
3108 -390 45 
3104 -390 46 
3100 -389 46 
3096 -388 46 
3092 -388 46 
3088 -387 46 
3084 -386 46 
3080 -385 47 
3076 -384 47 
3072 -382 47 
3067 -381 47 
3063 -380 47 
3059 -378 47 
3055 -376 47 
3050 -375 47 
3046 -373 47 
3041 -371 47 
3037 -369 47 
3032 -367 48 
3028 -364 48 
3023 -362 48 
3018 -360 48 
3014 -357 48 
3009 -355 48 
3004 -352 48 
3000 -349 48 
2995 -346 48 
2990 -343 48 
2985 -340 48 
2980 -337 48 
2975 -334 48 
2970 -330 48 
2965 -327 48 
2960 -324 48 
2955 -320 48 
2950 -316 48 
2945 -313 49 
2940 -309 49 
2934 -305 49 
2929 -301 49 
2924 -297 49 
2919 -292 49 
2913 -288 49 
2908 -284 49 
2903 -279 49 
2897 -275 49 
2892 -270 49 
2886 -266 49 
2881 -261 49 
2875 -256 49 
2870 -251 49 
2861 -246 42 
2855 -246 42 
2850 -246 42 
2844 -246 43 
2839 -246 43 
2834 -246 43 
2832 -256 50 
2827 -261 50 
2821 -267 50 
2816 -272 50 
2810 -278 49 
2805 -283 49 
2799 -288 49 
2794 -293 49 
2788 -297 49 
2782 -302 49 
2777 -307 49 
2771 -311 49 
2765 -315 49 
2760 -319 48 
2754 -323 48 
2748 -327 48 
2742 -331 48 
2736 -335 48 
2730 -338 48 
2724 -342 48 
2718 -345 48 
2712 -348 48 
2706 -351 47 
2700 -354 47 
2694 -357 47 
2688 -360 47 
2682 -362 47 
2676 -365 47 
2670 -367 47 
2664 -369 47 
2658 -371 46 
2651 -373 46 
2645 -375 46 
2639 -377 46 
2632 -379 46 
2626 -380 46 
2620 -382 46 
2613 -383 45 
2607 -384 45 
2600 -385 45 
2594 -386 45 
2588 -387 45 
2581 -388 45 
2574 -388 44 
2568 -389 44 
2561 -389 44 
2555 -390 44 
2548 -390 43 
2541 -390 43 
2535 -390 43 
2528 -389 42 
2522 -390 43 
2516 -390 43 
2510 -390 44 
2504 -389 44 
2499 -389 44 
2493 -389 45 
2488 -388 45 
2482 -387 45 
2477 -386 45 
2472 -385 46 
2467 -384 46 
2461 -383 46 
2456 -382 46 
2452 -381 46 
2447 -379 47 
2442 -378 47 
2438 -376 47 
2433 -375 47 
2428 -373 47 
2424 -371 47 
2419 -369 47 
2415 -367 47 
2410 -364 48 
2406 -362 48 
2401 -360 48 
2396 -357 48 
2392 -355 48 
2387 -352 48 
2383 -349 48 
2378 -346 48 
2373 -343 48 
2368 -340 48 
2363 -337 48 
2359 -334 48 
2354 -330 48 
2349 -327 48 
2344 -324 48 
2339 -320 48 
2334 -316 49 
2329 -313 49 
2324 -309 49 
2319 -305 49 
2314 -301 49 
2308 -297 49 
2303 -292 49 
2298 -288 49 
2293 -284 49 
2287 -279 49 
2282 -275 49 
2277 -270 49 
2271 -266 49 
2266 -261 49 
2260 -256 49 
2255 -251 49 
2246 -246 42 
2241 -246 43 
2235 -246 43 
2234 -256 50 
2228 -261 50 
2223 -267 50 
2217 -272 50 
2212 -278 49 
2206 -283 49 
2201 -288 49 
2195 -293 49 
2189 -297 49 
2184 -302 49 
2178 -307 49 
2172 -311 49 
2167 -315 49 
2161 -319 48 
2155 -323 48 
2149 -327 48 
2143 -331 48 
2137 -335 48 
2131 -338 48 
2126 -342 48 
2120 -345 48 
2114 -348 48 
2108 -351 48 
2102 -354 47 
2096 -357 47 
2090 -360 47 
2085 -362 47 
2079 -365 47 
2074 -367 47 
2068 -369 47 
2063 -372 47 
2058 -374 47 
2053 -376 47 
2048 -377 47 
2043 -379 47 
2038 -381 47 
2033 -382 47 
2029 -383 47 
2024 -385 47 
2020 -386 46 
2016 -387 46 
2011 -388 46 
2007 -389 46 
2003 -389 46 
1999 -390 46 
1995 -390 46 
1991 -391 46 
1987 -391 45 
1983 -391 45 
1980 -391 45 
1975 -390 44 
1972 -391 45 
1968 -391 45 
1965 -390 45 
1961 -390 46 
1957 -390 46 
1953 -389 46 
1949 -388 46 
1945 -388 46 
1941 -387 46 
1937 -386 46 
1933 -385 47 
1929 -384 47 
1925 -382 47 
1921 -381 47 
1917 -380 47 
1913 -378 47 
1909 -377 47 
1905 -375 48 
1901 -373 48 
1898 -371 48 
1894 -369 48 
1891 -367 48 
1887 -365 48 
1884 -363 49 
1881 -360 49 
1877 -358 49 
1874 -355 49 
1871 -353 49 
1869 -350 49 
1866 -347 50 
1863 -344 50 
1860 -341 50 
1858 -338 50 
1855 -335 50 
1853 -331 50 
1850 -328 50 
1847 -324 50 
1845 -321 50 
1842 -317 50 
1839 -313 50 
1836 -310 50 
1833 -306 50 
1830 -302 50 
1827 -297 50 
1824 -293 50 
1821 -289 50 
1818 -285 50 
1815 -280 50 
1812 -276 50 
1808 -271 51 
1805 -266 51 
1802 -262 51 
1798 -257 51 
1795 -252 51 
1788 -247 44 
1784 -247 44 
1781 -247 44 
1777 -247 44 
1773 -247 44 
1773 -256 51 
1769 -262 51 
1765 -267 51 
1760 -273 51 
1756 -278 50 
1752 -283 50 
1748 -288 50 
1744 -293 50 
1740 -298 50 
1735 -302 50 
1731 -307 50 
1727 -311 50 
1722 -316 49 
1718 -320 49 
1713 -324 49 
1709 -328 49 
1704 -332 49 
1700 -335 49 
1695 -339 49 
1690 -342 49 
1686 -345 49 
1681 -349 48 
1676 -352 48 
1671 -355 48 
1666 -357 48 
1662 -360 48 
1657 -363 48 
1652 -365 48 
1647 -367 48 
1642 -370 47 
1637 -372 47 
1632 -374 47 
1627 -376 47 
1621 -377 47 
1616 -379 47 
1611 -381 47 
1606 -382 46 
1601 -383 46 
1595 -384 46 
1590 -386 46 
1585 -387 46 
1579 -387 46 
1574 -388 45 
1568 -389 45 
1563 -389 45 
1557 -390 45 
1552 -390 44 
1546 -390 44 
1540 -390 44 
1534 -390 43 
1529 -390 43 
1523 -390 43 
1518 -390 44 
1512 -390 44 
1507 -389 44 
1501 -389 44 
1495 -389 45 
1490 -388 45 
1484 -387 45 
1478 -386 45 
1473 -385 45 
1467 -384 45 
1461 -383 46 
1455 -382 46 
1450 -381 46 
1444 -379 46 
1438 -378 46 
1433 -376 46 
1427 -374 46 
1422 -372 47 
1416 -371 47 
1411 -369 47 
1406 -366 47 
1401 -364 47 
1396 -362 47 
1391 -360 48 
1386 -357 48 
1382 -355 48 
1377 -352 48 
1372 -349 48 
1368 -346 48 
1364 -343 48 
1360 -340 49 
1355 -337 49 
1351 -334 49 
1347 -331 49 
1344 -327 49 
1340 -324 49 
1336 -320 49 
1333 -317 50 
1329 -313 50 
1326 -309 50 
1322 -305 50 
1319 -301 50 
1316 -297 50 
1313 -293 50 
1310 -289 50 
1307 -285 51 
1304 -280 51 
1301 -276 51 
1299 -271 51 
1296 -267 51 
1294 -262 51 
1291 -257 51 
1289 -252 52 
1286 -247 52 
1284 -242 52 
1282 -237 52 
1280 -232 52 
1278 -227 52 
1277 -222 50 
1281 -218 50 
1285 -214 50 
1290 -209 50 
1294 -205 50 
1298 -201 50 
1300 -196 43 
1304 -196 43 
1308 -196 43 
1313 -196 43 
1317 -196 43 
1322 -196 43 
1327 -196 43 
1331 -196 43 
1336 -196 43 
1340 -196 43 
1345 -196 43 
1350 -196 43 
1354 -196 43 
1359 -196 43 
1364 -196 43 
1368 -196 43 
1377 -206 50 
1381 -211 50 
1386 -217 50 
1391 -222 50 
1395 -228 50 
1400 -233 50 
1405 -238 50 
1410 -243 50 
1415 -248 49 
1420 -252 49 
1425 -257 49 
1430 -261 49 
1435 -265 49 
1440 -270 49 
1445 -274 49 
1450 -278 49 
1455 -281 49 
1461 -285 48 
1466 -288 48 
1471 -292 48 
1476 -295 48 
1482 -298 48 
1487 -301 48 
1492 -304 48 
1498 -307 48 
1503 -310 47 
1509 -312 47 
1514 -315 47 
1520 -317 47 
1525 -319 47 
1531 -322 47 
1536 -324 47 
1542 -325 47 
1548 -327 46 
1553 -329 46 
1559 -330 46 
1565 -332 46 
1570 -333 46 
1576 -334 46 
1582 -335 45 
1588 -336 45 
1594 -337 45 
1600 -338 45 
1605 -339 45 
1611 -339 45 
1617 -340 44 
1623 -340 44 
1628 -340 44 
1634 -340 44 
1639 -340 43 
1644 -340 43 
1650 -340 44 
1655 -340 44 
1661 -340 44 
1666 -340 45 
1671 -339 45 
1676 -339 45 
1681 -338 46 
1686 -338 46 
1690 -337 46 
1695 -336 46 
1699 -335 46 
1704 -334 47 
1708 -332 47 
1712 -331 47 
1716 -330 47 
1720 -328 47 
1724 -327 48 
1728 -325 48 
1732 -323 48 
1735 -321 48 
1739 -319 48 
1742 -317 48 
1746 -315 49 
1749 -313 49 
1752 -310 49 
1755 -308 49 
1758 -305 49 
1761 -303 49 
1764 -300 50 
1767 -297 50 
1770 -294 50 
1772 -291 50 
1775 -288 50 
1778 -285 50 
1780 -281 50 
1783 -278 50 
1786 -274 50 
1789 -271 50 
1792 -267 50 
1795 -263 50 
1798 -260 50 
1801 -256 50 
1804 -252 50 
1804 -247 44 
1807 -247 44 
1811 -247 44 
1818 -256 51 
1821 -262 51 
1825 -267 51 
1828 -273 51 
1832 -278 51 
1835 -283 51 
1839 -288 50 
1843 -293 50 
1846 -298 50 
1850 -303 50 
1854 -307 50 
1858 -312 50 
1862 -316 50 
1866 -320 50 
1870 -324 50 
1874 -328 49 
1878 -332 49 
1882 -335 49 
1886 -339 49 
1890 -342 49 
1894 -346 49 
1898 -349 49 
1903 -352 49 
1907 -355 48 
1911 -357 48 
1916 -360 48 
1920 -363 48 
1925 -365 48 
1929 -368 48 
1934 -370 48 
1938 -372 47 
1943 -374 47 
1947 -376 47 
1952 -377 47 
1957 -379 47 
1961 -381 47 
1966 -382 47 
1971 -383 46 
1976 -385 46 
1981 -386 46 
1985 -387 46 
1990 -387 46 
1995 -388 46 
2000 -389 45 
2005 -389 45 
2010 -390 45 
2015 -390 45 
2020 -390 44 
2025 -390 44 
2030 -390 44 
2035 -390 43 
2040 -390 44 
2045 -390 44 
2051 -390 44 
2056 -390 45 
2061 -389 45 
2065 -389 45 
2070 -388 46 
2075 -388 46 
2079 -387 46 
2084 -386 46 
2088 -385 46 
2092 -384 47 
2097 -382 47 
2101 -381 47 
2105 -380 47 
2108 -378 47 
2112 -377 48 
2116 -375 48 
2120 -373 48 
2124 -371 48 
2128 -369 48 
2132 -367 48 
2136 -365 48 
2140 -362 48 
2144 -360 48 
2148 -357 48 
2152 -355 48 
2156 -352 48 
2160 -349 48 
2164 -346 48 
2169 -343 49 
2173 -340 49 
2177 -337 49 
2182 -334 49 
2186 -331 49 
2190 -327 49 
2195 -324 49 
2199 -320 49 
2204 -316 49 
2209 -313 49 
2213 -309 49 
2218 -305 49 
2223 -301 49 
2227 -297 49 
2232 -293 49 
2237 -288 49 
2242 -284 49 
2247 -280 49 
2251 -275 49 
2256 -270 49 
2261 -266 49 
2266 -261 49 
2271 -256 49 
2276 -251 49 
2278 -246 43 
2283 -246 43 
2288 -246 43 
2293 -246 43 
2298 -246 43 
2303 -246 43 
2308 -246 43 
2313 -246 43 
2322 -256 50 
2326 -261 50 
2331 -267 50 
2336 -272 50 
2342 -278 50 
2347 -283 50 
2352 -288 49 
2357 -293 49 
2362 -298 49 
2367 -302 49 
2372 -307 49 
2378 -311 49 
2383 -315 49 
2388 -320 49 
2394 -324 49 
2399 -327 48 
2404 -331 48 
2410 -335 48 
2415 -338 48 
2421 -342 48 
2426 -345 48 
2432 -348 48 
2437 -351 48 
2443 -354 48 
2448 -357 47 
2454 -360 47 
2460 -362 47 
2466 -365 47 
2471 -367 47 
2477 -369 47 
2483 -371 47 
2489 -373 47 
2494 -375 46 
2500 -377 46 
2506 -379 46 
2512 -380 46 
2518 -382 46 
2524 -383 46 
2530 -384 46 
2536 -385 45 
2542 -386 45 
2548 -387 45 
2554 -388 45 
2560 -389 45 
2566 -389 44 
2572 -389 44 
2578 -390 44 
2585 -390 44 
2591 -390 43 
2597 -390 43 
2603 -389 42 
2610 -390 43 
2616 -390 43 
2623 -390 44 
2629 -389 44 
2636 -389 44 
2642 -388 44 
2649 -388 44 
2656 -387 45 
2662 -386 45 
2669 -385 45 
2676 -384 45 
2682 -383 45 
2689 -382 45 
2696 -380 45 
2702 -379 45 
2709 -377 46 
2716 -376 46 
2723 -374 46 
2729 -372 46 
2736 -370 46 
2743 -368 46 
2749 -366 46 
2756 -364 46 
2762 -362 47 
2768 -359 47 
2774 -357 47 
2780 -354 47 
2786 -352 47 
2792 -349 47 
2798 -346 47 
2803 -343 48 
2809 -340 48 
2814 -337 48 
2820 -334 48 
2825 -330 48 
2830 -327 48 
2835 -324 48 
2840 -320 49 
2845 -316 49 
2850 -313 49 
2855 -309 49 
2860 -305 49 
2864 -301 49 
2869 -297 49 
2874 -293 49 
2879 -288 49 
2883 -284 49 
2888 -280 49 
2893 -275 49 
2897 -271 49 
2902 -266 50 
2907 -261 50 
2911 -256 50 
2916 -251 50 
2921 -257 50 
2926 -263 50 
2931 -269 50 
2935 -274 50 
2940 -279 50 
2945 -285 50 
2950 -290 50 
2955 -295 49 
2960 -299 49 
2965 -304 49 
2970 -308 49 
2975 -313 49 
2980 -317 49 
2985 -321 49 
2991 -325 49 
2996 -329 49 
3001 -333 48 
3006 -337 48 
3011 -340 48 
3017 -344 48 
3022 -347 48 
3027 -350 48 
3033 -353 48 
3038 -356 48 
3044 -359 48 
3049 -361 47 
3055 -364 47 
3060 -367 47 
3066 -369 47 
3071 -371 47 
3077 -373 47 
3083 -375 47 
3088 -377 46 
3094 -379 46 
3100 -381 46 
3105 -382 46 
3111 -384 46 
3117 -385 46 
3122 -386 46 
3128 -387 46 
3133 -388 46 
3138 -389 45 
3144 -390 45 
3149 -391 45 
3154 -391 45 
3159 -392 45 
3163 -392 45 
3168 -392 45 
3173 -392 44 
3177 -392 44 
3182 -392 43 
3187 -392 44 
3192 -392 44 
3197 -392 45 
3202 -391 45 
3207 -391 45 
3212 -390 45 
3217 -390 45 
3222 -389 45 
3227 -388 46 
3232 -387 46 
3237 -386 46 
3243 -385 46 
3248 -384 46 
3253 -382 46 
3258 -381 46 
3264 -379 46 
3269 -378 47 
3274 -376 47 
3280 -374 47 
3285 -372 47 
3291 -370 47 
3296 -368 47 
3301 -366 47 
3306 -364 47 
3312 -361 47 
3317 -359 48 
3321 -356 48 
3326 -354 48 
3331 -351 48 
3336 -348 48 
3340 -345 48 
3345 -342 48 
3349 -339 49 
3353 -336 49 
3357 -332 49 
3361 -329 49 
3365 -326 49 
3369 -322 49 
3373 -318 49 
3377 -315 50 
3381 -311 50 
3384 -307 50 
3388 -303 50 
3392 -299 50 
3395 -295 50 
3399 -290 50 
3403 -286 50 
3407 -282 50 
3411 -277 50 
3415 -272 50 
3419 -268 50 
3423 -263 50 
3427 -258 50 
3431 -253 50 
3432 -246 43 
3436 -246 43 
3440 -246 43 
3444 -246 43 
3448 -246 43 
3456 -256 51 
3461 -262 50 
3465 -267 50 
3469 -273 50 
3474 -278 50 
3478 -283 50 
3483 -288 50 
3487 -293 50 
3492 -298 50 
3496 -302 50 
3501 -307 49 
3506 -311 49 
3510 -316 49 
3515 -320 49 
3520 -324 49 
3525 -328 49 
3529 -331 49 
3534 -335 49 
3539 -339 49 
3544 -342 48 
3549 -345 48 
3554 -348 48 
3556 -346 43 
3561 -347 44 
3566 -347 44 
3571 -346 45 
3576 -346 45 
3581 -346 45 
3585 -345 46 
3589 -345 46 
3594 -344 46 
3598 -343 46 
3602 -342 47 
3606 -341 47 
3610 -340 47 
3614 -339 47 
3618 -338 47 
3621 -336 48 
3625 -335 48 
3629 -333 48 
3632 -331 48 
3635 -330 48 
3639 -328 48 
3642 -326 49 
3645 -324 49 
3648 -322 49 
3651 -319 49 
3653 -317 49 
3656 -314 49 
3659 -312 50 
3661 -309 50 
3664 -307 50 
3666 -304 50 
3669 -301 50 
3671 -298 50 
3673 -295 50 
3675 -291 50 
3678 -288 51 
3680 -285 51 
3682 -281 51 
3685 -278 51 
3687 -274 51 
3690 -270 51 
3692 -266 51 
3695 -262 51 
3697 -258 51 
3700 -254 51 
3699 -247 45 
3702 -247 44 
3705 -247 44 
3708 -247 44 
3711 -247 44 
3715 -247 44 
3718 -247 44 
3721 -247 44 
3725 -247 44 
3728 -247 44 
3732 -247 44 
3736 -247 44 
3740 -247 44 
3744 -247 44 
3748 -247 44 
3752 -246 43 
3756 -247 43 
3760 -246 43 
3768 -256 51 
3772 -262 51 
3776 -267 50 
3780 -273 50 
3784 -278 50 
3789 -283 50 
3793 -288 50 
3797 -293 50 
3802 -298 50 
3806 -302 50 
3811 -307 50 
3815 -311 49 
3820 -316 49 
3824 -320 49 
3829 -324 49 
3834 -328 49 
3838 -331 49 
3843 -335 49 
3848 -339 49 
3853 -342 48 
3857 -345 48 
3862 -348 48 
3865 -346 43 
3870 -347 44 
3875 -347 44 
3880 -346 44 
3886 -346 45 
3891 -346 45 
3896 -345 45 
3901 -344 45 
3906 -344 45 
3912 -343 46 
3917 -342 46 
3922 -341 46 
3927 -340 46 
3932 -339 46 
3937 -337 47 
3942 -336 47 
3946 -334 47 
3951 -333 47 
3955 -331 47 
3960 -329 47 
3964 -327 48 
3968 -325 48 
3972 -323 48 
3976 -321 48 
3980 -319 48 
3984 -316 48 
3988 -314 49 
3991 -311 49 
3995 -309 49 
3998 -306 49 
4002 -303 49 
4005 -300 49 
4008 -297 49 
4012 -294 50 
4015 -291 50 
4018 -288 50 
4020 -284 50 
4023 -281 50 
4026 -277 50 
4029 -274 50 
4031 -270 51 
4034 -266 51 
4036 -262 51 
4039 -258 51 
4041 -254 51 
4041 -247 45 
4043 -247 45 
4046 -247 44 
4049 -247 44 
4052 -247 44 
4055 -247 44 
4059 -247 44 
4062 -247 44 
4066 -247 44 
4069 -247 44 
4073 -247 44 
4076 -247 44 
4080 -247 44 
4084 -247 44 
4088 -247 44 
4092 -247 44 
4096 -246 43 
4100 -246 43 
4104 -246 43 
4108 -246 43 
4113 -246 43 
4117 -246 43 
4121 -246 43 
4125 -247 44 
4129 -247 44 
4132 -247 45 
4134 -247 45 
4136 -248 45 
4138 -248 46 
4139 -248 47 
4140 -248 47 
4141 -249 48 
4141 -249 49 
4140 -249 48 
4139 -248 47 
4138 -248 47 
4137 -248 46 
4135 -248 46 
4134 -248 46 
4132 -248 46 
4130 -247 45 
4127 -247 45 
4125 -247 45 
4122 -247 45 
4120 -247 45 
4117 -247 45 
4114 -247 44 
4111 -247 44 
4108 -247 44 
4105 -247 44 
4101 -247 44 
4098 -247 44 
4094 -247 44 
4090 -247 44 
4087 -247 44 
4083 -247 44 
4079 -247 44 
4075 -247 44 
4071 -247 44 
4067 -247 43 
4063 -246 43 
4059 -247 43 
4055 -246 43 
4051 -246 43 
4046 -246 43 
4042 -246 43 
4038 -246 43 
4033 -246 43 
4029 -246 43 
4028 -256 50 
4024 -262 50 
4019 -267 50 
4015 -273 50 
4010 -278 50 
4006 -283 50 
4001 -288 50 
3997 -293 50 
3993 -298 50 
3988 -303 50 
3984 -307 50 
3980 -312 50 
3976 -316 50 
3973 -320 50 
3969 -324 50 
3965 -328 50 
3962 -332 50 
3958 -336 50 
3955 -339 50 
3952 -343 50 
3948 -346 50 
3945 -349 50 
3942 -352 50 
3939 -355 50 
3936 -358 50 
3934 -361 49 
3931 -363 49 
3928 -366 49 
3926 -368 49 
3923 -371 49 
3920 -373 49 
3918 -375 49 
3915 -376 49 
3912 -378 49 
3909 -380 48 
3906 -381 48 
3903 -383 48 
3900 -384 48 
3901 -388 52 
3901 -389 52 
3901 -390 52 
3901 -390 52 
3901 -391 52 
3900 -392 51 
3900 -392 51 
3900 -393 51 
3900 -393 51 
3900 -393 51 
3900 -394 51 
3900 -394 50 
3900 -393 50 
3900 -393 50 
3900 -393 50 
3901 -393 51 
3901 -393 51 
3901 -392 51 
3901 -392 52 
3901 -391 51 
3901 -390 51 
3901 -389 51 
3901 -388 51 
3901 -388 52 
3901 -386 52 
3901 -385 52 
3901 -384 52 
3901 -382 52 
3901 -381 53 
3901 -379 53 
3901 -377 53 
3901 -376 53 
3901 -374 53 
3901 -372 53 
3901 -370 53 
3901 -367 53 
3901 -365 53 
3902 -363 53 
3902 -360 54 
3902 -357 54 
3902 -355 54 
3902 -352 54 
3902 -349 54 
3902 -346 54 
3902 -343 53 
3902 -340 53 
3902 -336 53 
3903 -333 53 
3903 -329 53 
3903 -326 53 
3904 -322 53 
3905 -318 53 
3905 -315 53 
3906 -311 53 
3907 -307 53 
3908 -303 53 
3909 -299 53 
3910 -294 53 
3911 -290 53 
3912 -286 53 
3913 -281 53 
3914 -277 53 
3915 -272 53 
3917 -267 53 
3918 -263 53 
3919 -258 53 
3921 -253 53 
3922 -248 52 
3924 -243 52 
3926 -237 52 
3927 -232 52 
3929 -227 52 
3931 -221 52 
3933 -216 52 
3935 -210 52 
3937 -205 52 
3939 -199 52 
3941 -193 52 
3943 -187 52 
3945 -181 52 
3947 -175 52 
3949 -169 52 
3953 -165 56 
3937 -166 47 
3926 -172 47 
3916 -177 47 
3905 -183 47 
3903 -193 56 
3903 -198 56 
3903 -203 56 
3903 -208 56 
3903 -213 56 
3903 -217 56 
3903 -222 56 
3903 -226 56 
3903 -231 55 
3903 -235 55 
3903 -239 55 
3903 -242 55 
3903 -246 54 
3903 -250 54 
3903 -253 54 
3903 -256 53 
3903 -260 53 
3904 -263 53 
3904 -266 53 
3904 -269 52 
3905 -271 52 
3906 -274 52 
3906 -277 52 
3907 -279 52 
3908 -281 51 
3909 -283 51 
3910 -286 51 
3910 -287 51 
3912 -289 51 
3913 -291 50 
3914 -293 50 
3915 -294 50 
3916 -296 50 
3917 -297 49 
3919 -298 49 
3920 -299 49 
3922 -300 49 
3923 -301 49 
3925 -302 48 
3926 -302 48 
3928 -303 48 
3930 -303 48 
3931 -303 47 
3933 -304 47 
3935 -304 47 
3937 -303 46 
3938 -303 45 
3941 -303 46 
3943 -303 46 
3946 -303 47 
3948 -303 47 
3950 -302 47 
3953 -302 47 
3955 -301 47 
3958 -300 47 
3960 -299 48 
3963 -299 48 
3966 -297 48 
3968 -296 48 
3971 -295 48 
3974 -294 48 
3977 -292 48 
3980 -291 48 
3983 -289 48 
3986 -287 48 
3989 -285 48 
3992 -283 49 
3995 -281 49 
3998 -279 49 
4001 -277 49 
4004 -275 49 
4007 -272 49 
4010 -270 49 
4013 -267 49 
4016 -265 50 
4018 -262 50 
4021 -259 50 
4023 -256 50 
4026 -253 50 
4028 -250 50 
4028 -247 45 
4029 -248 46 
4031 -248 46 
4032 -248 47 
4032 -249 48 
4033 -249 49 
4032 -249 48 
4031 -248 47 
4030 -248 47 
4029 -248 46 
4031 -257 53 
4030 -263 53 
4028 -268 53 
4026 -274 53 
4025 -279 53 
4023 -284 53 
4022 -289 53 
4021 -294 53 
4019 -299 53 
4018 -304 53 
4017 -309 53 
4016 -313 53 
4015 -317 53 
4014 -322 53 
4014 -326 53 
4013 -330 53 
4012 -333 53 
4011 -337 53 
4011 -341 53 
4010 -344 53 
4010 -348 53 
4010 -351 53 
4010 -354 53 
4009 -357 53 
4009 -360 53 
4009 -363 54 
4009 -366 54 
4009 -368 54 
4009 -370 53 
4009 -372 53 
4009 -374 52 
4009 -376 52 
4010 -378 52 
4010 -380 52 
4010 -381 51 
4011 -383 51 
4011 -384 51 
4012 -385 51 
4012 -387 50 
4013 -388 50 
4014 -389 50 
4014 -389 50 
4015 -390 49 
4016 -391 49 
4017 -391 49 
4018 -392 48 
4019 -392 48 
4020 -392 48 
4021 -392 47 
4022 -392 47 
4023 -391 46 
4025 -392 47 
4027 -392 47 
4028 -391 47 
4030 -391 48 
4032 -391 48 
4034 -390 48 
4036 -389 48 
4037 -389 48 
4039 -388 48 
4041 -387 48 
4043 -386 48 
4045 -385 49 
4048 -383 49 
4050 -382 49 
4052 -381 49 
4054 -379 49 
4057 -377 49 
4059 -375 49 
4061 -374 49 
4064 -372 49 
4066 -370 49 
4069 -367 49 
4072 -365 49 
4074 -363 49 
4077 -360 49 
4080 -358 49 
4082 -355 49 
4085 -353 49 
4088 -350 49 
4091 -347 49 
4094 -344 50 
4097 -341 50 
4102 -340 54 
4102 -337 54 
4102 -333 54 
4102 -330 54 
4087 -332 47 
4076 -338 47 
4066 -343 47 
4055 -349 47 
4044 -354 47 
4034 -359 47 
4023 -364 47 
4012 -369 46 
4002 -374 46 
3991 -379 46 
3981 -383 46 
3970 -388 46 
3959 -392 46 
3949 -396 46 
3938 -400 46 
3928 -404 46 
3917 -408 46 
3907 -412 46 
3902 -420 54 
3902 -423 54 
3902 -426 54 
3902 -430 54 
3902 -433 54 
3902 -436 54 
3902 -438 54 
3902 -441 54 
3902 -444 54 
3902 -446 54 
3901 -448 53 
3901 -450 53 
3901 -453 53 
3902 -454 52 
3902 -456 52 
3902 -458 52 
3902 -459 51 
3903 -461 51 
3903 -462 51 
3904 -464 51 
3904 -465 50 
3905 -466 50 
3905 -467 50 
3906 -468 50 
3907 -468 49 
3908 -469 49 
3909 -469 49 
3910 -470 49 
3911 -470 48 
3912 -470 48 
3913 -470 47 
3914 -470 47 
3915 -470 46 
3917 -470 47 
3918 -470 47 
3920 -470 47 
3922 -469 48 
3923 -469 48 
3925 -468 48 
3926 -468 48 
3928 -467 49 
3930 -466 49 
3931 -465 49 
3932 -464 49 
3934 -463 50 
3935 -462 50 
3936 -461 50 
3937 -459 50 
3938 -458 50 
3939 -456 51 
3940 -455 51 
3941 -453 51 
3942 -451 51 
3943 -449 51 
3943 -447 51 
3944 -444 52 
3945 -442 52 
3946 -440 52 
3946 -437 52 
3947 -435 52 
3948 -432 52 
3949 -429 52 
3950 -426 52 
3951 -423 52 
3952 -420 52 
3954 -417 52 
3955 -414 52 
3956 -410 52 
3958 -407 52 
3959 -403 52 
3960 -400 52 
3962 -396 52 
3964 -392 52 
3965 -388 52 
3967 -384 52 
3969 -380 52 
3971 -376 52 
3972 -372 52 
3974 -368 52 
3976 -363 52 
3978 -359 52 
3980 -354 52 
3982 -350 52 
3985 -345 52 
3987 -340 52 
3989 -335 52 
3991 -330 52 
3994 -325 52 
3996 -320 52 
3999 -315 52 
4001 -310 52 
4004 -304 52 
4006 -299 52 
4009 -294 52 
4012 -288 52 
4015 -282 52 
4017 -277 52 
4020 -271 52 
4023 -265 52 
4026 -259 52 
4029 -253 52 
4028 -247 44 
4031 -247 44 
4035 -247 44 
4038 -247 44 
4041 -247 44 
4045 -247 44 
4052 -256 51 
4055 -262 51 
4058 -268 51 
4062 -273 51 
4065 -278 51 
4068 -284 51 
4071 -289 51 
4074 -293 51 
4077 -298 51 
4080 -303 51 
4083 -307 51 
4087 -312 51 
4090 -316 50 
4093 -320 50 
4096 -324 50 
4099 -328 50 
4102 -334 55 
4102 -338 55 
4102 -342 54 
4102 -345 54 
4102 -348 54 
4102 -351 54 
4102 -355 54 
4102 -357 54 
4102 -360 54 
4102 -363 54 
4102 -366 54 
4102 -368 54 
4101 -370 53 
4101 -373 53 
4101 -375 53 
4101 -377 53 
4101 -379 53 
4101 -380 53 
4101 -382 53 
4101 -384 53 
4101 -385 52 
4101 -386 52 
4101 -388 52 
4101 -389 52 
4101 -390 52 
4101 -390 52 
4100 -391 51 
4100 -392 51 
4100 -392 50 
4101 -392 50 
4101 -393 50 
4101 -393 49 
4101 -393 49 
4102 -392 48 
4102 -392 47 
4103 -392 48 
4104 -392 48 
4105 -392 49 
4105 -392 49 
4106 -391 49 
4107 -391 49 
4109 -390 49 
4108 -398 46 
4109 -398 46 
4111 -398 46 
4112 -398 46 
4114 -397 45 
4120 -407 52 
4122 -413 52 
4124 -418 52 
4126 -423 52 
4129 -429 52 
4131 -434 52 
4133 -439 52 
4136 -444 51 
4138 -449 51 
4141 -453 51 
4143 -458 51 
4146 -462 51 
4148 -466 51 
4151 -470 51 
4154 -475 51 
4157 -478 50 
4159 -482 50 
4162 -486 50 
4165 -489 50 
4168 -493 50 
4171 -496 50 
4174 -499 50 
4177 -502 50 
4180 -505 49 
4183 -508 49 
4186 -511 49 
4189 -513 49 
4192 -516 49 
4195 -518 49 
4197 -520 49 
4200 -523 49 
4203 -525 49 
4205 -527 49 
4207 -528 49 
4210 -530 49 
4212 -532 49 
4214 -533 49 
4216 -535 49 
4218 -536 49 
4220 -537 49 
4222 -538 49 
4223 -539 48 
4225 -540 48 
4227 -540 48 
4228 -541 48 
4229 -541 48 
4231 -542 48 
4232 -542 48 
4233 -542 47 
4234 -542 47 
4235 -542 47 
4236 -542 47 
4238 -542 48 
4239 -542 48 
4240 -542 49 
4241 -541 49 
4242 -541 49 
4242 -540 50 
4243 -540 50 
4244 -539 50 
4244 -538 51 
4245 -537 51 
4245 -536 51 
4246 -535 52 
4246 -534 52 
4246 -532 52 
4246 -531 53 
4246 -529 53 
4246 -527 53 
4246 -525 52 
4246 -523 52 
4245 -521 52 
4245 -519 52 
4245 -517 52 
4244 -514 52 
4243 -512 52 
4243 -509 52 
4242 -507 52 
4241 -504 52 
4241 -501 52 
4240 -498 52 
4239 -495 52 
4238 -492 52 
4237 -489 52 
4236 -486 52 
4235 -482 52 
4234 -479 52 
4232 -475 52 
4231 -472 52 
4230 -468 52 
4228 -464 52 
4227 -460 52 
4225 -456 52 
4224 -452 52 
4222 -448 52 
4220 -444 52 
4219 -440 52 
4217 -435 52 
4215 -431 52 
4213 -426 52 
4211 -422 52 
4209 -417 52 
4207 -412 52 
4205 -407 52 
4203 -402 52 
4197 -397 45 
4198 -407 52 
4196 -412 52 
4193 -418 52 
4190 -423 52 
4188 -429 52 
4185 -434 51 
4182 -439 51 
4179 -444 51 
4176 -448 51 
4173 -453 51 
4170 -458 51 
4167 -462 51 
4164 -466 51 
4161 -470 50 
4158 -474 50 
4155 -478 50 
4152 -482 50 
4148 -486 50 
4145 -489 50 
4141 -493 50 
4138 -496 49 
4135 -499 49 
4131 -502 49 
4127 -505 49 
4124 -508 49 
4120 -510 49 
4116 -513 49 
4113 -516 49 
4109 -518 48 
4105 -520 48 
4101 -522 48 
4097 -524 48 
4093 -526 48 
4089 -528 48 
4085 -529 47 
4081 -531 47 
4077 -532 47 
4073 -534 47 
4069 -535 47 
4065 -536 47 
4060 -537 46 
4056 -538 46 
4052 -539 46 
4047 -539 46 
4043 -540 46 
4038 -540 45 
4034 -540 45 
4029 -541 45 
4025 -541 45 
4020 -540 44 
4015 -540 43 
4011 -540 44 
4006 -540 44 
4002 -540 45 
3997 -540 45 
3993 -539 45 
3988 -539 45 
3983 -538 45 
3979 -537 46 
3974 -537 46 
3969 -536 46 
3964 -535 46 
3959 -533 46 
3954 -532 46 
3949 -531 46 
3944 -529 46 
3939 -528 47 
3934 -526 47 
3929 -524 47 
3924 -523 47 
3919 -521 47 
3914 -519 47 
3909 -516 47 
3903 -514 47 
3898 -512 47 
3893 -509 47 
3887 -507 47 
3882 -504 47 
3877 -502 47 
3871 -499 48 
3866 -496 48 
3860 -493 48 
3855 -490 48 
3849 -487 48 
3844 -484 48 
3838 -480 48 
3832 -477 48 
3827 -473 48 
3821 -470 48 
3815 -466 48 
3809 -462 48 
3804 -458 48 
3798 -455 48 
3792 -451 48 
3783 -446 42 
3778 -446 42 
3772 -446 42 
3766 -446 42 
3761 -446 42 
3755 -446 42 
3750 -446 42 
3744 -446 42 
3739 -446 43 
3733 -446 43 
3728 -446 43 
3723 -446 43 
3717 -446 43 
3712 -446 43 
3707 -446 43 
3702 -446 43 
3697 -446 43 
3691 -446 43 
3686 -446 43 
3681 -446 43 
3680 -456 50 
3674 -461 50 
3669 -467 50 
3664 -472 50 
3659 -478 50 
3653 -483 49 
3648 -488 49 
3643 -493 49 
3637 -497 49 
3632 -502 49 
3626 -507 49 
3621 -511 49 
3615 -515 49 
3610 -519 49 
3604 -523 48 
3598 -527 48 
3593 -531 48 
3587 -535 48 
3581 -538 48 
3576 -542 48 
3570 -545 48 
3564 -548 48 
3558 -551 48 
3552 -554 47 
3546 -557 47 
3540 -560 47 
3535 -562 47 
3529 -565 47 
3523 -567 47 
3517 -569 47 
3511 -571 47 
3504 -573 46 
3498 -575 46 
3492 -577 46 
3486 -579 46 
3480 -580 46 
3474 -582 46 
3467 -583 46 
3461 -584 45 
3455 -585 45 
3449 -586 45 
3442 -587 45 
3436 -588 45 
3429 -589 45 
3423 -589 44 
3417 -589 44 
3410 -590 44 
3403 -590 44 
3397 -590 43 
3390 -590 43 
3383 -589 42 
3377 -590 43 
3371 -590 43 
3365 -590 44 
3358 -589 44 
3352 -589 44 
3345 -588 44 
3339 -588 44 
3332 -587 44 
3325 -586 45 
3319 -585 45 
3312 -584 45 
3306 -583 45 
3299 -582 45 
3292 -580 45 
3285 -579 45 
3279 -577 45 
3272 -576 46 
3265 -574 46 
3258 -572 46 
3251 -570 46 
3244 -568 46 
3238 -566 46 
3231 -564 46 
3224 -561 46 
3217 -559 46 
3210 -556 46 
3203 -554 46 
3196 -551 46 
3189 -548 47 
3179 -546 42 
3172 -546 42 
3166 -546 42 
3159 -546 42 
3153 -546 42 
3147 -546 42 
3140 -546 42 
3134 -546 42 
3128 -546 42 
3122 -546 42 
3116 -546 42 
3110 -546 42 
3104 -546 42 
3099 -546 42 
3093 -546 42 
3087 -546 42 
3082 -546 42 
3076 -546 42 
3071 -546 42 
3065 -546 42 
3060 -546 43 
3054 -546 43 
3049 -546 43 
3044 -546 43 
3038 -546 43 
3033 -546 43 
3028 -546 43 
3023 -546 43 
3017 -546 43 
3012 -546 43 
3007 -546 43 
3002 -546 43 
3000 -556 50 
2995 -561 50 
2990 -567 50 
2985 -572 50 
2979 -578 50 
2974 -583 49 
2969 -588 49 
2963 -593 49 
2958 -597 49 
2952 -602 49 
2947 -607 49 
2941 -611 49 
2936 -615 49 
2930 -619 49 
2925 -623 48 
2927 -630 55 
2927 -633 55 
2927 -635 54 
2927 -637 54 
2927 -639 53 
2926 -640 53 
2926 -641 53 
2926 -642 52 
2926 -642 52 
2926 -643 52 
2925 -643 51 
2925 -643 51 
2925 -643 51 
2925 -643 50 
2925 -643 50 
2925 -643 51 
2925 -643 51 
2925 -642 51 
2925 -642 51 
2925 -642 51 
2926 -641 51 
2926 -641 52 
2926 -640 52 
2926 -640 52 
2926 -639 52 
2926 -639 52 
2926 -638 52 
2926 -638 52 
2926 -637 52 
2926 -636 52 
2925 -635 51 
2925 -635 51 
2925 -634 51 
2926 -633 51 
2926 -632 51 
2926 -632 51 
2926 -631 50 
2926 -630 50 
2927 -630 50 
2927 -629 50 
2927 -628 50 
2928 -627 50 
2928 -626 50 
2929 -625 50 
2930 -624 50 
2930 -622 50 
2931 -621 50 
2932 -620 50 
2933 -618 50 
2934 -616 51 
2935 -615 51 
2936 -613 51 
2937 -611 51 
2938 -609 51 
2939 -607 51 
2941 -604 51 
2942 -602 51 
2943 -599 51 
2945 -597 51 
2946 -594 51 
2948 -592 51 
2950 -589 51 
2951 -586 51 
2953 -583 51 
2955 -580 51 
2956 -577 51 
2958 -573 51 
2960 -570 51 
2962 -567 51 
2964 -563 51 
2966 -560 51 
2968 -556 51 
2971 -552 51 
2970 -547 45 
2972 -547 45 
2975 -547 45 
2978 -547 44 
2981 -547 44 
2984 -547 44 
2987 -547 44 
2990 -547 44 
2993 -547 44 
2997 -547 44 
3000 -547 44 
3004 -547 44 
3007 -547 44 
3011 -547 44 
3015 -547 44 
3019 -547 44 
3023 -547 44 
3027 -547 43 
3031 -546 43 
3035 -547 43 
3039 -546 43 
3043 -546 43 
3047 -546 43 
3052 -546 43 
3056 -546 43 
3060 -546 43 
3065 -546 43 
3069 -546 43 
3073 -546 43 
3078 -546 43 
3082 -546 43 
3087 -546 43 
3091 -546 43 
3096 -546 43 
3101 -546 43 
3105 -546 43 
3110 -546 43 
3114 -546 43 
3119 -546 43 
3124 -546 43 
3128 -546 43 
3133 -546 43 
3138 -546 43 
3142 -546 43 
3147 -546 43 
3152 -546 43 
3157 -546 43 
3161 -546 43 
3166 -546 43 
3171 -546 43 
3176 -546 43 
3180 -546 43 
3185 -546 43 
3190 -546 43 
3195 -546 43 
3199 -546 43 
3204 -546 43 
3209 -546 43 
3214 -546 43 
3219 -546 43 
3223 -546 43 
3228 -546 43 
3233 -546 43 
3238 -546 43 
3243 -546 43 
3248 -546 43 
3252 -546 43 
3257 -546 43 
3262 -546 43 
3267 -546 43 
3272 -546 43 
3276 -546 43 
3281 -546 43 
3286 -546 43 
3291 -546 43 
3296 -546 43 
3301 -546 43 
3306 -546 43 
3310 -546 43 
3315 -546 43 
3320 -546 43 
3325 -546 43 
3330 -546 43 
3335 -546 43 
3340 -547 44 
3345 -547 44 
3350 -546 45 
3355 -546 45 
3360 -546 45 
3365 -545 45 
3370 -545 45 
3376 -544 45 
3381 -543 46 
3386 -542 46 
3391 -541 46 
3396 -540 46 
3402 -539 46 
3407 -537 46 
3412 -536 46 
3418 -534 46 
3423 -533 47 
3428 -531 47 
3433 -529 47 
3438 -527 47 
3443 -525 47 
3448 -523 47 
3453 -521 47 
3458 -519 48 
3463 -516 48 
3467 -514 48 
3472 -511 48 
3476 -509 48 
3480 -506 48 
3485 -503 49 
3489 -500 49 
3493 -497 49 
3497 -494 49 
3501 -491 49 
3504 -487 49 
3508 -484 49 
3512 -481 50 
3515 -477 50 
3519 -474 50 
3522 -470 50 
3525 -466 50 
3528 -462 50 
3531 -458 50 
3534 -454 50 
3534 -447 44 
3537 -447 45 
3539 -447 45 
3541 -448 46 
3542 -448 46 
3543 -448 47 
3544 -449 48 
3544 -449 49 
3544 -449 48 
3543 -448 47 
3542 -448 47 
3541 -448 46 
3539 -448 46 
3537 -448 46 
3536 -448 46 
3534 -447 45 
3531 -447 45 
3529 -447 45 
3527 -447 45 
3524 -447 45 
3521 -447 45 
3518 -447 44 
3515 -447 44 
3512 -447 44 
3509 -447 44 
3505 -447 44 
3506 -456 51 
3502 -462 51 
3499 -467 51 
3495 -473 51 
3491 -478 51 
3488 -483 51 
3484 -488 51 
3480 -493 50 
3476 -498 50 
3473 -503 50 
3469 -507 50 
3465 -512 50 
3461 -516 50 
3457 -520 50 
3453 -524 50 
3449 -528 49 
3445 -532 49 
3441 -535 49 
3436 -539 49 
3432 -542 49 
3428 -546 49 
3424 -549 49 
3419 -552 49 
3415 -555 48 
3410 -557 48 
3406 -560 48 
3402 -563 48 
3397 -565 48 
3392 -568 48 
3388 -570 48 
3383 -572 48 
3379 -574 47 
3374 -576 47 
3369 -577 47 
3364 -579 47 
3360 -581 47 
3355 -582 47 
3350 -583 46 
3345 -585 46 
3340 -586 46 
3335 -587 46 
3330 -587 46 
3325 -588 46 
3320 -589 45 
3315 -589 45 
3309 -590 45 
3304 -590 45 
3299 -590 44 
3294 -590 44 
3288 -590 44 
3283 -590 43 
3278 -590 44 
3273 -590 44 
3268 -590 44 
3262 -590 45 
3257 -589 45 
3252 -589 45 
3246 -588 45 
3241 -587 45 
3236 -586 45 
3230 -585 45 
3225 -584 46 
3219 -583 46 
3214 -582 46 
3208 -581 46 
3202 -579 46 
3197 -578 46 
3191 -576 46 
3185 -574 46 
3180 -572 46 
3174 -570 47 
3168 -568 47 
3162 -566 47 
3157 -564 47 
3151 -562 47 
3145 -559 47 
3139 -557 47 
3133 -554 47 
3127 -551 47 
3121 -549 47 
3112 -546 42 
3107 -546 42 
3101 -546 42 
3095 -546 42 
3089 -546 42 
3084 -546 42 
3078 -546 42 
3073 -546 42 
3067 -546 42 
3062 -546 42 
3056 -546 43 
3051 -546 43 
3045 -546 43 
3040 -546 43 
3035 -546 43 
3029 -546 43 
3024 -546 43 
3019 -546 43 
3014 -546 43 
3009 -546 43 
3003 -546 43 
2998 -546 43 
2993 -546 43 
2988 -546 43 
2983 -546 43 
2978 -546 43 
2973 -546 43 
2968 -546 43 
2963 -546 43 
2958 -546 43 
2953 -547 44 
2948 -547 44 
2943 -546 44 
2938 -546 45 
2933 -546 45 
2928 -545 45 
2923 -544 45 
2918 -544 45 
2913 -543 45 
2907 -542 46 
2902 -541 46 
2897 -540 46 
2892 -538 46 
2886 -537 46 
2881 -536 46 
2875 -534 46 
2870 -532 46 
2864 -531 46 
2859 -529 47 
2853 -527 47 
2848 -525 47 
2842 -523 47 
2836 -521 47 
2831 -518 47 
2825 -516 47 
2819 -513 47 
2814 -511 47 
2808 -508 47 
2802 -505 47 
2796 -502 47 
2790 -499 47 
2784 -496 47 
2778 -493 48 
2773 -490 48 
2767 -487 48 
2761 -483 48 
2755 -480 48 
2748 -476 48 
2742 -473 48 
2736 -469 48 
2730 -465 48 
2724 -461 48 
2718 -457 48 
2712 -453 48 
2705 -449 48 
2699 -444 48 
2693 -440 48 
2687 -436 48 
2680 -431 48 
2674 -427 48 
2667 -422 48 
2661 -417 48 
2655 -412 48 
2648 -407 49 
2642 -402 49 
2635 -397 49 
2629 -392 49 
2622 -387 49 
2616 -382 49 
2609 -376 49 
2602 -371 49 
2596 -365 49 
2589 -360 49 
2583 -354 49 
2576 -348 49 
2569 -342 49 
2562 -336 49 
2556 -330 49 
2549 -324 49 
2542 -318 49 
2535 -312 49 
2528 -305 49 
2522 -299 49 
2515 -293 49 
2508 -286 49 
2501 -279 49 
2494 -273 49 
2487 -266 49 
2480 -259 49 
2473 -252 49 
2466 -245 49 
2459 -238 49 
2452 -231 50 
2453 -228 57 
2453 -221 57 
2453 -213 57 
2453 -206 57 
2453 -198 57 
2453 -191 57 
2453 -183 57 
2453 -176 57 
2453 -168 57 
2459 -169 47 
2470 -174 47 
2481 -180 47 
2492 -185 47 
2503 -191 47 
2514 -196 46 
2525 -201 46 
2536 -206 46 
2546 -211 46 
2557 -215 46 
2568 -220 46 
2579 -224 46 
2590 -229 46 
2601 -233 46 
2612 -237 46 
2622 -241 46 
2633 -244 45 
2644 -248 45 
2655 -252 45 
2666 -255 45 
2677 -258 45 
2687 -262 45 
2698 -265 45 
2709 -268 45 
2720 -270 45 
2730 -273 45 
2741 -276 45 
2752 -278 44 
2763 -280 44 
2774 -283 44 
2784 -285 44 
2795 -287 44 
2806 -289 44 
2817 -290 44 
2827 -292 44 
2838 -294 43 
2849 -295 43 
2859 -296 43 
2870 -298 43 
2881 -299 43 
2891 -300 43 
2902 -301 43 
2913 -301 42 
2923 -302 42 
2934 -303 42 
2945 -303 42 
2955 -303 42 
2965 -303 41 
2976 -304 41 
2986 -303 41 
2995 -303 40 
3006 -303 41 
3016 -303 41 
3026 -303 42 
3035 -303 42 
3045 -303 42 
3055 -302 43 
3064 -302 43 
3073 -301 43 
3082 -300 43 
3091 -299 44 
3100 -298 44 
3109 -297 44 
3118 -296 44 
3126 -294 44 
3135 -293 44 
3144 -291 45 
3152 -290 45 
3161 -288 45 
3169 -286 45 
3177 -284 45 
3186 -282 45 
3194 -280 45 
3202 -278 45 
3211 -276 45 
3219 -273 46 
3228 -271 46 
3236 -268 46 
3244 -265 46 
3253 -263 46 
3261 -260 46 
3270 -257 46 
3278 -254 46 
3287 -251 46 
3295 -247 46 
3304 -244 46 
3309 -245 41 
3318 -245 41 
3326 -245 41 
3334 -245 41 
3341 -245 41 
3349 -245 41 
3356 -245 41 
3364 -246 41 
3371 -246 42 
3378 -246 42 
3388 -255 49 
3395 -261 49 
3402 -266 49 
3408 -272 49 
3415 -277 49 
3422 -282 48 
3429 -287 48 
3436 -292 48 
3443 -297 48 
3449 -302 48 
3456 -306 48 
3463 -311 48 
3470 -315 48 
3477 -319 48 
3484 -323 48 
3491 -327 47 
3498 -331 47 
3505 -334 47 
3512 -338 47 
3520 -341 47 
3527 -345 47 
3534 -348 47 
3538 -345 41 
3546 -346 42 
3553 -346 43 
3561 -346 43 
3568 -345 43 
3576 -345 44 
3583 -344 44 
3590 -344 44 
3598 -343 44 
3605 -342 44 
3613 -341 44 
3620 -340 45 
3628 -339 45 
3635 -338 45 
3643 -336 45 
3650 -335 45 
3658 -333 45 
3665 -332 45 
3673 -330 45 
3680 -328 45 
3688 -326 45 
3695 -324 46 
3703 -322 46 
3711 -320 46 
3718 -318 46 
3726 -315 46 
3734 -313 46 
3741 -310 46 
3749 -307 46 
3757 -305 46 
3765 -302 46 
3772 -299 46 
3780 -296 46 
3788 -293 46 
3796 -289 47 
3803 -286 47 
3811 -283 47 
3819 -279 47 
3827 -276 47 
3835 -272 47 
3843 -268 47 
3851 -264 47 
3858 -260 47 
3866 -256 47 
3874 -252 47 
3879 -245 41 
3887 -246 42 
3895 -246 43 
3903 -246 43 
3911 -245 43 
3919 -245 43 
3927 -244 43 
3935 -244 44 
3943 -243 44 
3951 -242 44 
3957 -245 41 
3965 -245 41 
3972 -245 41 
3980 -245 41 
3987 -245 41 
3994 -246 42 
4001 -246 42 
4008 -246 42 
4014 -246 42 
4021 -246 42 
4027 -246 42 
4034 -246 42 
4040 -246 42 
4046 -246 42 
4052 -246 42 
4058 -246 42 
4064 -246 42 
4070 -246 42 
4076 -246 42 
4082 -246 42 
4088 -246 42 
4093 -246 42 
4099 -246 42 
4104 -246 42 
4110 -246 42 
4115 -246 42 
4121 -246 43 
4126 -246 43 
4132 -246 43 
4137 -246 43 
4142 -246 43 
4148 -246 43 
4153 -246 43 
4158 -246 43 
4163 -246 43 
4168 -246 43 
4173 -246 43 
4177 -247 44 
4181 -247 44 
4184 -247 44 
4187 -247 45 
4189 -247 45 
4191 -248 46 
4192 -248 46 
4193 -248 47 
4194 -249 47 
4195 -249 48 
4194 -249 48 
4193 -248 47 
4192 -248 47 
4191 -248 46 
4190 -248 46 
4188 -248 46 
4186 -248 46 
4184 -247 45 
4182 -247 45 
4180 -247 45 
4177 -247 45 
4175 -247 45 
4172 -247 45 
4169 -247 44 
4166 -247 44 
4163 -247 44 
4160 -247 44 
4156 -247 44 
4153 -247 44 
4149 -247 44 
4146 -247 44 
4142 -247 44 
4138 -247 44 
4135 -247 44 
4131 -247 44 
4127 -247 44 
4123 -247 44 
4119 -246 43 
4115 -246 43 
4110 -246 43 
4106 -246 43 
4102 -246 43 
4098 -246 43 
4093 -246 43 
4089 -246 43 
4085 -246 43 
4080 -246 43 
4076 -246 43 
4071 -246 43 
4067 -246 43 
4063 -247 44 
4060 -247 44 
4057 -247 44 
4053 -247 44 
4051 -247 45 
4049 -247 45 
4047 -248 45 
4046 -248 46 
4045 -248 46 
4045 -248 47 
4045 -249 48 
4046 -249 49 
4049 -258 55 
4049 -264 55 
4050 -269 55 
4050 -275 54 
4050 -280 54 
4051 -285 54 
4052 -290 54 
4052 -295 54 
4053 -300 53 
4054 -304 53 
4054 -309 53 
4055 -313 53 
4056 -317 53 
4057 -321 53 
4058 -325 52 
4059 -329 52 
4061 -333 52 
4062 -337 52 
4063 -340 52 
4064 -344 52 
4066 -347 51 
4067 -350 51 
4069 -353 51 
4070 -356 51 
4072 -359 51 
4074 -361 51 
4075 -364 50 
4077 -366 50 
4079 -369 50 
4081 -371 50 
4083 -373 50 
4085 -375 50 
4087 -377 49 
4089 -379 49 
4091 -380 49 
4093 -382 49 
4095 -383 49 
4097 -384 48 
4101 -388 52 
4101 -389 52 
4101 -390 52 
4101 -390 52 
4100 -391 51 
4100 -392 51 
4100 -392 50 
4101 -392 50 
4101 -393 50 
4101 -393 49 
4101 -393 49 
4102 -392 48 
4102 -392 47 
4103 -392 48 
4104 -392 48 
4104 -392 49 
4105 -392 49 
4106 -391 49 
4107 -391 49 
4108 -390 49 
4108 -398 46 
4109 -398 46 
4111 -398 46 
4112 -398 46 
4113 -398 46 
4114 -398 46 
4115 -398 47 
4116 -399 48 
4116 -399 49 
4115 -399 48 
4115 -398 47 
4113 -398 47 
4112 -398 46 
4111 -398 46 
4109 -398 46 
4108 -398 46 
4106 -398 47 
4104 -398 47 
4102 -397 47 
4100 -397 47 
4099 -396 48 
4097 -396 48 
4094 -395 48 
4092 -394 48 
4090 -393 48 
4088 -392 48 
4086 -391 48 
4085 -390 49 
4083 -389 49 
4081 -387 49 
4079 -386 49 
4078 -384 50 
4076 -382 50 
4075 -381 50 
4073 -379 50 
4072 -377 50 
4071 -375 50 
4070 -372 51 
4069 -370 51 
4068 -368 51 
4067 -365 51 
4066 -363 51 
4065 -360 52 
4064 -358 52 
4064 -355 52 
4063 -352 52 
4063 -349 52 
4062 -346 53 
4062 -343 53 
4061 -339 53 
4061 -336 53 
4061 -333 54 
4061 -329 54 
4061 -326 54 
4061 -322 54 
4061 -318 55 
4061 -314 55 
4061 -310 55 
4061 -306 54 
4061 -302 54 
4062 -297 54 
4062 -293 54 
4062 -289 54 
4063 -284 54 
4063 -279 54 
4064 -275 54 
4064 -270 54 
4065 -265 54 
4066 -260 54 
4067 -255 53 
4064 -248 47 
4065 -248 47 
4066 -249 48 
4066 -249 49 
4066 -249 48 
4065 -248 47 
4064 -248 47 
4063 -248 46 
4061 -248 46 
4060 -248 46 
4058 -248 46 
4056 -247 45 
4054 -247 45 
4051 -247 45 
4049 -247 45 
4046 -247 45 
4044 -247 45 
4044 -257 52 
4041 -262 52 
4039 -268 52 
4036 -273 51 
4033 -279 51 
4030 -284 51 
4027 -289 51 
4025 -294 51 
4022 -299 51 
4019 -303 51 
4017 -308 51 
4015 -312 51 
4012 -317 51 
4010 -321 51 
4008 -325 51 
4006 -329 51 
4004 -333 51 
4002 -336 51 
4001 -340 51 
3999 -343 51 
3997 -347 51 
3996 -350 51 
3994 -353 51 
3993 -356 51 
3991 -359 51 
3990 -362 51 
3989 -364 51 
3988 -367 51 
3987 -369 51 
3986 -371 51 
3985 -374 51 
3984 -376 51 
3983 -378 51 
3982 -379 51 
3982 -381 51 
3981 -383 51 
3981 -384 51 
3980 -386 51 
3980 -387 51 
3980 -388 51 
3979 -389 51 
3979 -390 51 
3979 -391 51 
3979 -392 51 
3979 -393 51 
3979 -393 51 
3979 -393 50 
3979 -393 50 
3979 -393 49 
3979 -393 49 
3979 -392 48 
3980 -393 48 
3980 -392 49 
3981 -392 49 
3982 -392 49 
3982 -391 49 
3983 -391 49 
3984 -390 50 
3985 -390 50 
3986 -389 50 
3986 -388 50 
3987 -387 50 
3988 -386 51 
3988 -385 51 
3989 -383 51 
3989 -382 52 
3990 -381 52 
3990 -379 52 
3990 -377 53 
3990 -376 53 
3990 -374 53 
3990 -372 53 
3990 -369 53 
3990 -367 53 
3990 -365 53 
3990 -362 53 
3990 -360 53 
3990 -357 53 
3990 -355 53 
3990 -352 54 
3990 -349 54 
3989 -346 54 
3989 -343 54 
3989 -340 54 
3989 -337 54 
3989 -333 54 
3989 -330 54 
3989 -326 54 
3989 -323 54 
3989 -319 54 
3989 -315 54 
3989 -312 54 
3989 -308 55 
3989 -304 55 
3989 -300 55 
3989 -295 55 
3989 -291 55 
3988 -287 55 
3988 -282 55 
3988 -278 55 
3988 -273 55 
3989 -269 56 
3989 -264 55 
3988 -259 55 
3989 -254 55 
3989 -260 55 
3989 -265 55 
3990 -271 54 
3990 -276 54 
3991 -281 54 
3992 -287 54 
3992 -292 54 
3993 -296 53 
3994 -301 53 
3995 -306 53 
3996 -310 53 
3997 -315 53 
3998 -319 53 
3999 -323 52 
4000 -327 52 
4001 -331 52 
4003 -335 52 
4004 -338 52 
4006 -342 52 
4007 -345 51 
4009 -348 51 
4010 -352 51 
4012 -355 51 
4013 -358 51 
4015 -360 51 
4017 -363 50 
4019 -366 50 
4021 -368 50 
4023 -370 50 
4025 -373 50 
4027 -375 50 
4029 -377 49 
4031 -378 49 
4033 -380 49 
4035 -382 49 
4038 -383 49 
4040 -385 49 
4042 -386 48 
4045 -387 48 
4047 -388 48 
4050 -389 48 
4052 -390 48 
4055 -391 47 
4058 -391 47 
4060 -392 47 
4063 -392 47 
4066 -393 46 
4068 -393 46 
4071 -393 46 
4074 -393 45 
4077 -392 44 
4080 -393 45 
4084 -393 46 
4087 -392 46 
4090 -392 46 
4094 -392 46 
4097 -391 46 
4101 -390 47 
4104 -390 47 
4108 -389 47 
4110 -397 44 
4113 -397 44 
4117 -397 44 
4121 -397 44 
4124 -397 44 
4128 -397 44 
4132 -397 44 
4136 -397 44 
4140 -397 43 
4144 -396 43 
4148 -396 43 
4152 -396 43 
4157 -396 43 
4161 -396 43 
4165 -396 43 
4169 -396 43 
4173 -397 44 
4177 -397 44 
4180 -397 44 
4184 -397 44 
4187 -397 44 
4190 -397 44 
4193 -397 44 
4196 -397 44 
4199 -397 44 
4203 -397 44 
4206 -397 44 
4210 -397 44 
4213 -397 44 
4217 -397 44 
4220 -397 44 
4223 -397 44 
4225 -397 45 
4228 -397 45 
4230 -397 45 
4232 -397 45 
4234 -398 46 
4236 -398 46 
4237 -398 47 
4238 -398 47 
4239 -399 48 
4239 -399 49 
4238 -399 48 
4237 -398 47 
4236 -398 47 
4235 -398 46 
4233 -398 46 
4232 -398 46 
4230 -398 45 
4228 -397 45 
4225 -397 45 
4223 -397 45 
4220 -397 45 
4218 -397 45 
4215 -397 45 
4212 -397 44 
4209 -397 44 
4205 -397 44 
4202 -397 44 
4199 -397 44 
4195 -397 44 
4192 -397 44 
4188 -397 44 
4184 -397 44 
4181 -397 44 
4177 -397 44 
4173 -397 44 
4169 -397 44 
4165 -397 43 
4161 -396 43 
4157 -396 43 
4156 -406 51 
4152 -412 51 
4148 -417 50 
4143 -423 50 
4139 -428 50 
4134 -433 50 
4130 -438 50 
4126 -443 50 
4121 -448 50 
4117 -452 50 
4112 -457 50 
4107 -461 49 
4103 -466 49 
4098 -470 49 
4093 -474 49 
4089 -478 49 
4084 -481 49 
4079 -485 49 
4074 -489 49 
4069 -492 48 
4064 -495 48 
4059 -498 48 
4054 -502 48 
4049 -504 48 
4044 -507 48 
4039 -510 48 
4034 -513 48 
4029 -515 47 
4024 -517 47 
4018 -520 47 
4013 -522 47 
4008 -524 47 
4003 -526 47 
3997 -527 47 
3992 -529 47 
3986 -530 46 
3981 -532 46 
3975 -533 46 
3970 -534 46 
3964 -535 46 
3959 -536 46 
3953 -537 45 
3948 -538 45 
3942 -539 45 
3936 -539 45 
3931 -540 45 
3925 -540 44 
3919 -540 44 
3913 -540 44 
3907 -540 43 
3901 -540 43 
3896 -540 43 
3890 -540 44 
3884 -540 44 
3878 -539 44 
3873 -539 44 
3867 -538 45 
3861 -538 45 
3855 -537 45 
3849 -536 45 
3843 -535 45 
3837 -534 45 
3831 -533 45 
3825 -532 46 
3819 -530 46 
3813 -529 46 
3807 -527 46 
3801 -526 46 
3794 -524 46 
3788 -522 46 
3782 -520 46 
3776 -518 46 
3769 -516 46 
3763 -514 46 
3757 -512 47 
3750 -509 47 
3744 -507 47 
3738 -504 47 
3731 -501 47 
3725 -499 47 
3718 -496 47 
3712 -493 47 
3705 -490 47 
3699 -486 47 
3692 -483 47 
3685 -480 47 
3679 -477 47 
3672 -473 47 
3666 -469 47 
3659 -466 47 
3652 -462 48 
3645 -458 48 
3639 -454 48 
3632 -450 48 
3626 -457 49 
3619 -462 49 
3612 -468 49 
3606 -473 49 
3599 -479 49 
3592 -484 49 
3585 -489 48 
3578 -494 48 
3571 -499 48 
3564 -503 48 
3557 -508 48 
3551 -512 48 
3544 -516 48 
3537 -521 48 
3530 -525 48 
3522 -529 48 
3515 -532 47 
3508 -536 47 
3501 -540 47 
3494 -543 47 
3487 -546 47 
3480 -549 47 
3473 -552 47 
3465 -555 47 
3458 -558 47 
3451 -561 46 
3444 -563 46 
3437 -566 46 
3429 -568 46 
3422 -571 46 
3415 -573 46 
3407 -575 46 
3400 -576 46 
3392 -578 45 
3385 -580 45 
3378 -581 45 
3370 -583 45 
3363 -584 45 
3355 -585 45 
3348 -586 45 
3340 -587 44 
3333 -588 44 
3325 -589 44 
3318 -590 44 
3310 -590 44 
3302 -591 43 
3295 -591 43 
3287 -591 43 
3279 -591 43 
3271 -591 42 
3264 -591 41 
3256 -591 42 
3249 -591 43 
3241 -591 43 
3234 -590 43 
3226 -590 43 
3219 -590 44 
3211 -589 44 
3203 -588 44 
3196 -587 44 
3188 -586 44 
3180 -585 44 
3173 -584 44 
3165 -583 45 
3157 -582 45 
3149 -580 45 
3142 -579 45 
3134 -577 45 
3126 -575 45 
3118 -573 45 
3110 -571 45 
3102 -569 45 
3095 -567 45 
3087 -565 46 
3079 -563 46 
3071 -560 46 
3063 -558 46 
3055 -555 46 
3047 -552 46 
3039 -550 46 
3029 -545 41 
3021 -545 41 
3014 -545 41 
3006 -545 41 
2999 -545 41 
2992 -546 42 
2986 -546 42 
2979 -546 42 
2972 -546 42 
2966 -546 42 
2959 -546 42 
2954 -546 43 
2947 -546 43 
2941 -546 44 
2935 -546 44 
2929 -545 44 
2922 -545 44 
2916 -544 44 
2909 -543 45 
2903 -543 45 
2897 -542 45 
2890 -541 45 
2884 -539 45 
2877 -538 45 
2870 -537 45 
2864 -535 45 
2857 -534 46 
2851 -532 46 
2844 -530 46 
2837 -529 46 
2831 -527 46 
2824 -525 46 
2817 -522 46 
2810 -520 46 
2803 -518 46 
2797 -516 46 
2790 -513 46 
2783 -510 46 
2776 -508 47 
2769 -505 47 
2762 -502 47 
2755 -499 47 
2748 -496 47 
2741 -493 47 
2734 -490 47 
2727 -486 47 
2720 -483 47 
2713 -480 47 
2706 -476 47 
2699 -472 47 
2692 -469 47 
2685 -465 47 
2678 -461 47 
2670 -457 47 
2663 -453 48 
2656 -448 48 
2649 -444 48 
2642 -440 48 
2634 -435 48 
2627 -431 48 
2620 -426 48 
2612 -422 48 
2605 -417 48 
2598 -412 48 
2590 -407 48 
2583 -402 48 
2576 -397 48 
2568 -392 48 
2561 -387 48 
2553 -381 48 
2546 -376 48 
2538 -370 48 
2531 -365 48 
2523 -359 48 
2516 -354 48 
2508 -348 48 
2501 -342 49 
2493 -336 49 
2485 -330 49 
2478 -324 49 
2470 -318 49 
2462 -312 49 
2455 -305 49 
2447 -299 49 
2439 -292 49 
2432 -286 49 
2424 -279 49 
2416 -273 49 
2409 -266 49 
2401 -259 49 
2393 -252 49 
2382 -245 41 
2379 -255 49 
2373 -261 49 
2366 -266 49 
2360 -272 49 
2354 -277 49 
2347 -282 49 
2341 -288 49 
2335 -292 49 
2330 -297 49 
2324 -302 49 
2318 -307 49 
2313 -311 49 
2307 -315 49 
2302 -319 49 
2296 -324 49 
2291 -327 49 
2286 -331 49 
2281 -335 49 
2276 -339 49 
2272 -342 49 
2267 -345 49 
2262 -349 48 
2258 -352 48 
2253 -355 48 
2249 -357 48 
2245 -360 48 
2241 -363 48 
2237 -365 48 
2233 -368 48 
2229 -370 48 
2225 -372 48 
2221 -374 48 
2218 -376 48 
2214 -378 48 
2211 -380 48 
2207 -381 48 
2204 -383 48 
2201 -384 48 
2198 -385 48 
2195 -386 48 
2192 -387 47 
2189 -388 47 
2186 -389 47 
2183 -390 47 
2181 -390 47 
2178 -391 47 
2176 -391 47 
2173 -391 47 
2171 -391 46 
2168 -391 46 
2166 -391 45 
2164 -391 46 
2163 -391 47 
2161 -391 47 
2159 -391 47 
2158 -391 48 
2156 -390 48 
2155 -390 48 
2153 -389 49 
2152 -388 49 
2151 -387 49 
2150 -386 49 
2149 -385 49 
2148 -384 50 
2147 -383 50 
2146 -381 50 
2145 -380 50 
2144 -378 51 
2143 -376 51 
2143 -375 51 
2142 -373 51 
2142 -371 52 
2141 -369 52 
2141 -367 52 
2141 -364 52 
2141 -362 52 
2141 -360 53 
2140 -357 53 
2141 -355 53 
2141 -352 54 
2141 -349 54 
2141 -346 54 
2141 -343 54 
2141 -340 54 
2141 -336 53 
2141 -333 53 
2142 -329 53 
2142 -326 53 
2143 -322 53 
2143 -319 53 
2144 -315 53 
2144 -311 53 
2145 -307 53 
2146 -303 53 
2147 -299 53 
2148 -294 53 
2149 -290 53 
2150 -286 53 
2151 -281 53 
2152 -277 53 
2153 -272 53 
2154 -267 53 
2156 -263 53 
2157 -258 53 
2158 -253 53 
2160 -248 53 
2158 -248 46 
2160 -248 46 
2161 -247 45 
2163 -247 45 
2166 -247 45 
2168 -247 45 
2171 -247 45 
2177 -257 52 
2180 -262 52 
2182 -268 52 
2185 -273 51 
2188 -278 51 
2191 -284 51 
2194 -289 51 
2197 -294 51 
2200 -298 51 
2203 -303 51 
2206 -307 51 
2209 -312 50 
2213 -316 50 
2216 -320 50 
2219 -324 50 
2222 -328 50 
2226 -332 50 
2229 -336 50 
2233 -339 50 
2236 -343 49 
2240 -346 49 
2243 -349 49 
2247 -352 49 
2251 -355 49 
2254 -358 49 
2258 -360 49 
2262 -363 48 
2266 -365 48 
2270 -368 48 
2273 -370 48 
2277 -372 48 
2281 -374 48 
2285 -376 48 
2289 -378 47 
2294 -379 47 
2298 -381 47 
2302 -382 47 
2306 -384 47 
2310 -385 47 
2314 -386 46 
2319 -387 46 
2323 -388 46 
2327 -388 46 
2332 -389 46 
2336 -390 45 
2341 -390 45 
2345 -390 45 
2350 -390 45 
2354 -390 44 
2359 -390 44 
2363 -390 43 
2368 -390 44 
2373 -390 44 
2378 -390 45 
2383 -390 45 
2388 -389 45 
2393 -389 45 
2398 -388 45 
2403 -387 46 
2408 -387 46 
2413 -386 46 
2419 -385 46 
2424 -383 46 
2429 -382 46 
2434 -381 46 
2439 -379 46 
2445 -378 46 
2450 -376 47 
2455 -374 47 
2461 -372 47 
2466 -371 47 
2472 -369 47 
2477 -366 47 
2483 -364 47 
2488 -362 47 
2494 -359 47 
2499 -357 47 
2505 -354 47 
2511 -352 47 
2516 -349 47 
2522 -346 47 
2528 -343 48 
2533 -340 48 
2539 -337 48 
2545 -334 48 
2551 -330 48 
2557 -327 48 
2563 -323 48 
2568 -320 48 
2574 -316 48 
2580 -312 48 
2586 -308 48 
2592 -304 48 
2598 -300 48 
2604 -296 48 
2610 -292 48 
2617 -288 48 
2623 -284 48 
2629 -279 48 
2635 -275 48 
2641 -270 48 
2647 -265 49 
2654 -261 49 
2660 -256 49 
2666 -251 49 
2673 -246 49 
2679 -241 49 
2685 -236 49 
2692 -230 49 
2698 -225 49 
2705 -220 49 
2711 -214 49 
2718 -209 49 
2724 -203 49 
2731 -197 49 
2737 -191 49 
2744 -186 49 
2750 -180 49 
2757 -174 49 
2764 -168 49 
2770 -161 49 
2777 -155 49 
2784 -149 49 
2790 -143 49 
2797 -137 49 
2804 -131 49 
2810 -125 49 
2817 -120 49 
2824 -115 48 
2831 -109 48 
2837 -105 48 
2844 -100 48 
2851 -95 48 
2858 -91 48 
2865 -86 48 
2872 -82 48 
2879 -78 48 
2886 -74 47 
2893 -70 47 
2900 -67 47 
2907 -63 47 
2914 -60 47 
2921 -56 47 
2928 -53 47 
2935 -50 47 
2943 -57 49 
2950 -62 49 
2957 -67 48 
2964 -72 48 
2971 -77 48 
2978 -82 48 
2985 -86 48 
2992 -90 48 
2999 -95 48 
3006 -98 47 
3013 -102 47 
3020 -106 47 
3027 -109 47 
3035 -113 47 
3042 -116 47 
3049 -119 47 
3056 -122 47 
3063 -124 46 
3071 -127 46 
3078 -130 46 
3085 -132 46 
3093 -134 46 
3100 -136 46 
3107 -139 46 
3115 -141 46 
3122 -143 46 
3129 -144 45 
3137 -146 45 
3144 -148 45 
3152 -149 45 
3159 -151 45 
3167 -152 45 
3174 -153 45 
3182 -154 44 
3189 -155 44 
3197 -156 44 
3204 -157 44 
3212 -157 44 
3219 -158 44 
3227 -158 43 
3234 -158 43 
3242 -159 43 
3250 -159 42 
3257 -158 42 
3265 -158 42 
3273 -158 42 
3281 -158 43 
3289 -158 43 
3300 -162 51 
3300 -161 51 
3300 -161 51 
3300 -160 51 
3300 -159 51 
3301 -158 51 
3301 -157 51 
3301 -156 51 
3302 -155 51 
3302 -153 51 
3303 -152 51 
3303 -150 51 
3304 -149 51 
3305 -147 51 
3305 -145 51 
3306 -144 50 
3307 -142 50 
3308 -141 50 
3309 -139 50 
3310 -138 50 
3311 -136 50 
3312 -135 50 
3313 -134 50 
3315 -132 49 
3316 -131 49 
3317 -130 49 
3319 -129 49 
3320 -127 49 
3322 -126 49 
3323 -125 49 
3325 -124 49 
3327 -123 49 
3328 -122 49 
3330 -120 48 
3332 -119 48 
3334 -118 48 
3336 -117 48 
3338 -116 48 
3340 -115 48 
3342 -114 48 
3344 -113 48 
3347 -112 48 
3349 -111 48 
3351 -110 48 
3354 -110 48 
3356 -109 48 
3358 -108 48 
3361 -107 47 
3363 -106 47 
3366 -105 47 
3369 -104 47 
3371 -103 47 
3374 -103 47 
3377 -102 47 
3380 -101 47 
3383 -100 47 
3386 -99 47 
3389 -99 47 
3392 -98 47 
3395 -97 47 
3398 -96 47 
3401 -96 47 
3404 -95 47 
3408 -94 47 
3411 -93 47 
3414 -93 47 
3418 -92 46 
3421 -91 46 
3424 -90 46 
3428 -90 46 
3431 -89 46 
3435 -88 46 
3439 -88 46 
3442 -87 46 
3446 -86 46 
3450 -86 46 
3454 -85 46 
3457 -84 46 
3461 -84 46 
3465 -83 46 
3469 -82 46 
3473 -82 46 
3477 -81 46 
3481 -80 46 
3485 -80 46 
3490 -79 46 
3494 -78 46 
3498 -78 46 
3502 -77 46 
3507 -76 46 
3511 -76 46 
3515 -75 46 
3520 -75 46 
3524 -74 46 
3529 -73 45 
3533 -73 45 
3538 -72 45 
3542 -71 45 
3547 -71 45 
3551 -70 45 
3556 -70 45 
3561 -69 45 
3566 -68 45 
3570 -68 45 
3575 -67 45 
3580 -67 45 
3585 -66 45 
3590 -65 45 
3595 -65 45 
3600 -64 45 
3605 -64 45 
3610 -63 45 
3615 -62 45 
3620 -62 45 
3625 -61 45 
3630 -61 45 
3636 -60 45 
3641 -59 45 
3646 -59 45 
3651 -58 45 
3657 -58 45 
3662 -57 45 
3667 -56 45 
3673 -56 45 
3678 -55 45 
3684 -55 45 
3689 -54 45 
3695 -54 45 
3700 -53 45 
3706 -52 45 
3712 -52 45 
3717 -51 45 
3723 -51 45 
3729 -50 45 
3734 -50 45 
3740 -49 45 
3746 -48 45 
3752 -48 45 
3757 -47 45 
3762 -46 42 
3767 -46 42 
3773 -46 43 
3782 -55 50 
3787 -61 50 
3793 -66 49 
3798 -71 49 
3804 -76 49 
3809 -81 49 
3815 -85 49 
3820 -89 49 
3826 -93 48 
3831 -97 48 
3837 -101 48 
3843 -105 48 
3848 -108 48 
3854 -111 48 
3860 -114 48 
3866 -117 48 
3872 -120 47 
3877 -123 47 
3883 -126 47 
3889 -128 47 
3895 -131 47 
3901 -133 47 
3907 -135 47 
3913 -137 47 
3919 -139 46 
3925 -141 46 
3931 -143 46 
3937 -145 46 
3944 -146 46 
3951 -151 53 
3951 -153 52 
3951 -154 52 
3951 -155 52 
3951 -156 52 
3951 -157 52 
3951 -158 52 
3937 -162 47 
3926 -167 47 
3916 -173 47 
3905 -178 47 
3903 -188 56 
3903 -193 56 
3903 -199 56 
3903 -203 55 
3902 -208 55 
3902 -213 55 
3902 -217 55 
3902 -222 55 
3902 -226 55 
3902 -230 55 
3902 -234 55 
3902 -238 55 
3902 -242 55 
3902 -245 54 
3902 -249 54 
3901 -252 54 
3901 -256 54 
3901 -259 54 
3901 -262 54 
3901 -265 54 
3901 -268 54 
3901 -271 54 
3901 -273 53 
3901 -275 53 
3901 -278 53 
3901 -280 52 
3901 -282 52 
3902 -284 52 
3902 -286 52 
3903 -287 51 
3903 -289 51 
3904 -290 51 
3904 -292 51 
3905 -293 50 
3906 -294 50 
3907 -295 50 
3907 -296 50 
3908 -297 49 
3909 -298 49 
3910 -298 49 
3911 -299 49 
3913 -299 48 
3914 -299 48 
3915 -300 48 
3916 -300 47 
3917 -299 47 
3919 -299 46 
3921 -299 47 
3922 -299 47 
3924 -299 47 
3926 -299 47 
3928 -298 48 
3930 -298 48 
3932 -297 48 
3934 -296 48 
3936 -295 48 
3938 -294 48 
3940 -293 48 
3942 -292 48 
3945 -291 48 
3947 -290 49 
3949 -288 49 
3952 -286 49 
3954 -285 49 
3957 -283 49 
3959 -281 49 
3962 -279 49 
3964 -277 49 
3967 -275 49 
3969 -273 49 
3972 -271 49 
3974 -268 49 
3977 -266 49 
3980 -263 49 
3982 -260 50 
3985 -258 50 
3988 -255 50 
3991 -252 50 
3991 -247 44 
3994 -247 44 
3997 -247 44 
4000 -247 44 
4003 -247 44 
4007 -247 44 
4010 -247 44 
4014 -247 44 
4017 -247 44 
4021 -247 44 
4025 -247 44 
4029 -247 44 
4033 -247 44 
4037 -247 44 
4044 -256 51 
4048 -262 51 
4053 -267 51 
4057 -273 50 
4061 -278 50 
4065 -283 50 
4069 -288 50 
4073 -293 50 
4077 -298 50 
4081 -303 50 
4084 -307 50 
4088 -312 50 
4092 -316 50 
4095 -320 50 
4099 -324 50 
4102 -331 55 
4102 -334 55 
4102 -338 55 
4102 -341 54 
4102 -345 54 
4102 -348 54 
4102 -351 54 
4102 -355 54 
4102 -357 54 
4102 -360 54 
4102 -363 54 
4102 -366 54 
4101 -368 54 
4101 -370 53 
4101 -373 53 
4101 -375 53 
4101 -377 53 
4101 -379 53 
4101 -380 53 
4101 -382 53 
4101 -384 53 
4101 -385 52 
4101 -386 52 
4101 -388 52 
4101 -389 52 
4101 -390 52 
4101 -390 52 
4100 -391 51 
4100 -392 51 
4100 -392 50 
4101 -392 50 
4101 -393 50 
4101 -393 49 
4101 -393 49 
4102 -392 48 
4102 -392 47 
4103 -392 48 
4104 -392 48 
4104 -392 49 
4105 -392 49 
4106 -391 49 
4107 -391 49 
4108 -390 49 
4108 -398 46 
4109 -398 46 
4111 -398 46 
4112 -398 46 
4114 -397 45 
4116 -397 45 
4118 -397 45 
4121 -397 45 
4123 -397 45 
4126 -397 45 
4129 -397 44 
4132 -397 44 
4135 -397 44 
4138 -397 44 
4141 -397 44 
4145 -397 44 
4148 -397 44 
4152 -397 44 
4155 -397 44 
4159 -397 44 
4163 -397 44 
4166 -397 44 
4169 -397 44 
4172 -397 44 
4175 -397 45 
4178 -397 45 
4180 -397 45 
4182 -397 45 
4185 -397 45 
4187 -397 45 
4189 -397 45 
4190 -398 46 
4192 -398 46 
4192 -398 47 
4193 -399 48 
4194 -399 49 
4193 -399 48 
4192 -398 47 
4191 -398 47 
4190 -398 46 
4188 -398 46 
4187 -398 46 
4185 -398 46 
4183 -397 45 
4180 -397 45 
4178 -397 45 
4176 -397 45 
4173 -397 45 
4170 -397 45 
4167 -397 44 
4164 -397 44 
4161 -397 44 
4158 -397 44 
4154 -397 44 
4151 -397 44 
4147 -397 44 
4144 -397 44 
4140 -397 44 
4136 -397 44 
4136 -406 51 
4132 -412 51 
4128 -417 51 
4124 -423 51 
4120 -428 50 
4116 -433 50 
4112 -438 50 
4108 -443 50 
4104 -448 50 
4099 -453 50 
4095 -457 50 
4091 -461 50 
4087 -466 50 
4082 -470 49 
4078 -474 49 
4073 -478 49 
4069 -482 49 
4064 -485 49 
4060 -489 49 
4055 -492 49 
4051 -495 49 
4046 -499 48 
4041 -502 48 
4037 -505 48 
4032 -507 48 
4027 -510 48 
4022 -513 48 
4017 -515 48 
4012 -517 48 
4007 -520 47 
4002 -522 47 
3997 -524 47 
3992 -526 47 
3987 -527 47 
3982 -529 47 
3977 -531 47 
3972 -532 46 
3967 -533 46 
3962 -535 46 
3956 -536 46 
3951 -537 46 
3946 -537 46 
3940 -538 45 
3935 -539 45 
3929 -539 45 
3924 -540 45 
3918 -540 44 
3913 -540 44 
3907 -540 44 
3901 -540 43 
3896 -540 43 
3890 -540 43 
3885 -540 44 
3880 -540 44 
3874 -539 44 
3868 -539 45 
3863 -539 45 
3857 -538 45 
3852 -537 45 
3846 -536 45 
3840 -535 45 
3834 -534 45 
3829 -533 46 
3823 -532 46 
3817 -531 46 
3811 -529 46 
3805 -528 46 
3799 -526 46 
3793 -524 46 
3787 -522 46 
3781 -520 46 
3775 -518 46 
3769 -516 47 
3763 -514 47 
3757 -512 47 
3751 -509 47 
3745 -507 47 
3738 -504 47 
3732 -501 47 
3726 -499 47 
3720 -496 47 
3713 -493 47 
3707 -490 47 
3701 -487 47 
3694 -483 47 
3688 -480 47 
3682 -477 47 
3675 -473 48 
3669 -470 48 
3662 -466 48 
3656 -462 48 
3649 -458 48 
3643 -454 48 
3636 -450 48 
3630 -457 49 
3624 -463 49 
3617 -468 49 
3610 -473 49 
3604 -479 49 
3597 -484 49 
3590 -489 49 
3584 -494 48 
3577 -499 48 
3570 -503 48 
3563 -508 48 
3557 -512 48 
3550 -517 48 
3543 -521 48 
3536 -525 48 
3529 -529 48 
3522 -532 48 
3515 -536 47 
3509 -540 47 
3502 -543 47 
3495 -546 47 
3488 -549 47 
3481 -553 47 
3474 -555 47 
3467 -558 47 
3459 -561 47 
3452 -564 46 
3445 -566 46 
3438 -568 46 
3431 -571 46 
3424 -573 46 
3417 -575 46 
3409 -577 46 
3402 -578 46 
3395 -580 45 
3388 -582 45 
3380 -583 45 
3373 -584 45 
3366 -585 45 
3358 -587 45 
3351 -588 44 
3343 -588 44 
3336 -589 44 
3329 -590 44 
3321 -590 44 
3314 -591 44 
3306 -591 43 
3299 -591 43 
3291 -591 43 
3283 -591 42 
3275 -591 42 
3268 -591 42 
3261 -591 43 
3254 -591 43 
3246 -591 43 
3239 -590 43 
3231 -590 44 
3224 -589 44 
3216 -588 44 
3209 -587 44 
3201 -586 44 
3194 -585 44 
3186 -584 45 
3178 -583 45 
3171 -582 45 
3163 -580 45 
3156 -579 45 
3148 -577 45 
3140 -575 45 
3132 -573 45 
3125 -571 45 
3117 -569 45 
3109 -567 46 
3101 -565 46 
3094 -563 46 
3086 -560 46 
3078 -558 46 
3070 -555 46 
3062 -553 46 
3054 -550 46 
3044 -545 41 
3037 -545 41 
3029 -545 41 
3022 -546 41 
3015 -546 42 
3008 -546 42 
3002 -546 42 
2995 -546 42 
2988 -546 42 
2986 -555 49 
2979 -561 49 
2972 -566 49 
2966 -572 49 
2959 -577 49 
2953 -582 49 
2946 -587 49 
2939 -592 48 
2933 -597 48 
2926 -602 48 
2919 -606 48 
2911 -597 45 
2904 -597 45 
2897 -597 45 
2890 -597 45 
2884 -597 45 
2877 -597 45 
2870 -597 45 
2863 -597 45 
2856 -597 45 
2849 -597 45 
2842 -597 45 
2835 -597 45 
2828 -597 45 
2821 -597 45 
2814 -597 45 
2807 -597 45 
2800 -597 45 
2793 -597 45 
2786 -597 45 
2779 -597 45 
2772 -597 44 
2765 -597 44 
2758 -597 44 
2751 -597 44 
2743 -597 44 
2736 -597 44 
2729 -597 44 
2722 -597 44 
2714 -597 44 
2707 -597 44 
2700 -597 44 
2693 -597 44 
2685 -597 44 
2678 -597 44 
2671 -597 44 
2663 -597 44 
2656 -597 44 
2648 -597 44 
2641 -597 44 
2633 -597 44 
2626 -597 44 
2618 -597 44 
2611 -597 44 
2603 -597 44 
2596 -597 44 
2588 -597 44 
2581 -597 44 
2573 -597 44 
2566 -597 44 
2558 -597 44 
2550 -597 44 
2543 -597 44 
2535 -597 44 
2527 -597 44 
2520 -597 44 
2512 -597 44 
2504 -597 44 
2497 -597 44 
2489 -597 44 
2481 -597 44 
2473 -597 44 
2465 -597 44 
2458 -597 44 
2450 -597 44 
2442 -597 44 
2434 -597 44 
2426 -597 44 
2418 -597 44 
2411 -597 44 
2403 -597 44 
2395 -597 44 
2387 -597 44 
2379 -597 44 
2371 -597 44 
2363 -597 44 
2355 -597 44 
2347 -597 44 
2339 -597 44 
2331 -597 44 
2323 -597 44 
2315 -597 44 
2307 -597 44 
2299 -597 44 
2291 -597 44 
2282 -597 44 
2274 -597 44 
2266 -597 44 
2258 -597 44 
2250 -597 44 
2242 -597 44 
2234 -597 44 
2225 -597 44 
2217 -597 44 
2209 -597 44 
2201 -597 44 
2193 -597 44 
2184 -597 44 
2176 -597 44 
2168 -597 44 
2159 -597 44 
2151 -597 44 
2143 -597 44 
2135 -597 44 
2126 -597 44 
2118 -597 44 
2110 -597 44 
2101 -597 44 
2093 -597 44 
2084 -597 44 
2076 -597 44 
2068 -597 44 
2059 -597 44 
2051 -597 44 
2042 -597 44 
2034 -597 44 
2026 -597 44 
2017 -597 44 
2009 -597 44 
2000 -597 44 
1992 -597 44 
1983 -597 44 
1977 -593 48 
1968 -587 48 
1960 -581 48 
1951 -575 48 
1943 -569 48 
1934 -563 48 
1926 -556 48 
1917 -550 48 
1908 -543 48 
1900 -537 48 
1903 -534 57 
1903 -528 57 
1903 -521 57 
1903 -514 57 
1903 -507 57 
1903 -500 57 
1903 -493 57 
1903 -486 57 
1903 -479 57 
1903 -472 57 
1903 -465 57 
1903 -457 57 
1903 -450 56 
1902 -442 56 
1902 -434 56 
1902 -427 56 
1901 -419 56 
1901 -411 56 
1900 -403 56 
1899 -395 56 
1899 -387 56 
1898 -379 55 
1897 -371 55 
1896 -363 55 
1895 -354 55 
1894 -346 55 
1893 -338 55 
1892 -329 55 
1891 -321 55 
1890 -312 55 
1888 -303 55 
1887 -295 55 
1886 -286 55 
1884 -277 55 
1883 -268 55 
1881 -259 55 
1875 -248 46 
1873 -248 45 
1871 -247 45 
1869 -247 45 
1866 -247 45 
1864 -247 45 
1861 -247 45 
1858 -247 45 
1855 -247 44 
1852 -247 44 
1849 -247 44 
1846 -247 44 
1842 -247 44 
1839 -247 44 
1835 -247 44 
1832 -247 44 
1828 -247 44 
1824 -247 44 
1820 -247 44 
1817 -247 44 
1813 -247 44 
1809 -247 43 
1804 -246 43 
1801 -247 44 
1797 -247 44 
1794 -247 44 
1791 -247 44 
1788 -247 44 
1785 -247 45 
1783 -247 45 
1781 -247 45 
1778 -247 45 
1776 -247 45 
1775 -248 46 
1774 -248 46 
1773 -248 47 
1773 -248 47 
1773 -249 48 
1773 -249 49 
1773 -249 48 
1774 -248 47 
1774 -248 47 
1775 -248 46 
1777 -248 46 
1778 -248 46 
1780 -248 45 
1782 -247 45 
1784 -247 45 
1786 -247 45 
1788 -247 45 
1791 -247 45 
1794 -247 44 
1797 -247 44 
1800 -247 44 
1803 -247 44 
1806 -247 44 
1809 -247 44 
1813 -247 44 
1816 -247 44 
1820 -247 44 
1823 -247 44 
1827 -247 44 
1831 -247 44 
1835 -247 44 
1839 -247 44 
1843 -247 43 
1847 -247 43 
1851 -246 43 
1855 -246 43 
1859 -246 43 
1867 -256 51 
1871 -262 50 
1876 -267 50 
1880 -273 50 
1884 -278 50 
1889 -283 50 
1893 -288 50 
1897 -293 50 
1902 -298 50 
1906 -302 50 
1911 -307 49 
1916 -311 49 
1920 -316 49 
1925 -320 49 
1929 -324 49 
1934 -328 49 
1939 -331 49 
1944 -335 49 
1949 -339 49 
1953 -342 48 
1958 -345 48 
1963 -348 48 
1968 -352 48 
1973 -354 48 
1978 -357 48 
1983 -360 48 
1988 -363 48 
1992 -365 48 
1997 -367 48 
2002 -370 48 
2007 -372 47 
2011 -374 47 
2015 -376 47 
2020 -378 47 
2024 -379 47 
2028 -381 47 
2032 -382 47 
2036 -384 47 
2040 -385 47 
2044 -386 47 
2048 -387 47 
2051 -388 47 
2055 -389 46 
2058 -389 46 
2062 -390 46 
2066 -390 46 
2069 -391 46 
2073 -391 45 
2077 -391 45 
2081 -391 44 
2084 -390 44 
2089 -391 44 
2093 -390 45 
2097 -390 45 
2101 -390 45 
2106 -390 46 
2110 -389 46 
2114 -388 46 
2119 -388 46 
2123 -387 46 
2127 -386 46 
2132 -385 46 
2136 -384 46 
2141 -382 47 
2145 -381 47 
2150 -380 47 
2155 -378 47 
2159 -376 47 
2164 -375 47 
2169 -373 47 
2174 -371 47 
2178 -369 47 
2183 -367 47 
2188 -364 47 
2193 -362 47 
2198 -360 48 
2203 -357 48 
2208 -354 48 
2213 -352 48 
2218 -349 48 
2223 -346 48 
2228 -343 48 
2233 -340 48 
2238 -337 48 
2244 -334 48 
2249 -330 48 
2254 -327 48 
2259 -324 48 
2264 -320 48 
2269 -316 49 
2274 -313 49 
2279 -309 49 
2284 -305 49 
2289 -301 49 
2294 -297 49 
2298 -293 49 
2303 -288 49 
2307 -284 49 
2312 -280 50 
2316 -275 50 
2320 -271 50 
2324 -266 50 
2328 -261 50 
2333 -256 50 
2337 -252 50 
2341 -258 51 
2345 -263 51 
2350 -269 50 
2354 -274 50 
2358 -280 50 
2362 -285 50 
2367 -290 50 
2371 -295 50 
2376 -299 50 
2380 -304 50 
2384 -309 50 
2389 -313 49 
2394 -317 49 
2398 -321 49 
2403 -325 49 
2407 -329 49 
2412 -333 49 
2417 -337 49 
2422 -340 49 
2426 -344 48 
2431 -347 48 
2436 -350 48 
2441 -353 48 
2446 -356 48 
2451 -359 48 
2456 -362 48 
2461 -364 48 
2466 -367 47 
2471 -369 47 
2476 -371 47 
2481 -373 47 
2486 -375 47 
2492 -377 47 
2497 -379 47 
2502 -381 47 
2507 -382 46 
2513 -384 46 
2518 -385 46 
2523 -386 46 
2529 -387 46 
2534 -388 46 
2539 -389 46 
2544 -390 45 
2549 -391 45 
2554 -391 45 
2559 -391 45 
2564 -392 45 
2569 -392 44 
2574 -392 44 
2579 -392 44 
2583 -392 43 
2588 -392 44 
2593 -392 45 
2597 -392 45 
2602 -392 45 
2606 -391 46 
2610 -391 46 
2614 -390 46 
2619 -389 46 
2623 -389 46 
2627 -388 47 
2631 -387 47 
2635 -385 47 
2639 -384 47 
2643 -383 47 
2647 -381 47 
2651 -380 47 
2655 -378 47 
2659 -376 47 
2664 -375 47 
2668 -373 48 
2672 -371 48 
2677 -368 48 
2681 -366 48 
2686 -364 48 
2690 -361 48 
2695 -359 48 
2699 -356 48 
2704 -354 48 
2708 -351 48 
2713 -348 48 
2718 -345 48 
2722 -342 48 
2727 -339 48 
2732 -336 48 
2737 -332 48 
2742 -329 48 
2747 -325 49 
2751 -322 49 
2756 -318 49 
2761 -314 49 
2766 -310 49 
2771 -306 49 
2777 -302 49 
2782 -298 49 
2787 -294 49 
2792 -290 49 
2797 -286 49 
2802 -281 49 
2808 -277 49 
2813 -272 49 
2818 -267 49 
2824 -263 49 
2829 -258 49 
2834 -253 49 
2837 -246 43 
2842 -246 43 
2847 -246 43 
2853 -246 43 
2858 -246 43 
2863 -246 43 
2868 -246 43 
2874 -246 43 
2883 -256 50 
2888 -261 50 
2893 -267 50 
2898 -272 50 
2903 -278 50 
2909 -283 49 
2914 -288 49 
2919 -293 49 
2925 -297 49 
2930 -302 49 
2936 -307 49 
2941 -311 49 
2947 -315 49 
2952 -319 49 
2958 -323 48 
2963 -327 48 
2969 -331 48 
2975 -335 48 
2980 -338 48 
2986 -342 48 
2992 -345 48 
2997 -348 48 
3003 -351 48 
3009 -354 47 
3015 -357 47 
3021 -360 47 
3027 -362 47 
3032 -365 47 
3038 -367 47 
3044 -369 47 
3050 -371 47 
3056 -373 46 
3062 -375 46 
3068 -377 46 
3075 -379 46 
3081 -380 46 
3087 -382 46 
3093 -383 46 
3099 -384 45 
3105 -385 45 
3111 -386 45 
3118 -387 45 
3124 -388 45 
3130 -388 45 
3136 -389 44 
3143 -389 44 
3149 -390 44 
3155 -390 44 
3162 -390 43 
3168 -390 43 
3174 -389 42 
3181 -390 43 
3188 -390 43 
3194 -390 44 
3201 -389 44 
3207 -389 44 
3214 -388 44 
3220 -388 45 
3226 -387 45 
3232 -386 45 
3238 -385 45 
3244 -384 45 
3250 -383 46 
3256 -382 46 
3262 -381 46 
3267 -379 46 
3272 -378 46 
3278 -376 47 
3283 -374 47 
3288 -373 47 
3293 -371 47 
3298 -369 47 
3303 -367 47 
3308 -364 47 
3313 -362 48 
3317 -360 48 
3322 -357 48 
3327 -355 48 
3332 -352 48 
3336 -349 48 
3341 -346 48 
3346 -343 48 
3351 -340 48 
3356 -337 48 
3361 -334 48 
3366 -330 48 
3371 -327 48 
3376 -324 48 
3381 -320 48 
3386 -316 49 
3391 -313 49 
3396 -309 49 
3401 -305 49 
3407 -301 49 
3412 -297 49 
3417 -292 49 
3422 -288 49 
3428 -284 49 
3433 -279 49 
3438 -275 49 
3444 -270 49 
3449 -266 49 
3455 -261 49 
3460 -256 49 
3466 -251 49 
3468 -246 42 
3473 -246 43 
3479 -246 43 
3484 -246 43 
3490 -246 43 
3499 -256 50 
3504 -261 50 
3509 -267 50 
3515 -272 50 
3520 -278 49 
3525 -283 49 
3531 -288 49 
3536 -293 49 
3542 -297 49 
3547 -302 49 
3553 -307 49 
3558 -311 49 
3564 -315 49 
3569 -319 49 
3575 -324 49 
3580 -327 49 
3585 -331 49 
3590 -335 48 
3595 -339 48 
3600 -342 48 
3605 -345 48 
3610 -349 48 
3612 -346 43 
3617 -347 44 
3621 -347 45 
3626 -347 45 
3630 -346 45 
3635 -346 46 
3639 -345 46 
3643 -345 46 
3647 -344 46 
3651 -343 47 
3655 -342 47 
3659 -341 47 
3662 -340 47 
3666 -339 47 
3669 -338 48 
3673 -336 48 
3676 -335 48 
3679 -333 48 
3682 -332 48 
3685 -330 48 
3688 -328 49 
3691 -326 49 
3694 -324 49 
3697 -322 49 
3699 -319 49 
3702 -317 49 
3704 -315 50 
3707 -312 50 
3709 -309 50 
3711 -307 50 
3714 -304 50 
3716 -301 50 
3719 -298 50 
3721 -295 50 
3724 -291 50 
3726 -288 50 
3729 -285 50 
3732 -281 50 
3734 -277 50 
3737 -274 50 
3740 -270 50 
3743 -266 50 
3746 -262 50 
3749 -258 50 
3752 -254 50 
3752 -247 44 
3755 -247 44 
3758 -247 44 
3765 -256 51 
3768 -262 51 
3772 -267 51 
3775 -273 51 
3778 -278 51 
3782 -283 51 
3785 -288 51 
3789 -293 50 
3793 -298 50 
3796 -303 50 
3800 -307 50 
3804 -312 50 
3808 -316 50 
3811 -320 50 
3815 -324 50 
3819 -328 49 
3823 -332 49 
3827 -335 49 
3831 -339 49 
3835 -342 49 
3839 -346 49 
3843 -349 49 
3845 -346 43 
3850 -347 44 
3854 -347 45 
3859 -347 45 
3863 -346 45 
3868 -346 45 
3872 -345 46 
3877 -345 46 
3881 -344 46 
3886 -343 46 
3891 -342 46 
3895 -341 46 
3900 -340 46 
3905 -339 46 
3910 -337 47 
3914 -336 47 
3919 -334 47 
3924 -333 47 
3929 -331 47 
3934 -329 47 
3939 -327 47 
3944 -325 47 
3948 -323 47 
3953 -321 48 
3958 -319 48 
3962 -316 48 
3966 -314 48 
3971 -311 48 
3975 -309 48 
3979 -306 49 
3983 -303 49 
3987 -300 49 
3991 -297 49 
3995 -294 49 
3998 -291 49 
4002 -288 49 
4005 -284 50 
4009 -281 50 
4012 -277 50 
4015 -274 50 
4018 -270 50 
4022 -266 50 
4025 -262 50 
4027 -258 50 
4030 -254 51 
4030 -247 45 
4032 -247 45 
4034 -248 46 
4036 -248 46 
4037 -248 47 
4038 -248 47 
4039 -249 48 
4039 -249 49 
4038 -249 48 
4037 -248 47 
4036 -248 47 
4039 -258 54 
4038 -263 54 
4037 -269 54 
4036 -274 54 
4036 -280 54 
4035 -285 54 
4034 -290 54 
4033 -295 54 
4033 -300 54 
4032 -304 54 
4031 -309 54 
4031 -313 54 
4031 -318 54 
4030 -322 54 
4030 -326 54 
4030 -330 54 
4030 -334 54 
4030 -338 54 
4030 -342 55 
4030 -345 54 
4030 -348 54 
4030 -351 54 
4030 -354 53 
4030 -357 53 
4030 -360 53 
4031 -362 53 
4031 -365 52 
4032 -367 52 
4032 -370 52 
4033 -372 52 
4033 -374 51 
4034 -376 51 
4035 -378 51 
4035 -379 51 
4036 -381 50 
4037 -382 50 
4038 -384 50 
4039 -385 50 
4040 -386 50 
4041 -387 49 
4043 -388 49 
4044 -389 49 
4045 -390 49 
4047 -390 48 
4048 -391 48 
4049 -391 48 
4051 -392 48 
4052 -392 47 
4054 -392 47 
4056 -392 46 
4057 -391 46 
4059 -391 46 
4061 -391 47 
4064 -391 47 
4066 -391 47 
4068 -390 47 
4070 -390 47 
4072 -389 48 
4075 -388 48 
4077 -388 48 
4079 -387 48 
4082 -386 48 
4084 -384 48 
4087 -383 48 
4090 -382 48 
4092 -380 48 
4095 -379 48 
4098 -377 48 
4101 -377 53 
4101 -376 53 
4101 -374 53 
4101 -372 53 
4101 -369 53 
4101 -367 53 
4101 -365 53 
4101 -363 53 
4102 -360 54 
4102 -357 54 
4102 -355 54 
4102 -352 54 
4102 -349 54 
4102 -346 54 
4102 -343 54 
4102 -340 54 
4102 -337 54 
4102 -333 54 
4102 -330 54 
4102 -327 54 
4102 -323 54 
4102 -319 55 
4102 -316 55 
4102 -312 54 
4102 -307 54 
4102 -303 54 
4103 -299 54 
4103 -295 54 
4103 -291 54 
4104 -286 54 
4104 -282 54 
4105 -277 54 
4105 -272 53 
4106 -268 53 
4107 -263 53 
4108 -258 53 
4109 -253 53 
4106 -248 46 
4108 -248 46 
4109 -248 46 
4111 -247 45 
4112 -248 46 
4114 -248 46 
4116 -248 46 
4117 -248 46 
4118 -248 46 
4120 -248 46 
4121 -248 46 
4122 -248 46 
4123 -248 47 
4124 -249 48 
4124 -249 49 
4124 -249 48 
4123 -248 47 
4122 -248 47 
4120 -248 46 
4119 -248 46 
4117 -248 46 
4116 -248 46 
4113 -247 45 
4111 -247 45 
4109 -247 45 
4106 -247 45 
4104 -247 45 
4101 -247 45 
4098 -247 44 
4095 -247 44 
4092 -247 44 
4089 -247 44 
4085 -247 44 
4082 -247 44 
4078 -247 44 
4075 -247 44 
4071 -247 44 
4067 -247 44 
4063 -247 44 
4060 -247 44 
4057 -247 44 
4054 -247 44 
4051 -247 44 
4048 -247 45 
4046 -247 45 
4043 -247 45 
4041 -247 45 
4039 -247 45 
4037 -247 45 
4035 -247 45 
4033 -248 46 
4032 -248 46 
4030 -248 46 
4029 -248 46 
4028 -248 46 
4026 -248 46 
4025 -248 46 
4028 -257 54 
4027 -263 54 
4025 -269 53 
4024 -274 53 
4023 -280 53 
4023 -285 53 
4022 -290 54 
4021 -295 54 
4020 -300 54 
4020 -304 54 
4019 -309 54 
4019 -313 54 
4018 -318 54 
4018 -322 54 
4018 -326 54 
4018 -330 54 
4017 -334 54 
4017 -338 54 
4018 -342 55 
4018 -345 55 
4017 -348 54 
4017 -351 54 
4017 -354 53 
4018 -357 53 
4018 -360 53 
4018 -362 53 
4018 -365 52 
4019 -367 52 
4019 -370 52 
4020 -372 52 
4020 -374 51 
4021 -376 51 
4022 -378 51 
4023 -379 51 
4023 -381 51 
4024 -382 50 
4025 -384 50 
4026 -385 50 
4027 -386 50 
4028 -387 49 
4030 -388 49 
4031 -389 49 
4032 -390 49 
4033 -390 48 
4035 -391 48 
4036 -391 48 
4038 -392 48 
4039 -392 47 
4041 -392 47 
4042 -392 46 
4044 -391 46 
4046 -391 46 
4048 -391 47 
4050 -391 47 
4052 -391 47 
4054 -390 47 
4057 -390 47 
4059 -389 48 
4061 -388 48 
4064 -388 48 
4066 -387 48 
4068 -386 48 
4071 -384 48 
4073 -383 48 
4076 -382 48 
4079 -380 48 
4081 -379 48 
4084 -377 49 
4087 -375 49 
4090 -373 49 
4092 -372 49 
4095 -369 49 
4098 -367 49 
4101 -367 53 
4101 -365 53 
4101 -363 53 
4101 -360 54 
4102 -357 54 
4102 -355 54 
4102 -352 54 
4102 -349 54 
4102 -346 54 
4102 -343 54 
4102 -340 54 
4102 -337 54 
4102 -333 54 
4102 -330 54 
4102 -327 54 
4102 -323 54 
4102 -319 55 
4102 -316 55 
4102 -312 55 
4102 -308 55 
4102 -304 55 
4102 -300 55 
4102 -296 55 
4103 -291 55 
4103 -287 55 
4103 -282 55 
4103 -278 55 
4103 -273 55 
4103 -269 55 
4103 -264 55 
4103 -259 55 
4103 -254 55 
4100 -249 49 
4100 -249 49 
4100 -249 49 
4100 -249 49 
4100 -249 49 
4100 -249 49 
4100 -249 49 
4100 -249 49 
4100 -249 49 
4100 -249 49 
4100 -249 49 
4100 -249 49 
4100 -249 49 
4100 -249 49 
4100 -249 49 
4101 -249 49 
4101 -249 49 
4101 -249 49 
4101 -249 49 
4101 -249 49 
4101 -249 49 
4101 -249 49 
4101 -249 49 
4101 -249 49 
4101 -249 49 
4101 -249 49 
4104 -259 56 
4104 -265 56 
4104 -270 56 
4104 -276 56 
4104 -281 56 
4104 -286 56 
4104 -291 56 
4104 -296 56 
4104 -301 56 
4104 -305 56 
4104 -310 55 
4102 -314 55 
4102 -318 55 
4102 -323 55 
4102 -327 55 
4102 -331 55 
4102 -334 55 
4102 -338 55 
4102 -342 54 
4102 -345 54 
4102 -348 54 
4102 -351 54 
4102 -355 54 
4102 -357 54 
4102 -360 54 
4102 -363 54 
4102 -366 54 
4102 -368 54 
4101 -370 53 
4101 -373 53 
4101 -375 53 
4101 -377 53 
4101 -379 53 
4101 -380 53 
4101 -382 53 
4101 -384 53 
4101 -385 52 
4101 -386 52 
4101 -388 52 
4101 -389 52 
4101 -390 52 
4101 -390 52 
4100 -391 51 
4100 -392 51 
4100 -392 50 
4101 -392 50 
4101 -393 50 
4101 -393 49 
4101 -393 49 
4102 -392 48 
4102 -392 47 
4103 -392 48 
4104 -392 48 
4104 -392 49 
4105 -392 49 
4106 -391 49 
4107 -391 49 
4108 -390 49 
4108 -398 46 
4109 -398 46 
4111 -398 46 
4112 -398 46 
4114 -397 45 
4116 -397 45 
4118 -397 45 
4121 -397 45 
4123 -397 45 
4126 -397 45 
4129 -397 44 
4132 -397 44 
4135 -397 44 
4138 -397 44 
4141 -397 44 
4145 -397 44 
4148 -397 44 
4152 -397 44 
4155 -397 44 
4159 -397 44 
4163 -397 44 
4167 -397 44 
4171 -397 44 
4175 -397 44 
4179 -396 43 
4183 -396 43 
4187 -396 43 
4191 -396 43 
4195 -396 43 
4199 -396 43 
4204 -396 43 
4208 -396 43 
4212 -396 43 
4217 -396 43 
4221 -396 43 
4226 -396 43 
4230 -396 43 
4234 -397 44 
4238 -397 44 
4241 -397 44 
4245 -397 44 
4248 -397 44 
4251 -397 44 
4253 -397 45 
4256 -397 45 
4258 -398 46 
4259 -398 46 
4261 -398 47 
4262 -398 47 
4262 -399 48 
4263 -399 49 
4262 -399 48 
4261 -398 47 
4260 -398 47 
4258 -398 46 
4257 -398 46 
4255 -398 46 
4253 -398 45 
4251 -397 45 
4249 -397 45 
4247 -397 45 
4244 -397 45 
4241 -397 45 
4238 -397 45 
4236 -397 44 
4232 -397 44 
4229 -397 44 
4226 -397 44 
4223 -397 44 
4219 -397 44 
4216 -397 44 
4212 -397 44 
4208 -397 44 
4204 -397 44 
4201 -397 44 
4197 -397 44 
4193 -397 44 
4189 -397 43 
4185 -396 43 
4180 -396 43 
4176 -396 43 
4172 -396 43 
4168 -396 43 
4164 -396 43 
4159 -396 43 
4155 -396 43 
4150 -396 43 
4146 -396 43 
4145 -406 50 
4141 -412 50 
4136 -417 50 
4132 -423 50 
4127 -428 50 
4122 -433 50 
4118 -438 50 
4113 -443 50 
4108 -448 50 
4103 -452 49 
4098 -457 49 
4093 -461 49 
4089 -466 49 
4084 -470 49 
4079 -474 49 
4074 -478 49 
4069 -481 49 
4064 -485 49 
4058 -489 48 
4053 -492 48 
4048 -495 48 
4043 -498 48 
4038 -501 48 
4032 -504 48 
4027 -507 48 
4022 -510 48 
4016 -512 47 
4011 -515 47 
4006 -517 47 
4000 -519 47 
3995 -522 47 
3989 -524 47 
3984 -525 47 
3978 -527 47 
3972 -529 46 
3967 -530 46 
3961 -532 46 
3955 -533 46 
3950 -534 46 
3944 -535 46 
3938 -536 45 
3932 -537 45 
3927 -538 45 
3921 -539 45 
3915 -539 45 
3909 -540 44 
3903 -540 44 
3897 -540 44 
3891 -540 44 
3884 -540 43 
3878 -540 42 
3873 -540 43 
3867 -540 44 
3861 -540 44 
3855 -539 44 
3849 -539 44 
3843 -538 44 
3837 -538 45 
3831 -537 45 
3825 -536 45 
3818 -535 45 
3812 -534 45 
3806 -533 45 
3800 -532 45 
3793 -530 46 
3787 -529 46 
3781 -527 46 
3775 -526 46 
3768 -524 46 
3762 -522 46 
3755 -520 46 
3749 -518 46 
3742 -516 46 
3736 -514 46 
3729 -511 46 
3723 -509 47 
3716 -507 47 
3710 -504 47 
3703 -501 47 
3697 -498 47 
3690 -496 47 
3683 -493 47 
3677 -490 47 
3670 -486 47 
3663 -483 47 
3656 -480 47 
3650 -476 47 
3643 -473 47 
3636 -469 47 
3629 -466 47 
3622 -462 47 
3615 -458 48 
3608 -454 48 
3601 -450 48 
3592 -446 42 
3585 -446 42 
3582 -455 49 
3575 -461 49 
3569 -466 49 
3562 -472 49 
3555 -477 49 
3549 -482 49 
3542 -487 48 
3535 -492 48 
3528 -497 48 
3521 -502 48 
3515 -506 48 
3508 -511 48 
3501 -515 48 
3494 -519 48 
3487 -523 48 
3480 -527 48 
3473 -531 47 
3466 -534 47 
3459 -538 47 
3452 -541 47 
3445 -545 47 
3438 -548 47 
3431 -551 47 
3424 -554 47 
3416 -557 47 
3409 -559 46 
3402 -562 46 
3395 -564 46 
3388 -567 46 
3381 -569 46 
3373 -571 46 
3366 -573 46 
3359 -575 46 
3351 -577 45 
3344 -578 45 
3337 -580 45 
3329 -581 45 
3322 -583 45 
3315 -584 45 
3307 -585 45 
3300 -586 44 
3292 -587 44 
3285 -588 44 
3277 -588 44 
3270 -589 44 
3262 -589 43 
3254 -589 43 
3247 -590 43 
3239 -590 43 
3231 -589 42 
3224 -589 41 
3216 -589 42 
3209 -589 43 
3202 -589 43 
3194 -589 43 
3187 -588 43 
3179 -588 44 
3172 -587 44 
3164 -587 44 
3156 -586 44 
3149 -585 44 
3141 -584 44 
3133 -583 44 
3126 -581 45 
3118 -580 45 
3110 -579 45 
3103 -577 45 
3095 -575 45 
3087 -574 45 
3079 -572 45 
3072 -570 45 
3064 -568 45 
3056 -566 46 
3048 -563 46 
3040 -561 46 
3032 -559 46 
3025 -556 46 
3017 -554 46 
3009 -551 46 
3001 -548 46 
2991 -545 41 
2983 -545 41 
2976 -545 41 
2968 -545 41 
2965 -555 49 
2958 -561 49 
2951 -566 49 
2943 -572 48 
2936 -577 48 
2929 -582 48 
2922 -587 48 
2914 -592 48 
2907 -597 48 
2898 -597 44 
2891 -597 44 
2883 -597 44 
2876 -597 44 
2869 -597 44 
2861 -597 44 
2854 -597 44 
2847 -597 44 
2839 -597 44 
2832 -597 44 
2824 -597 44 
2817 -597 44 
2809 -597 44 
2802 -597 44 
2794 -597 44 
2787 -597 44 
2779 -597 44 
2772 -597 44 
2764 -597 44 
2756 -597 44 
2749 -597 44 
2741 -597 44 
2734 -597 44 
2726 -597 44 
2718 -597 44 
2711 -597 44 
2703 -597 44 
2695 -597 44 
2687 -597 44 
2680 -597 44 
2672 -597 44 
2664 -597 44 
2656 -597 44 
2648 -597 44 
2641 -597 44 
2633 -597 44 
2625 -597 44 
2617 -597 44 
2609 -597 44 
2601 -597 44 
2593 -597 44 
2585 -597 44 
2578 -597 44 
2570 -597 44 
2562 -597 44 
2554 -597 44 
2546 -597 44 
2538 -597 44 
2530 -597 44 
2522 -597 44 
2514 -597 44 
2506 -597 44 
2497 -597 44 
2489 -597 44 
2481 -597 44 
2473 -597 44 
2465 -597 44 
2457 -597 44 
2449 -597 44 
2441 -597 44 
2433 -597 44 
2424 -597 44 
2416 -597 44 
2408 -597 44 
2400 -597 44 
2392 -597 44 
2383 -597 44 
2375 -597 44 
2367 -597 44 
2358 -597 44 
2350 -597 44 
2342 -597 44 
2334 -597 44 
2325 -597 44 
2317 -597 44 
2309 -597 44 
2300 -597 44 
2292 -597 44 
2284 -597 44 
2275 -597 44 
2267 -597 44 
2258 -597 44 
2250 -597 44 
2242 -597 44 
2233 -597 44 
2225 -597 44 
2216 -597 44 
2208 -597 44 
2199 -597 44 
2191 -597 44 
2182 -597 44 
2174 -597 44 
2165 -597 44 
2157 -597 44 
2148 -597 44 
2140 -597 44 
2131 -597 44 
2123 -597 44 
2114 -597 44 
2105 -597 44 
2097 -597 44 
2088 -597 44 
2080 -597 44 
2071 -597 44 
2062 -597 44 
2054 -597 44 
2045 -597 44 
2036 -597 44 
2028 -597 44 
2019 -597 44 
2010 -597 44 
2002 -597 44 
1993 -597 44 
1984 -597 44 
1976 -597 44 
1967 -597 44 
1958 -597 44 
1949 -597 44 
1941 -597 44 
1934 -593 48 
1925 -587 48 
1917 -581 48 
1908 -575 48 
1899 -569 48 
1890 -562 48 
1881 -556 48 
1873 -550 48 
1860 -545 41 
1852 -545 41 
1844 -545 41 
1836 -545 41 
1828 -545 41 
1821 -545 41 
1814 -545 41 
1806 -545 41 
1799 -546 42 
1792 -546 42 
1786 -546 42 
1779 -546 42 
1772 -546 42 
