144 2022-06-27
4174 -272 50 
4174 -272 50 
4174 -272 51 
4174 -272 51 
4174 -271 51 
4175 -271 52 
4175 -271 52 
4175 -270 52 
4175 -269 52 
4175 -268 52 
4175 -267 53 
4175 -266 53 
4175 -265 53 
4175 -264 53 
4175 -263 53 
4175 -261 53 
4175 -260 53 
4175 -258 53 
4176 -256 54 
4176 -254 54 
4176 -252 54 
4174 -250 50 
4174 -250 50 
4174 -250 50 
4174 -250 50 
4174 -250 50 
4174 -250 50 
4174 -250 50 
4174 -250 50 
4174 -250 50 
4174 -250 50 
4174 -250 50 
4174 -250 50 
4174 -250 50 
4174 -250 50 
4173 -249 48 
4173 -249 48 
4173 -249 47 
4174 -248 47 
4174 -248 47 
4175 -248 47 
4176 -248 46 
4178 -248 46 
4179 -248 46 
4181 -247 45 
4183 -247 45 
4185 -247 45 
4187 -247 45 
4190 -247 45 
4192 -247 45 
4195 -247 44 
4198 -247 44 
4201 -247 44 
4204 -247 44 
4207 -247 44 
4211 -247 44 
4214 -247 44 
4218 -247 44 
4221 -247 44 
4225 -247 44 
4229 -247 44 
4232 -247 44 
4236 -247 44 
4241 -251 50 
4236 -247 45 
4234 -247 45 
4232 -247 45 
4229 -247 45 
4227 -247 45 
4226 -247 45 
4224 -248 45 
4222 -248 46 
4221 -248 46 
4219 -248 46 
4218 -248 46 
4217 -248 46 
4216 -248 46 
4215 -248 46 
4213 -248 46 
4212 -248 46 
4210 -248 46 
4208 -248 46 
4206 -247 45 
4204 -247 45 
4202 -247 45 
4199 -247 45 
4197 -247 45 
4194 -247 45 
4191 -247 44 
4188 -247 44 
4185 -247 44 
4182 -247 44 
4178 -247 44 
4175 -247 44 
4171 -247 44 
4168 -247 44 
4164 -247 44 
4160 -247 44 
4156 -247 44 
4152 -247 44 
4148 -247 44 
4144 -247 44 
4140 -246 43 
4136 -246 43 
4132 -246 43 
4128 -246 43 
4124 -246 43 
4119 -246 43 
4115 -246 43 
4111 -246 43 
4106 -246 43 
4102 -246 43 
4097 -246 43 
4097 -256 50 
4092 -262 50 
4087 -267 50 
4083 -273 50 
4078 -278 50 
4073 -283 50 
4069 -288 50 
4064 -293 50 
4059 -298 50 
4054 -302 49 
4050 -307 49 
4045 -311 49 
4040 -316 49 
4036 -320 49 
4031 -324 49 
4027 -328 49 
4022 -332 49 
4018 -335 49 
4013 -339 49 
4009 -342 49 
4004 -345 49 
4000 -349 49 
3995 -352 49 
3991 -355 48 
3987 -358 48 
3983 -360 48 
3978 -363 48 
3974 -365 48 
3970 -368 48 
3967 -370 48 
3963 -372 48 
3959 -374 48 
3956 -376 48 
3952 -378 48 
3949 -380 48 
3945 -381 48 
3942 -383 48 
3939 -384 48 
3936 -385 48 
3933 -386 48 
3930 -387 47 
3927 -388 47 
3924 -389 47 
3922 -390 47 
3919 -390 47 
3916 -391 47 
3914 -391 47 
3911 -391 46 
3909 -391 46 
3906 -391 46 
3903 -391 45 
3901 -391 46 
3898 -391 46 
3900 -393 50 
3900 -393 51 
3900 -392 51 
3900 -392 51 
3900 -391 51 
3901 -390 52 
3901 -390 52 
3901 -389 52 
3901 -388 52 
3901 -386 52 
3901 -385 52 
3901 -384 52 
3901 -382 52 
3901 -381 53 
3901 -379 53 
3901 -377 53 
3901 -376 53 
3901 -374 53 
3901 -372 53 
3901 -370 53 
3901 -367 53 
3901 -365 53 
3902 -363 53 
3901 -360 53 
3901 -357 53 
3901 -354 53 
3900 -352 53 
3900 -349 53 
3900 -346 53 
3899 -342 53 
3898 -339 53 
3898 -336 53 
3897 -333 53 
3896 -329 52 
3896 -326 52 
3895 -322 52 
3894 -318 52 
3893 -314 52 
3892 -311 52 
3891 -307 52 
3889 -303 52 
3888 -298 52 
3887 -294 52 
3886 -290 52 
3884 -286 52 
3883 -281 52 
3881 -277 52 
3880 -272 52 
3878 -267 52 
3877 -262 52 
3875 -258 52 
3873 -253 52 
3868 -247 45 
3866 -247 45 
3863 -247 45 
3861 -247 45 
3858 -247 45 
3855 -247 45 
3852 -247 44 
3849 -247 44 
3846 -247 44 
3843 -247 44 
3840 -247 44 
3836 -247 44 
3833 -247 44 
3829 -247 44 
3825 -247 44 
3821 -247 44 
3818 -247 44 
3814 -247 44 
3813 -256 51 
3809 -262 51 
3805 -267 51 
3801 -273 50 
3797 -278 50 
3793 -283 50 
3789 -288 50 
3784 -293 50 
3780 -298 50 
3776 -302 50 
3771 -307 50 
3767 -311 50 
3763 -316 49 
3758 -320 49 
3754 -324 49 
3749 -328 49 
3744 -332 49 
3740 -335 49 
3735 -339 49 
3730 -342 49 
3726 -345 49 
3721 -349 48 
3713 -346 43 
3709 -347 44 
3705 -347 44 
3700 -346 45 
3695 -346 45 
3690 -346 45 
3685 -345 45 
3681 -345 45 
3676 -344 45 
3671 -343 46 
3666 -342 46 
3661 -341 46 
3656 -340 46 
3650 -339 46 
3645 -337 46 
3640 -336 46 
3635 -334 46 
3630 -333 47 
3624 -331 47 
3619 -329 47 
3614 -327 47 
3608 -325 47 
3603 -323 47 
3598 -321 47 
3592 -318 47 
3587 -316 47 
3581 -313 47 
3576 -311 47 
3570 -308 47 
3564 -305 47 
3559 -302 47 
3553 -299 48 
3547 -296 48 
3542 -293 48 
3536 -290 48 
3530 -287 48 
3524 -283 48 
3519 -280 48 
3513 -276 48 
3507 -273 48 
3501 -269 48 
3495 -265 48 
3489 -261 48 
3483 -257 48 
3477 -253 48 
3468 -246 42 
3462 -246 42 
3456 -246 42 
3450 -246 42 
3444 -246 42 
3439 -246 42 
3433 -246 42 
3427 -246 42 
3422 -246 42 
3420 -255 50 
3414 -261 50 
3409 -267 50 
3403 -272 49 
3397 -277 49 
3392 -283 49 
3386 -288 49 
3380 -293 49 
3374 -297 49 
3368 -302 49 
3363 -307 49 
3357 -311 49 
3351 -315 49 
3345 -319 48 
3340 -323 48 
3334 -327 48 
3328 -331 48 
3323 -335 48 
3317 -338 48 
3312 -342 48 
3306 -345 48 
3301 -348 48 
3295 -351 48 
3290 -354 48 
3284 -357 48 
3279 -360 48 
3274 -362 47 
3268 -365 47 
3263 -367 47 
3258 -370 47 
3253 -372 47 
3248 -374 47 
3243 -376 47 
3238 -377 47 
3233 -379 47 
3228 -381 47 
3223 -382 47 
3218 -383 46 
3213 -385 46 
3208 -386 46 
3203 -387 46 
3198 -388 46 
3193 -388 46 
3188 -389 46 
3184 -390 45 
3179 -390 45 
3174 -390 45 
3169 -390 45 
3165 -390 44 
3160 -390 44 
3155 -390 43 
3151 -390 44 
3147 -390 45 
3143 -390 45 
3138 -390 45 
3134 -389 45 
3130 -389 46 
3126 -388 46 
3121 -388 46 
3117 -387 46 
3113 -386 46 
3109 -385 46 
3105 -384 47 
3100 -382 47 
3096 -381 47 
3092 -380 47 
3087 -378 47 
3083 -376 47 
3078 -375 47 
3074 -373 47 
3069 -371 47 
3065 -369 47 
3060 -367 47 
3055 -364 48 
3051 -362 48 
3046 -360 48 
3041 -357 48 
3036 -355 48 
3032 -352 48 
3027 -349 48 
3022 -346 48 
3017 -343 48 
3012 -340 48 
3007 -337 48 
3002 -334 48 
2997 -330 48 
2992 -327 48 
2987 -324 48 
2981 -320 48 
2976 -316 48 
2971 -312 48 
2966 -309 49 
2960 -305 49 
2955 -301 49 
2950 -297 49 
2944 -292 49 
2939 -288 49 
2934 -284 49 
2928 -279 49 
2923 -275 49 
2917 -270 49 
2912 -266 49 
2906 -261 49 
2900 -256 49 
2895 -251 49 
2889 -257 50 
2884 -263 50 
2878 -268 49 
2872 -274 49 
2867 -279 49 
2861 -284 49 
2855 -289 49 
2849 -294 49 
2843 -299 49 
2837 -304 49 
2831 -308 49 
2825 -313 49 
2819 -317 48 
2813 -321 48 
2807 -325 48 
2801 -329 48 
2795 -333 48 
2789 -336 48 
2783 -340 48 
2777 -343 48 
2771 -347 48 
2764 -350 47 
2758 -353 47 
2752 -356 47 
2746 -359 47 
2739 -361 47 
2733 -364 47 
2726 -366 47 
2720 -369 47 
2714 -371 46 
2707 -373 46 
2701 -375 46 
2694 -377 46 
2688 -379 46 
2681 -380 46 
2675 -382 46 
2668 -383 46 
2661 -385 45 
2655 -386 45 
2648 -387 45 
2641 -388 45 
2635 -389 45 
2628 -389 45 
2621 -390 44 
2614 -391 44 
2608 -391 44 
2601 -391 44 
2594 -391 43 
2587 -391 43 
2580 -391 43 
2573 -391 42 
2567 -391 43 
2560 -391 43 
2554 -391 43 
2547 -391 44 
2541 -390 44 
2535 -390 44 
2528 -389 44 
2522 -389 45 
2516 -388 45 
2510 -387 45 
2504 -386 45 
2497 -385 45 
2491 -383 45 
2485 -382 46 
2479 -381 46 
2473 -379 46 
2467 -377 46 
2460 -376 46 
2454 -374 46 
2448 -372 46 
2442 -370 46 
2435 -368 46 
2429 -366 46 
2423 -363 47 
2416 -361 47 
2410 -358 47 
2403 -356 47 
2397 -353 47 
2390 -350 47 
2384 -347 47 
2377 -344 47 
2371 -341 47 
2364 -338 47 
2357 -335 47 
2351 -332 47 
2344 -328 47 
2337 -325 47 
2331 -321 47 
2324 -317 47 
2317 -314 48 
2310 -310 48 
2304 -306 48 
2297 -302 48 
2290 -298 48 
2283 -294 48 
2276 -289 48 
2269 -285 48 
2262 -281 48 
2255 -276 48 
2249 -271 48 
2242 -267 48 
2235 -262 48 
2228 -257 48 
2220 -252 48 
2210 -246 42 
2207 -255 49 
2200 -261 49 
2193 -266 49 
2186 -272 49 
2179 -277 48 
2172 -282 48 
2164 -287 48 
2157 -292 48 
2150 -297 48 
2143 -302 48 
2136 -306 48 
2129 -311 48 
2121 -315 48 
2114 -319 48 
2107 -323 48 
2100 -327 47 
2092 -331 47 
2085 -334 47 
2078 -338 47 
2070 -341 47 
2063 -345 47 
2056 -348 47 
2048 -351 47 
2041 -354 47 
2033 -357 46 
2026 -359 46 
2018 -362 46 
2011 -364 46 
2003 -367 46 
1996 -369 46 
1988 -371 46 
1981 -373 46 
1973 -375 45 
1966 -377 45 
1958 -378 45 
1950 -380 45 
1943 -381 45 
1935 -383 45 
1927 -384 45 
1920 -385 44 
1912 -386 44 
1904 -387 44 
1896 -387 44 
1889 -388 44 
1881 -389 44 
1873 -389 43 
1865 -389 43 
1857 -389 43 
1849 -390 42 
1841 -389 42 
1833 -389 41 
1826 -389 42 
1818 -389 42 
1810 -389 43 
1803 -389 43 
1795 -388 43 
1787 -388 43 
1779 -387 44 
1772 -387 44 
1764 -386 44 
1756 -385 44 
1748 -384 44 
1740 -383 44 
1732 -381 44 
1724 -380 45 
1716 -378 45 
1708 -377 45 
1700 -375 45 
1692 -374 45 
1684 -372 45 
1676 -370 45 
1668 -368 45 
1660 -366 45 
1652 -363 45 
1644 -361 46 
1636 -359 46 
1628 -356 46 
1620 -354 46 
1612 -351 46 
1604 -348 46 
1596 -345 46 
1587 -342 46 
1579 -339 46 
1571 -336 46 
1563 -333 46 
1555 -329 46 
1546 -326 46 
1538 -323 47 
1530 -319 47 
1522 -315 47 
1513 -312 47 
1505 -308 47 
1497 -304 47 
1488 -300 47 
1480 -296 47 
1472 -292 47 
1463 -287 47 
1455 -283 47 
1447 -278 47 
1438 -274 47 
1430 -269 47 
1422 -265 47 
1413 -260 47 
1405 -255 47 
1396 -250 47 
1388 -245 47 
1379 -240 48 
1371 -235 48 
1363 -230 48 
1354 -224 48 
1346 -219 48 
1338 -214 48 
1329 -208 48 
1321 -202 48 
1309 -195 41 
1302 -195 41 
1299 -200 50 
1301 -196 43 
1306 -196 43 
1311 -196 43 
1316 -196 43 
1321 -196 43 
1325 -196 43 
1330 -196 43 
1335 -196 43 
1340 -196 43 
1345 -196 43 
1350 -196 43 
1355 -196 43 
1360 -196 43 
1365 -196 43 
1373 -206 50 
1378 -211 50 
1383 -217 50 
1388 -222 50 
1393 -228 50 
1398 -233 50 
1403 -238 50 
1408 -243 49 
1413 -248 49 
1418 -252 49 
1423 -257 49 
1428 -261 49 
1434 -265 49 
1439 -270 49 
1444 -274 49 
1449 -277 49 
1455 -281 48 
1460 -285 48 
1465 -288 48 
1471 -292 48 
1476 -295 48 
1482 -298 48 
1487 -301 48 
1493 -304 48 
1498 -307 47 
1504 -310 47 
1510 -312 47 
1515 -315 47 
1521 -317 47 
1527 -319 47 
1532 -321 47 
1538 -323 47 
1544 -325 46 
1550 -327 46 
1555 -329 46 
1561 -330 46 
1567 -332 46 
1573 -333 46 
1579 -334 46 
1585 -335 45 
1591 -336 45 
1597 -337 45 
1602 -338 45 
1608 -339 45 
1613 -339 45 
1619 -340 45 
1624 -340 44 
1629 -340 44 
1634 -340 44 
1639 -340 44 
1644 -340 43 
1649 -340 44 
1654 -340 44 
1659 -340 45 
1664 -340 45 
1669 -339 45 
1673 -339 46 
1678 -338 46 
1682 -338 46 
1686 -337 46 
1690 -336 46 
1695 -335 47 
1699 -334 47 
1703 -332 47 
1707 -331 47 
1712 -330 47 
1716 -328 47 
1720 -326 47 
1725 -325 47 
1729 -323 47 
1734 -321 47 
1738 -319 47 
1743 -317 48 
1747 -314 48 
1752 -312 48 
1757 -310 48 
1761 -307 48 
1766 -305 48 
1771 -302 48 
1775 -299 48 
1780 -296 48 
1785 -293 48 
1790 -290 48 
1795 -287 48 
1800 -284 48 
1805 -280 48 
1810 -277 48 
1815 -274 48 
1820 -270 48 
1825 -266 49 
1830 -263 49 
1835 -259 49 
1841 -255 49 
1846 -251 49 
1848 -246 43 
1853 -246 43 
1858 -246 43 
1867 -256 50 
1872 -261 50 
1877 -267 50 
1882 -272 50 
1888 -278 50 
1893 -283 49 
1898 -288 49 
1903 -293 49 
1909 -297 49 
1914 -302 49 
1919 -307 49 
1925 -311 49 
1930 -315 49 
1936 -319 49 
1941 -323 48 
1947 -327 48 
1952 -331 48 
1958 -335 48 
1963 -338 48 
1969 -342 48 
1975 -345 48 
1980 -348 48 
1986 -351 48 
1992 -354 47 
1998 -357 47 
2003 -360 47 
2009 -362 47 
2015 -365 47 
2021 -367 47 
2027 -369 47 
2033 -371 47 
2039 -373 46 
2045 -375 46 
2050 -377 46 
2056 -379 46 
2062 -380 46 
2067 -382 46 
2073 -383 46 
2078 -384 46 
2083 -386 46 
2089 -387 46 
2094 -387 46 
2098 -388 46 
2103 -389 45 
2108 -390 45 
2113 -390 45 
2117 -390 45 
2122 -390 45 
2126 -391 45 
2130 -390 44 
2134 -390 44 
2139 -390 44 
2143 -390 45 
2147 -390 45 
2151 -390 46 
2155 -390 46 
2159 -389 46 
2162 -389 46 
2166 -388 47 
2170 -387 47 
2173 -386 47 
2177 -385 47 
2181 -384 47 
2184 -383 47 
2188 -381 47 
2191 -380 48 
2195 -378 48 
2198 -377 48 
2202 -375 48 
2205 -373 48 
2208 -371 48 
2212 -369 48 
2215 -367 48 
2218 -365 49 
2222 -363 49 
2225 -360 49 
2229 -358 49 
2232 -355 49 
2235 -352 49 
2239 -350 49 
2243 -347 49 
2246 -344 49 
2250 -341 49 
2254 -337 49 
2257 -334 49 
2261 -331 49 
2265 -327 49 
2269 -324 49 
2273 -320 49 
2277 -317 49 
2281 -313 49 
2285 -309 49 
2289 -305 49 
2293 -301 49 
2297 -297 50 
2301 -293 50 
2305 -289 50 
2310 -284 50 
2314 -280 50 
2318 -275 50 
2323 -271 50 
2327 -266 50 
2331 -261 50 
2336 -256 50 
2340 -251 50 
2341 -246 43 
2350 -256 50 
2354 -262 50 
2359 -267 50 
2363 -273 50 
2368 -278 50 
2372 -283 50 
2377 -288 50 
2382 -293 50 
2387 -298 50 
2391 -302 49 
2396 -307 49 
2401 -311 49 
2406 -316 49 
2411 -320 49 
2416 -324 49 
2421 -328 49 
2426 -331 49 
2431 -335 49 
2436 -339 48 
2441 -342 48 
2446 -345 48 
2451 -348 48 
2456 -351 48 
2462 -354 48 
2467 -357 48 
2472 -360 48 
2477 -362 47 
2483 -365 47 
2488 -367 47 
2494 -369 47 
2499 -372 47 
2504 -374 47 
2510 -375 47 
2515 -377 46 
2521 -379 46 
2527 -380 46 
2532 -382 46 
2538 -383 46 
2543 -384 46 
2549 -385 46 
2555 -386 45 
2560 -387 45 
2566 -388 45 
2572 -389 45 
2578 -389 45 
2583 -390 44 
2589 -390 44 
2595 -390 44 
2601 -390 44 
2607 -390 43 
2612 -390 42 
2619 -390 43 
2625 -390 43 
2631 -390 44 
2638 -389 44 
2644 -389 44 
2650 -388 44 
2656 -388 45 
2663 -387 45 
2669 -386 45 
2675 -385 45 
2682 -384 45 
2688 -383 45 
2695 -382 45 
2701 -380 45 
2707 -379 46 
2714 -377 46 
2720 -376 46 
2727 -374 46 
2734 -372 46 
2740 -370 46 
2747 -368 46 
2753 -366 46 
2760 -364 46 
2767 -361 46 
2773 -359 46 
2780 -357 47 
2787 -354 47 
2793 -351 47 
2800 -348 47 
2807 -346 47 
2814 -343 47 
2820 -340 47 
2827 -336 47 
2834 -333 47 
2841 -330 47 
2848 -327 47 
2855 -323 47 
2862 -319 47 
2869 -316 47 
2876 -312 47 
2883 -308 47 
2890 -304 48 
2897 -300 48 
2904 -296 48 
2911 -292 48 
2918 -288 48 
2925 -283 48 
2932 -279 48 
2939 -274 48 
2946 -270 48 
2954 -265 48 
2961 -260 48 
2968 -255 48 
2975 -251 48 
2983 -257 49 
2990 -262 49 
2997 -268 49 
3004 -273 49 
3011 -279 48 
3018 -284 48 
3025 -289 48 
3032 -294 48 
3039 -299 48 
3047 -303 48 
3054 -308 48 
3061 -312 48 
3068 -316 48 
3075 -321 48 
3083 -325 47 
3090 -329 47 
3097 -332 47 
3105 -336 47 
3112 -340 47 
3119 -343 47 
3127 -346 47 
3134 -349 47 
3141 -352 47 
3149 -355 46 
3156 -358 46 
3164 -361 46 
3171 -364 46 
3179 -366 46 
3186 -368 46 
3194 -371 46 
3201 -373 46 
3209 -375 46 
3216 -377 45 
3224 -378 45 
3231 -380 45 
3239 -382 45 
3247 -383 45 
3254 -384 45 
3262 -385 45 
3269 -387 44 
3277 -388 44 
3285 -388 44 
3292 -389 44 
3300 -390 44 
3308 -390 44 
3316 -391 43 
3323 -391 43 
3331 -391 43 
3339 -391 42 
3346 -391 42 
3354 -391 41 
3362 -391 42 
3370 -391 42 
3378 -391 43 
3386 -391 43 
3394 -390 43 
3400 -393 51 
3400 -393 51 
3400 -392 52 
3401 -391 52 
3401 -390 52 
3401 -389 52 
3401 -388 52 
3401 -387 52 
3401 -386 52 
3401 -384 52 
3401 -383 53 
3401 -381 53 
3401 -379 53 
3401 -377 53 
3401 -375 53 
3401 -373 53 
3401 -371 53 
3401 -369 53 
3401 -367 53 
3401 -364 53 
3402 -362 54 
3402 -359 53 
3402 -356 53 
3402 -353 53 
3402 -350 53 
3402 -347 53 
3403 -344 53 
3403 -341 53 
3404 -338 53 
3404 -334 53 
3405 -331 53 
3406 -327 53 
3406 -324 53 
3407 -320 53 
3408 -316 52 
3409 -312 52 
3410 -308 52 
3411 -304 52 
3412 -300 52 
3414 -296 52 
3415 -292 52 
3416 -287 52 
3417 -283 52 
3419 -278 52 
3420 -274 52 
3422 -269 52 
3423 -264 52 
3425 -259 52 
3427 -254 52 
3425 -248 46 
3427 -247 45 
3429 -247 45 
3431 -247 45 
3434 -247 45 
3440 -257 52 
3442 -262 52 
3445 -268 52 
3448 -273 52 
3450 -279 51 
3453 -284 51 
3456 -289 51 
3459 -294 51 
3462 -298 51 
3465 -303 51 
3468 -308 51 
3471 -312 51 
3474 -316 50 
3477 -320 50 
3480 -324 50 
3483 -328 50 
3486 -332 50 
3490 -336 50 
3493 -339 50 
3497 -343 50 
3500 -346 49 
3503 -349 49 
3504 -347 44 
3508 -347 45 
3512 -347 45 
3516 -347 45 
3520 -347 46 
3524 -346 46 
3528 -346 46 
3532 -345 46 
3536 -344 46 
3540 -343 46 
3544 -342 47 
3548 -341 47 
3552 -340 47 
3556 -339 47 
3560 -338 47 
3564 -336 47 
3568 -335 47 
3573 -333 47 
3577 -331 47 
3581 -329 47 
3586 -327 47 
3590 -325 48 
3595 -323 48 
3599 -321 48 
3604 -319 48 
3608 -316 48 
3613 -314 48 
3617 -311 48 
3622 -308 48 
3627 -306 48 
3632 -303 48 
3636 -300 48 
3641 -297 48 
3646 -294 48 
3651 -290 48 
3656 -287 48 
3661 -284 48 
3666 -280 48 
3671 -277 49 
3676 -273 49 
3681 -269 49 
3686 -265 49 
3691 -261 49 
3696 -257 49 
3701 -253 49 
3703 -246 43 
3708 -246 43 
3714 -246 43 
3719 -246 43 
3724 -246 43 
3729 -246 43 
3734 -246 43 
3739 -246 43 
3744 -246 43 
3749 -246 43 
3754 -246 43 
3759 -246 43 
3768 -256 50 
3773 -261 50 
3778 -267 50 
3783 -272 50 
3788 -278 50 
3793 -283 50 
3798 -288 49 
3804 -293 49 
3809 -297 49 
3814 -302 49 
3819 -307 49 
3825 -311 49 
3830 -315 49 
3835 -319 49 
3841 -324 49 
3846 -327 48 
3852 -331 48 
3857 -335 48 
3863 -338 48 
3868 -342 48 
3874 -345 48 
3879 -348 48 
3882 -346 42 
3888 -346 43 
3894 -346 44 
3900 -346 44 
3906 -346 44 
3912 -345 44 
3918 -345 45 
3924 -344 45 
3930 -343 45 
3936 -343 45 
3942 -342 45 
3948 -341 45 
3954 -339 45 
3960 -338 46 
3966 -337 46 
3972 -335 46 
3978 -334 46 
3985 -332 46 
3991 -330 46 
3997 -329 46 
4003 -327 46 
4009 -325 46 
4016 -323 46 
4022 -320 47 
4028 -318 47 
4035 -316 47 
4041 -313 47 
4048 -311 47 
4054 -308 47 
4060 -305 47 
4067 -302 47 
4073 -299 47 
4080 -296 47 
4086 -293 47 
4093 -290 47 
4100 -286 47 
4106 -283 47 
4113 -280 47 
4119 -276 47 
4126 -272 48 
4133 -269 48 
4139 -265 48 
4146 -261 48 
4153 -257 48 
4160 -253 48 
4163 -246 42 
4170 -246 42 
4177 -246 42 
4183 -246 42 
4190 -246 42 
4196 -246 42 
4202 -246 42 
4208 -246 42 
4213 -246 43 
4219 -246 43 
4223 -246 43 
4228 -246 43 
4232 -246 43 
4236 -247 44 
4241 -251 50 
4236 -247 45 
4234 -247 45 
4231 -247 45 
4228 -247 45 
4225 -247 44 
4222 -247 44 
4219 -247 44 
4215 -247 44 
4212 -247 44 
4209 -247 44 
4205 -247 44 
4201 -247 44 
4198 -247 44 
4194 -247 44 
4190 -247 44 
4186 -247 44 
4182 -247 44 
4178 -247 43 
4174 -247 43 
4170 -246 43 
4166 -246 43 
4162 -246 43 
4157 -246 43 
4153 -246 43 
4149 -246 43 
4144 -246 43 
4140 -246 43 
4135 -246 43 
4131 -246 43 
4127 -246 43 
4122 -246 43 
4119 -247 44 
4115 -247 44 
4112 -247 44 
4109 -247 44 
4106 -247 44 
4103 -247 44 
4100 -247 45 
4098 -247 45 
4095 -247 45 
4094 -247 45 
4093 -248 46 
4092 -248 46 
4091 -248 47 
4091 -249 48 
4092 -249 49 
4095 -258 55 
4095 -264 55 
4096 -269 55 
4096 -275 55 
4096 -280 54 
4097 -285 54 
4097 -290 54 
4098 -295 54 
4099 -300 54 
4099 -304 53 
4100 -309 53 
4101 -313 53 
4102 -318 55 
4102 -323 55 
4102 -327 55 
4102 -331 55 
4102 -334 55 
4102 -338 55 
4102 -342 54 
4102 -345 54 
4102 -348 54 
4102 -351 54 
4102 -355 54 
4102 -357 54 
4102 -360 54 
4102 -363 54 
4102 -366 54 
4102 -368 54 
4101 -370 53 
4101 -373 53 
4101 -375 53 
4101 -377 53 
4101 -379 53 
4101 -380 53 
4101 -382 53 
4101 -384 53 
4101 -385 52 
4101 -386 52 
4101 -388 52 
4101 -389 52 
4101 -390 52 
4101 -391 52 
4100 -391 51 
4100 -392 51 
4100 -392 50 
4101 -392 50 
4101 -393 50 
4101 -393 49 
4101 -393 49 
4102 -393 48 
4102 -392 47 
4103 -392 48 
4104 -392 48 
4104 -392 49 
4105 -392 49 
4106 -391 49 
4107 -391 49 
4108 -390 49 
4108 -398 46 
4109 -398 46 
4111 -398 46 
4112 -398 46 
4114 -397 45 
4116 -397 45 
4118 -397 45 
4121 -397 45 
4123 -397 45 
4126 -397 45 
4129 -397 44 
4132 -397 44 
4135 -397 44 
4138 -397 44 
4141 -397 44 
4145 -397 44 
4148 -397 44 
4152 -397 44 
4155 -397 44 
4159 -397 44 
4163 -397 44 
4167 -397 44 
4171 -397 44 
4175 -397 44 
4178 -397 44 
4182 -397 44 
4185 -397 44 
4188 -397 45 
4190 -397 45 
4192 -398 46 
4194 -398 46 
4195 -398 47 
4195 -398 47 
4196 -399 48 
4196 -399 48 
4195 -399 48 
4194 -398 47 
4193 -398 47 
4192 -398 46 
4190 -398 46 
4188 -398 46 
4186 -397 45 
4184 -397 45 
4182 -397 45 
4179 -397 45 
4177 -397 45 
4174 -397 45 
4171 -397 44 
4168 -397 44 
4165 -397 44 
4162 -397 44 
4162 -406 51 
4159 -412 51 
4155 -418 51 
4152 -423 51 
4148 -428 51 
4145 -433 51 
4141 -438 51 
4138 -443 51 
4134 -448 50 
4130 -453 50 
4126 -457 50 
4123 -462 50 
4119 -466 50 
4115 -470 50 
4111 -474 50 
4107 -478 50 
4103 -482 49 
4099 -485 49 
4095 -489 49 
4091 -492 49 
4087 -496 49 
4083 -499 49 
4078 -502 49 
4074 -505 49 
4070 -508 48 
4065 -510 48 
4061 -513 48 
4057 -515 48 
4052 -518 48 
4048 -520 48 
4043 -522 48 
4039 -524 47 
4034 -526 47 
4029 -528 47 
4025 -529 47 
4020 -531 47 
4015 -532 47 
4010 -533 47 
4006 -535 46 
4001 -536 46 
3996 -537 46 
3991 -538 46 
3986 -538 46 
3981 -539 45 
3976 -539 45 
3971 -540 45 
3966 -540 45 
3961 -540 44 
3955 -540 44 
3950 -540 44 
3945 -540 43 
3940 -540 44 
3935 -540 44 
3930 -540 44 
3925 -540 45 
3919 -539 45 
3914 -539 45 
3909 -538 45 
3904 -537 45 
3899 -537 46 
3895 -536 46 
3890 -535 46 
3885 -534 46 
3881 -532 46 
3876 -531 47 
3872 -530 47 
3868 -528 47 
3863 -526 47 
3859 -525 47 
3855 -523 48 
3851 -521 48 
3848 -519 48 
3844 -517 48 
3840 -515 48 
3837 -512 48 
3833 -510 49 
3830 -508 49 
3826 -505 49 
3823 -502 49 
3819 -500 49 
3816 -497 49 
3812 -494 49 
3809 -491 49 
3805 -487 49 
3802 -484 49 
3798 -481 49 
3794 -477 49 
3790 -474 49 
3787 -470 49 
3783 -467 49 
3779 -463 49 
3775 -459 49 
3771 -455 49 
3767 -451 50 
3760 -446 43 
3756 -446 43 
3751 -446 43 
3747 -446 43 
3743 -446 43 
3739 -446 43 
3734 -446 43 
3730 -446 43 
3725 -446 43 
3721 -446 43 
3717 -446 43 
3712 -446 43 
3708 -446 43 
3703 -446 43 
3698 -446 43 
3694 -446 43 
3689 -446 43 
3685 -446 43 
3680 -446 43 
3675 -446 43 
3671 -446 43 
3666 -446 43 
3661 -446 43 
3657 -446 43 
3652 -446 43 
3647 -446 43 
3646 -456 50 
3641 -461 50 
3637 -467 50 
3632 -472 50 
3627 -478 50 
3622 -483 50 
3617 -488 50 
3612 -493 50 
3607 -498 49 
3602 -502 49 
3597 -507 49 
3592 -511 49 
3586 -515 49 
3581 -520 49 
3576 -524 49 
3571 -527 49 
3566 -531 49 
3560 -535 48 
3555 -538 48 
3549 -542 48 
3544 -545 48 
3539 -548 48 
3533 -551 48 
3528 -554 48 
3522 -557 48 
3517 -560 47 
3511 -562 47 
3505 -565 47 
3500 -567 47 
3494 -569 47 
3488 -572 47 
3483 -573 47 
3477 -575 47 
3471 -577 46 
3465 -579 46 
3459 -580 46 
3453 -582 46 
3447 -583 46 
3442 -584 46 
3436 -585 45 
3430 -586 45 
3424 -587 45 
3417 -588 45 
3411 -589 45 
3405 -589 45 
3399 -589 44 
3393 -590 44 
3387 -590 44 
3380 -590 43 
3374 -590 43 
3367 -589 42 
3362 -590 43 
3356 -590 43 
3349 -590 44 
3343 -589 44 
3337 -589 44 
3331 -588 44 
3325 -588 44 
3318 -587 45 
3312 -586 45 
3306 -585 45 
3299 -584 45 
3293 -583 45 
3287 -582 45 
3280 -580 45 
3274 -579 46 
3267 -577 46 
3261 -576 46 
3254 -574 46 
3247 -572 46 
3241 -570 46 
3234 -568 46 
3228 -566 46 
3221 -564 46 
3214 -561 46 
3208 -559 46 
3201 -557 46 
3194 -554 47 
3187 -551 47 
3181 -548 47 
3171 -546 42 
3165 -546 42 
3158 -546 42 
3152 -546 42 
3146 -546 42 
3140 -546 42 
3133 -546 42 
3127 -546 42 
3121 -546 42 
3116 -546 42 
3110 -546 42 
3104 -546 42 
3098 -546 42 
3093 -546 42 
3087 -546 42 
3082 -546 42 
3076 -546 42 
3071 -546 42 
3065 -546 42 
3060 -546 43 
3054 -546 43 
3049 -546 43 
3044 -546 43 
3038 -546 43 
3033 -546 43 
3028 -546 43 
3023 -546 43 
3018 -546 43 
3016 -556 50 
3011 -561 50 
3006 -567 50 
3000 -572 50 
2995 -578 50 
2989 -583 49 
2984 -588 49 
2979 -593 49 
2973 -597 49 
2968 -602 49 
2962 -607 49 
2957 -611 49 
2951 -615 49 
2945 -619 49 
2940 -623 48 
2934 -627 48 
2928 -631 48 
2927 -638 55 
2927 -641 55 
2927 -644 54 
2927 -646 54 
2927 -647 54 
2926 -649 53 
2926 -650 53 
2926 -651 53 
2926 -651 52 
2926 -652 52 
2926 -652 52 
2925 -652 51 
2925 -652 51 
2925 -652 50 
2925 -652 50 
2925 -652 51 
2925 -652 51 
2925 -652 51 
2925 -652 51 
2925 -651 51 
2925 -651 51 
2926 -650 52 
2926 -650 52 
2926 -650 52 
2926 -649 52 
2926 -648 52 
2926 -648 52 
2926 -647 52 
2926 -647 52 
2926 -646 52 
2926 -645 52 
2926 -645 52 
2926 -644 52 
2926 -643 52 
2926 -643 52 
2926 -642 52 
2926 -641 52 
2926 -641 52 
2926 -640 52 
2926 -639 52 
2926 -639 52 
2926 -638 52 
2926 -637 52 
2926 -636 51 
2925 -635 51 
2926 -634 51 
2926 -634 51 
2926 -633 51 
2926 -632 51 
2926 -631 50 
2927 -631 50 
2927 -630 50 
2927 -629 50 
2928 -628 50 
2928 -627 50 
2929 -626 50 
2929 -625 50 
2930 -624 50 
2930 -623 50 
2931 -621 50 
2932 -620 50 
2933 -618 51 
2934 -616 51 
2935 -615 51 
2936 -613 51 
2937 -611 51 
2938 -609 51 
2939 -606 51 
2941 -604 51 
2942 -602 51 
2943 -599 51 
2945 -597 51 
2946 -594 51 
2948 -591 51 
2950 -589 51 
2951 -586 51 
2953 -583 51 
2955 -580 51 
2957 -576 51 
2958 -573 51 
2960 -570 51 
2962 -566 51 
2964 -563 51 
2966 -559 51 
2969 -556 51 
2971 -552 51 
2970 -547 45 
2972 -547 45 
2975 -547 45 
2978 -547 44 
2981 -547 44 
2984 -547 44 
2987 -547 44 
2990 -547 44 
2993 -547 44 
2997 -547 44 
3000 -547 44 
3004 -547 44 
3007 -547 44 
3011 -547 44 
3015 -547 44 
3019 -547 44 
3023 -547 44 
3027 -547 43 
3031 -546 43 
3035 -546 43 
3039 -546 43 
3043 -546 43 
3047 -546 43 
3052 -546 43 
3056 -546 43 
3060 -547 43 
3064 -547 44 
3068 -547 44 
3071 -547 44 
3074 -547 44 
3077 -547 45 
3080 -547 45 
3082 -548 46 
3083 -548 46 
3084 -548 47 
3085 -548 47 
3086 -549 48 
3086 -549 49 
3085 -549 48 
3084 -548 47 
3083 -548 47 
3082 -548 46 
3080 -548 46 
3079 -548 46 
3077 -548 45 
3075 -547 45 
3072 -547 45 
3070 -547 45 
3067 -547 45 
3065 -547 45 
3062 -547 45 
3059 -547 44 
3056 -547 44 
3053 -547 44 
3049 -547 44 
3046 -547 44 
3042 -547 44 
3039 -547 44 
3035 -547 44 
3032 -547 44 
3028 -547 44 
3024 -547 44 
3020 -547 44 
3016 -547 44 
3012 -547 43 
3008 -547 43 
3004 -546 43 
3000 -546 43 
2995 -546 43 
2991 -546 43 
2987 -546 43 
2983 -546 43 
2978 -546 43 
2974 -546 43 
2973 -556 50 
2968 -562 50 
2964 -567 50 
2959 -573 50 
2955 -578 50 
2950 -583 50 
2945 -588 50 
2941 -593 50 
2936 -598 50 
2931 -602 49 
2926 -607 49 
2928 -615 56 
2927 -618 55 
2927 -621 55 
2927 -624 54 
2927 -626 54 
2927 -627 54 
2926 -629 53 
2926 -630 53 
2926 -631 53 
2926 -632 52 
2926 -632 52 
2926 -632 52 
2925 -633 51 
2925 -632 51 
2925 -632 50 
2925 -632 50 
2925 -632 51 
2925 -632 51 
2925 -632 51 
2925 -632 51 
2925 -632 51 
2926 -631 51 
2926 -631 52 
2926 -630 52 
2926 -630 52 
2926 -629 52 
2926 -629 52 
2926 -628 52 
2926 -628 52 
2926 -627 52 
2926 -626 52 
2926 -626 52 
2926 -625 52 
2926 -624 52 
2926 -624 52 
2926 -623 52 
2926 -622 52 
2926 -622 52 
2926 -621 52 
2926 -620 52 
2926 -620 52 
2926 -619 52 
2926 -618 52 
2926 -617 52 
2926 -617 52 
2926 -616 52 
2926 -615 52 
2926 -615 52 
2926 -614 52 
2926 -613 52 
2926 -612 52 
2926 -611 51 
2925 -610 51 
2926 -610 51 
2926 -609 51 
2926 -608 51 
2926 -607 51 
2927 -606 51 
2927 -604 51 
2928 -603 51 
2928 -602 51 
2929 -600 51 
2930 -599 51 
2930 -597 51 
2931 -595 51 
2932 -593 51 
2933 -591 51 
2934 -589 51 
2935 -587 51 
2936 -585 51 
2937 -582 51 
2939 -580 51 
2940 -577 51 
2941 -575 51 
2943 -572 51 
2944 -569 51 
2946 -566 51 
2947 -563 51 
2949 -560 51 
2950 -557 51 
2952 -554 51 
2954 -550 51 
2956 -547 51 
2958 -543 51 
2952 -541 55 
2952 -538 55 
2952 -534 55 
2952 -530 55 
2952 -526 55 
2952 -522 55 
2952 -518 55 
2952 -514 55 
2952 -510 55 
2952 -505 55 
2952 -501 55 
2952 -496 55 
2952 -492 55 
2952 -487 55 
2952 -482 55 
2952 -477 55 
2952 -473 55 
2952 -468 56 
2952 -462 55 
2953 -457 55 
2953 -452 55 
2953 -446 55 
2953 -441 55 
2954 -435 55 
2954 -430 54 
2955 -424 54 
2955 -418 54 
2956 -412 54 
2957 -406 54 
2957 -400 54 
2958 -394 54 
2959 -388 54 
2960 -382 54 
2961 -376 54 
2962 -369 54 
2963 -363 54 
2964 -356 54 
2966 -350 54 
2967 -343 54 
2968 -337 54 
2970 -330 54 
2971 -323 54 
2973 -316 54 
2974 -309 54 
2976 -302 54 
2977 -295 54 
2979 -288 54 
2981 -280 54 
2983 -273 54 
2985 -266 54 
2987 -258 54 
2984 -247 45 
2986 -247 45 
2988 -248 46 
2990 -248 46 
2991 -248 47 
2992 -248 47 
2993 -249 48 
2993 -249 49 
2992 -249 48 
2991 -248 47 
2990 -248 47 
2989 -248 46 
2987 -248 46 
2986 -248 46 
2984 -247 45 
2982 -247 45 
2979 -247 45 
2981 -257 52 
2978 -262 52 
2976 -268 52 
2973 -273 52 
2971 -279 52 
2969 -284 52 
2967 -289 52 
2965 -294 52 
2963 -299 52 
2961 -304 52 
2959 -308 52 
2957 -313 52 
2956 -317 52 
2954 -321 52 
2953 -325 52 
2951 -329 52 
2950 -333 52 
2949 -337 52 
2947 -340 52 
2946 -344 52 
2945 -347 52 
2944 -350 52 
2943 -353 52 
2942 -356 52 
2941 -359 52 
2940 -362 52 
2939 -364 52 
2938 -367 52 
2937 -369 52 
2937 -372 52 
2936 -374 52 
2935 -376 52 
2935 -378 52 
2934 -380 52 
2934 -382 52 
2934 -383 52 
2934 -385 52 
2933 -386 52 
2933 -387 51 
2933 -388 51 
2932 -389 51 
2932 -390 51 
2932 -391 51 
2932 -392 51 
2931 -392 50 
2931 -393 50 
2931 -393 50 
2930 -393 50 
2930 -393 49 
2929 -393 49 
2929 -393 48 
2929 -393 49 
2929 -393 50 
2929 -393 50 
2929 -392 50 
2929 -392 50 
2929 -391 51 
2929 -391 51 
2929 -390 51 
2929 -390 52 
2929 -389 52 
2929 -387 52 
2929 -386 52 
2930 -385 51 
2930 -383 51 
2930 -382 51 
2931 -380 51 
2931 -378 51 
2932 -377 51 
2932 -375 51 
2933 -373 51 
2934 -371 51 
2934 -369 51 
2935 -366 51 
2936 -364 51 
2937 -361 51 
2938 -359 51 
2939 -356 51 
2940 -354 51 
2942 -351 51 
2943 -348 51 
2944 -345 51 
2946 -342 51 
2947 -339 51 
2949 -335 51 
2950 -332 51 
2952 -329 51 
2953 -325 51 
2955 -321 51 
2957 -318 51 
2958 -314 51 
2960 -310 51 
2962 -306 51 
2964 -302 51 
2966 -298 51 
2968 -294 51 
2970 -289 51 
2973 -285 51 
2975 -281 51 
2977 -276 51 
2979 -271 51 
2982 -267 51 
2984 -262 51 
2987 -257 51 
2989 -252 51 
2992 -258 52 
2995 -264 52 
2997 -270 52 
3000 -275 52 
3003 -280 51 
3006 -285 51 
3008 -290 51 
3011 -295 51 
3014 -300 51 
3017 -305 51 
3020 -309 51 
3023 -314 51 
3027 -318 50 
3030 -322 50 
3033 -326 50 
3036 -330 50 
3039 -334 50 
3043 -337 50 
3046 -341 50 
3050 -344 49 
3053 -348 49 
3057 -351 49 
3060 -354 49 
3064 -357 49 
3067 -359 49 
3071 -362 49 
3074 -365 49 
3078 -367 49 
3081 -370 49 
3085 -372 48 
3088 -374 48 
3091 -376 48 
3095 -378 48 
3098 -380 48 
3101 -381 48 
3104 -383 48 
3108 -384 48 
3111 -386 48 
3114 -387 47 
3117 -388 47 
3121 -389 47 
3124 -390 47 
3127 -391 47 
3130 -391 47 
3133 -392 47 
3136 -392 46 
3139 -393 46 
3142 -393 46 
3145 -393 45 
3148 -393 45 
3151 -392 44 
3155 -392 45 
3158 -392 45 
3162 -392 46 
3166 -392 46 
3169 -392 46 
3173 -391 46 
3177 -390 46 
3180 -390 46 
3184 -389 47 
3188 -388 47 
3192 -387 47 
3196 -386 47 
3200 -384 47 
3204 -383 47 
3208 -381 47 
3212 -380 47 
3216 -378 47 
3220 -376 47 
3224 -375 48 
3228 -373 48 
3232 -371 48 
3237 -368 48 
3241 -366 48 
3245 -364 48 
3250 -362 48 
3254 -359 48 
3258 -356 48 
3263 -354 48 
3267 -351 48 
3272 -348 48 
3277 -345 48 
3281 -342 48 
3286 -339 48 
3290 -336 48 
3295 -332 49 
3300 -329 49 
3305 -325 49 
3310 -322 49 
3314 -318 49 
3319 -314 49 
3324 -310 49 
3329 -307 49 
3334 -303 49 
3339 -298 49 
3344 -294 49 
3349 -290 49 
3354 -286 49 
3359 -281 49 
3365 -277 49 
3370 -272 49 
3375 -267 49 
3380 -263 49 
3385 -258 49 
3391 -253 49 
3393 -246 43 
3398 -246 43 
3403 -246 43 
3409 -246 43 
3414 -246 43 
3423 -256 50 
3428 -261 50 
3433 -267 50 
3438 -272 50 
3444 -278 50 
3449 -283 49 
3454 -288 49 
3460 -293 49 
3465 -297 49 
3470 -302 49 
3476 -307 49 
3481 -311 49 
3487 -315 49 
3492 -319 49 
3498 -323 48 
3503 -327 48 
3509 -331 48 
3515 -335 48 
3520 -338 48 
3526 -342 48 
3532 -345 48 
3538 -348 48 
3541 -346 42 
3547 -346 43 
3553 -346 44 
3559 -346 44 
3565 -346 44 
3571 -345 44 
3577 -345 45 
3583 -344 45 
3590 -343 45 
3596 -343 45 
3602 -342 45 
3608 -341 45 
3614 -339 45 
3621 -338 45 
3627 -337 46 
3633 -335 46 
3639 -334 46 
3645 -332 46 
3651 -331 46 
3657 -329 46 
3663 -327 46 
3669 -325 47 
3675 -323 47 
3681 -320 47 
3687 -318 47 
3692 -316 47 
3698 -313 47 
3704 -311 47 
3709 -308 47 
3715 -305 47 
3721 -302 48 
3726 -300 48 
3731 -297 48 
3737 -293 48 
3742 -290 48 
3747 -287 48 
3752 -284 48 
3757 -280 48 
3762 -277 49 
3767 -273 49 
3772 -269 49 
3777 -265 49 
3782 -261 49 
3787 -257 49 
3792 -253 49 
3794 -246 43 
3799 -246 43 
3804 -246 43 
3809 -246 43 
3814 -246 43 
3819 -246 43 
3824 -246 43 
3829 -246 43 
3835 -246 43 
3840 -246 43 
3848 -256 50 
3853 -261 50 
3858 -267 50 
3863 -272 50 
3868 -278 50 
3873 -283 50 
3878 -288 49 
3884 -293 49 
3889 -297 49 
3894 -302 49 
3899 -307 49 
3905 -311 49 
3910 -315 49 
3915 -319 49 
3921 -324 49 
3926 -327 48 
3931 -331 48 
3937 -335 48 
3942 -338 48 
3948 -342 48 
3953 -345 48 
3959 -348 48 
3965 -351 48 
3970 -354 48 
3976 -357 47 
3982 -360 47 
3987 -362 47 
3993 -365 47 
3999 -367 47 
4005 -369 47 
4010 -371 47 
4016 -373 47 
4022 -375 46 
4028 -377 46 
4034 -379 46 
4040 -380 46 
4046 -382 46 
4052 -383 46 
4058 -384 45 
4064 -385 45 
4070 -386 45 
4076 -387 45 
4082 -388 45 
4088 -389 45 
4094 -389 44 
4100 -389 44 
4107 -390 44 
4112 -396 42 
4118 -396 42 
4124 -396 42 
4130 -396 42 
4136 -396 42 
4142 -396 42 
4148 -396 42 
4153 -396 43 
4158 -396 43 
4163 -396 43 
4167 -396 43 
4172 -397 43 
4175 -397 44 
4179 -397 44 
4182 -397 45 
4184 -397 45 
4186 -397 45 
4188 -398 46 
4189 -398 46 
4190 -398 47 
4191 -399 48 
4192 -399 49 
4191 -399 48 
4190 -398 47 
4189 -398 47 
4187 -398 46 
4186 -398 46 
4184 -398 46 
4182 -398 46 
4180 -397 45 
4178 -397 45 
4176 -397 45 
4173 -397 45 
4170 -397 45 
4168 -397 45 
4165 -397 44 
4162 -397 44 
4158 -397 44 
4155 -397 44 
4152 -397 44 
4148 -397 44 
4145 -397 44 
4141 -397 44 
4137 -397 44 
4134 -397 44 
4130 -397 44 
4126 -397 44 
4122 -397 44 
4118 -397 44 
4114 -397 43 
4110 -397 43 
4106 -397 44 
4102 -397 45 
4098 -397 45 
4094 -396 45 
4090 -396 45 
4085 -395 46 
4081 -395 46 
4077 -394 46 
4072 -393 46 
4068 -392 46 
4064 -391 46 
4059 -390 46 
4055 -389 47 
4050 -387 47 
4045 -386 47 
4041 -384 47 
4036 -383 47 
4031 -381 47 
4027 -379 47 
4022 -377 47 
4017 -375 47 
4012 -373 47 
4007 -371 47 
4002 -369 47 
3997 -366 47 
3992 -364 48 
3987 -361 48 
3982 -358 48 
3977 -356 48 
3972 -353 48 
3967 -350 48 
3962 -347 48 
3957 -343 48 
3951 -340 48 
3946 -337 48 
3941 -334 48 
3935 -330 48 
3930 -326 48 
3925 -323 48 
3919 -319 48 
3914 -315 48 
3908 -311 48 
3903 -307 48 
3897 -303 49 
3892 -299 49 
3886 -295 49 
3881 -290 49 
3875 -286 49 
3870 -281 49 
3865 -277 49 
3860 -272 49 
3855 -268 49 
3850 -263 49 
3845 -258 50 
3840 -253 50 
3832 -246 43 
3828 -246 43 
3825 -247 44 
3822 -247 44 
3820 -247 45 
3818 -247 45 
3816 -248 46 
3815 -248 46 
3815 -248 47 
3815 -248 47 
3815 -249 48 
3815 -249 48 
3815 -249 48 
3815 -248 47 
3816 -248 47 
3817 -248 46 
3818 -248 46 
3820 -248 46 
3822 -248 45 
3824 -247 45 
3826 -247 45 
3828 -247 45 
3834 -257 52 
3837 -262 52 
3839 -268 52 
3842 -273 52 
3844 -279 51 
3847 -284 51 
3850 -289 51 
3853 -294 51 
3855 -298 51 
3858 -303 51 
3861 -308 51 
3864 -312 51 
3867 -316 50 
3870 -320 50 
3873 -324 50 
3876 -328 50 
3880 -332 50 
3883 -336 50 
3886 -339 50 
3889 -343 50 
3893 -346 49 
3896 -349 49 
3900 -352 49 
3903 -355 49 
3907 -358 49 
3910 -360 49 
3914 -363 49 
3917 -365 48 
3921 -368 48 
3925 -370 48 
3929 -372 48 
3932 -374 48 
3936 -376 48 
3940 -378 48 
3944 -379 47 
3948 -381 47 
3952 -382 47 
3956 -384 47 
3960 -385 47 
3964 -386 47 
3968 -387 46 
3972 -388 46 
3977 -389 46 
3981 -389 46 
3985 -390 46 
3989 -390 45 
3994 -390 45 
3998 -390 45 
4002 -391 44 
4007 -390 44 
4011 -390 43 
4016 -390 44 
4021 -390 44 
4025 -390 45 
4030 -390 45 
4035 -389 45 
4040 -389 45 
4045 -388 45 
4050 -387 46 
4055 -387 46 
4060 -386 46 
4064 -385 46 
4069 -384 46 
4074 -382 47 
4078 -381 47 
4083 -380 47 
4087 -378 47 
4091 -376 47 
4095 -375 47 
4101 -376 53 
4101 -374 53 
4101 -372 53 
4101 -370 53 
4101 -367 54 
4101 -365 54 
4102 -363 54 
4102 -360 54 
4101 -358 54 
4101 -355 54 
4101 -352 54 
4101 -349 54 
4101 -346 54 
4101 -343 54 
4101 -340 54 
4101 -337 54 
4101 -333 54 
4101 -330 54 
4100 -326 54 
4100 -323 54 
4100 -319 54 
4100 -315 54 
4100 -311 54 
4099 -307 54 
4099 -303 54 
4099 -299 54 
4098 -295 54 
4098 -291 54 
4098 -286 54 
4098 -282 54 
4097 -278 54 
4097 -273 54 
4097 -268 54 
4097 -264 54 
4096 -259 55 
4096 -254 55 
4093 -249 48 
4092 -249 48 
4092 -249 48 
4096 -258 55 
4095 -264 55 
4095 -270 55 
4095 -275 55 
4095 -280 55 
4094 -286 55 
4094 -291 55 
4094 -296 55 
4094 -301 56 
4094 -305 55 
4094 -310 55 
4094 -314 55 
4094 -318 54 
4094 -322 54 
4095 -326 54 
4095 -330 54 
4095 -334 53 
4096 -337 53 
4096 -341 53 
4097 -344 53 
4097 -347 52 
4098 -350 52 
4099 -353 52 
4100 -356 52 
4102 -360 54 
4102 -363 54 
4102 -366 54 
4102 -368 54 
4101 -370 53 
4101 -373 53 
4101 -375 53 
4101 -377 53 
4101 -379 53 
4101 -380 53 
4101 -382 53 
4101 -384 53 
4101 -385 52 
4101 -386 52 
4101 -388 52 
4101 -389 52 
4101 -390 52 
4101 -391 52 
4100 -391 51 
4100 -392 51 
4100 -392 50 
4101 -392 50 
4101 -393 50 
4101 -393 49 
4101 -393 49 
4102 -392 48 
4102 -392 47 
4103 -392 48 
4104 -392 48 
4105 -392 49 
4105 -392 49 
4106 -391 49 
4107 -391 49 
4108 -390 49 
4108 -398 46 
4109 -398 46 
4111 -398 46 
4112 -398 46 
4114 -397 45 
4116 -397 45 
4118 -397 45 
4121 -397 45 
4123 -397 45 
4126 -397 45 
4129 -397 44 
4132 -397 44 
4135 -397 44 
4138 -397 44 
4141 -397 45 
4143 -397 45 
4145 -398 45 
4147 -398 46 
4148 -398 46 
4149 -398 47 
4150 -399 48 
4150 -399 49 
4149 -399 48 
4149 -398 47 
4147 -398 47 
4146 -398 46 
4145 -398 46 
4143 -398 46 
4141 -398 46 
4139 -397 45 
4137 -397 45 
4134 -397 45 
4132 -397 45 
4129 -397 45 
4126 -397 45 
4123 -397 44 
4120 -397 44 
4117 -397 44 
4114 -397 44 
4111 -397 44 
4111 -406 51 
4107 -412 51 
4104 -417 51 
4100 -423 51 
4096 -428 51 
4093 -433 51 
4089 -438 51 
4085 -443 50 
4081 -448 50 
4078 -453 50 
4074 -457 50 
4070 -462 50 
4066 -466 50 
4062 -470 50 
4058 -474 50 
4054 -478 49 
4050 -482 49 
4045 -485 49 
4041 -489 49 
4037 -492 49 
4033 -496 49 
4028 -499 49 
4024 -502 49 
4020 -505 48 
4015 -507 48 
4011 -510 48 
4006 -513 48 
4002 -515 48 
3997 -518 48 
3992 -520 48 
3988 -522 48 
3983 -524 47 
3978 -526 47 
3974 -527 47 
3969 -529 47 
3964 -531 47 
3959 -532 47 
3954 -533 46 
3949 -535 46 
3944 -536 46 
3939 -537 46 
3934 -537 46 
3929 -538 46 
3924 -539 45 
3919 -539 45 
3914 -540 45 
3909 -540 45 
3903 -540 44 
3898 -540 44 
3893 -540 44 
3887 -540 43 
3882 -540 44 
3877 -540 44 
3872 -540 44 
3867 -540 44 
3861 -539 45 
3856 -539 45 
3851 -538 45 
3845 -537 45 
3840 -536 45 
3834 -535 45 
3829 -534 46 
3823 -533 46 
3818 -532 46 
3812 -531 46 
3806 -529 46 
3801 -528 46 
3795 -526 46 
3789 -524 46 
3784 -522 46 
3778 -520 46 
3772 -518 47 
3766 -516 47 
3760 -514 47 
3755 -512 47 
3749 -509 47 
3743 -507 47 
3737 -504 47 
3731 -501 47 
3725 -499 47 
3719 -496 47 
3713 -493 47 
3707 -490 47 
3700 -487 47 
3694 -483 47 
3688 -480 48 
3682 -477 48 
3676 -473 48 
3670 -470 48 
3663 -466 48 
3657 -462 48 
3651 -458 48 
3644 -454 48 
3638 -450 48 
3632 -457 49 
3626 -463 49 
3620 -468 49 
3613 -474 49 
3607 -479 49 
3600 -484 49 
3594 -489 49 
3587 -494 49 
3581 -499 48 
3574 -503 48 
3568 -508 48 
3561 -512 48 
3554 -517 48 
3548 -521 48 
3541 -525 48 
3534 -529 48 
3528 -532 48 
3521 -536 48 
3514 -540 47 
3507 -543 47 
3501 -546 47 
3494 -549 47 
3487 -553 47 
3480 -555 47 
3473 -558 47 
3466 -561 47 
3459 -564 47 
3452 -566 46 
3445 -568 46 
3438 -571 46 
3431 -573 46 
3424 -575 46 
3417 -577 46 
3411 -578 46 
3404 -580 46 
3397 -582 46 
3391 -583 46 
3385 -585 45 
3378 -586 45 
3372 -587 45 
3366 -588 45 
3360 -589 45 
3354 -590 45 
3348 -590 45 
3343 -591 45 
3337 -591 45 
3332 -592 44 
3326 -592 44 
3321 -592 44 
3316 -592 44 
3310 -591 43 
3306 -592 44 
3301 -592 44 
3297 -592 45 
3292 -591 45 
3288 -591 45 
3283 -591 46 
3279 -590 46 
3275 -589 46 
3271 -588 46 
3267 -588 46 
3263 -587 47 
3259 -585 47 
3255 -584 47 
3252 -583 47 
3248 -581 47 
3245 -580 48 
3241 -578 48 
3238 -577 48 
3235 -575 48 
3232 -573 48 
3229 -571 49 
3226 -569 49 
3223 -567 49 
3220 -564 49 
3217 -562 49 
3215 -560 49 
3212 -557 49 
3209 -554 50 
3207 -552 50 
3202 -547 45 
3200 -547 45 
3198 -547 45 
3196 -547 45 
3194 -547 45 
3192 -548 45 
3191 -548 46 
3189 -548 46 
3188 -548 46 
3186 -548 46 
3185 -548 46 
3184 -548 46 
3183 -548 46 
3182 -548 46 
3181 -548 46 
3180 -548 47 
3179 -548 47 
3178 -548 47 
3178 -548 47 
3177 -548 47 
3176 -548 47 
3176 -548 47 
3175 -548 47 
3175 -548 47 
3174 -548 47 
3174 -548 47 
3177 -558 55 
3176 -564 55 
3176 -569 55 
3175 -575 54 
3175 -580 54 
3174 -585 54 
3174 -590 54 
3173 -595 54 
3173 -600 54 
3172 -605 54 
3172 -609 54 
3172 -614 54 
3171 -618 54 
3171 -622 54 
3170 -626 54 
3170 -630 54 
3169 -634 54 
3169 -638 54 
3169 -641 54 
3169 -645 54 
3169 -648 54 
3169 -652 54 
3169 -655 54 
3169 -657 54 
3169 -660 53 
3169 -663 53 
3169 -665 53 
3169 -667 52 
3169 -670 52 
3170 -672 52 
3170 -674 52 
3171 -676 51 
3171 -678 51 
3172 -679 51 
3172 -681 51 
3173 -683 51 
3174 -684 50 
3175 -685 50 
3176 -686 50 
3177 -687 50 
3178 -688 49 
3179 -689 49 
3180 -690 49 
3181 -691 49 
3182 -691 48 
3183 -691 48 
3185 -692 48 
3186 -692 48 
3187 -692 48 
3188 -692 47 
3189 -692 47 
3190 -692 48 
3191 -692 48 
3192 -692 48 
3193 -692 49 
3194 -691 49 
3195 -691 49 
3195 -690 50 
3196 -690 50 
3197 -689 50 
3197 -688 51 
3198 -687 51 
3198 -686 51 
3198 -685 52 
3199 -684 52 
3199 -682 53 
3199 -681 53 
3199 -679 52 
3199 -677 52 
3198 -675 52 
3198 -673 52 
3198 -671 52 
3197 -669 52 
3197 -667 52 
3196 -664 52 
3196 -662 52 
3196 -659 52 
3195 -657 52 
3195 -654 53 
3195 -651 53 
3194 -649 53 
3194 -646 53 
3194 -643 53 
3193 -639 53 
3193 -636 53 
3193 -633 53 
3192 -629 53 
3192 -626 53 
3192 -622 53 
3191 -619 53 
3191 -615 54 
3191 -611 54 
3190 -607 54 
3190 -603 54 
3190 -599 54 
3189 -595 54 
3189 -591 54 
3189 -586 54 
3188 -582 54 
3188 -577 54 
3188 -573 54 
3187 -568 54 
3186 -563 54 
3186 -558 54 
3185 -553 54 
3184 -559 54 
3183 -565 54 
3182 -570 54 
3181 -576 53 
3180 -581 53 
3179 -586 53 
3178 -591 53 
3177 -596 53 
3176 -601 53 
3175 -606 53 
3174 -610 53 
3173 -615 53 
3172 -619 53 
3171 -623 53 
3170 -627 53 
3169 -631 53 
3168 -635 53 
3167 -639 53 
3167 -642 53 
3166 -646 53 
3166 -649 53 
3165 -652 53 
3165 -656 53 
3164 -658 53 
3164 -661 53 
3163 -664 52 
3163 -667 52 
3162 -669 52 
3162 -671 52 
3161 -674 52 
3161 -676 52 
3160 -678 52 
3160 -680 52 
3159 -681 52 
3159 -683 51 
3158 -685 51 
3158 -686 51 
3157 -687 51 
3157 -689 51 
3156 -690 51 
3156 -691 51 
3155 -692 50 
3155 -692 50 
3154 -693 50 
3154 -694 50 
3153 -694 50 
3153 -694 50 
3152 -694 49 
3152 -694 49 
3151 -694 48 
3150 -694 47 
3149 -694 48 
3149 -694 48 
3148 -694 49 
3147 -693 49 
3147 -693 49 
3146 -692 49 
3145 -692 49 
3144 -691 49 
3143 -690 49 
3142 -689 49 
3140 -688 49 
3139 -687 49 
3138 -685 49 
3137 -684 50 
3135 -683 50 
3134 -681 50 
3132 -679 50 
3131 -678 50 
3129 -676 50 
3127 -674 50 
3125 -672 50 
3124 -670 50 
3122 -667 50 
3120 -665 50 
3118 -663 50 
3116 -660 50 
3114 -657 50 
3112 -655 50 
3110 -652 50 
3107 -649 50 
3105 -646 50 
3103 -643 50 
3100 -640 50 
3098 -636 50 
3096 -633 50 
3093 -630 50 
3090 -626 50 
3088 -623 50 
3085 -619 50 
3082 -615 50 
3080 -611 50 
3077 -607 50 
3074 -603 50 
3071 -599 50 
3068 -595 51 
3065 -591 51 
3062 -586 51 
3059 -582 51 
3056 -577 51 
3053 -573 51 
3050 -568 51 
3047 -563 51 
3043 -558 51 
3040 -553 51 
3033 -547 44 
3033 -556 51 
3030 -562 51 
3026 -567 51 
3022 -573 51 
3019 -578 51 
3015 -583 51 
3011 -588 50 
3007 -593 50 
3004 -598 50 
3000 -603 50 
2996 -607 50 
2992 -612 50 
2988 -616 50 
2984 -620 50 
2980 -624 50 
2975 -628 49 
2971 -632 49 
2967 -635 49 
2963 -639 49 
2959 -642 49 
2954 -646 49 
2950 -649 49 
2945 -652 49 
2941 -655 48 
2937 -657 48 
2932 -660 48 
2927 -663 48 
2927 -668 54 
2927 -670 54 
2927 -672 53 
2926 -673 53 
2926 -674 53 
2926 -675 52 
2926 -675 52 
2926 -676 52 
2925 -676 51 
2933 -679 47 
2942 -684 47 
2952 -689 47 
2961 -694 47 
2970 -698 47 
2979 -703 47 
2988 -707 47 
2997 -712 47 
3006 -716 47 
3014 -720 47 
3023 -724 47 
3031 -727 47 
3039 -731 47 
3047 -734 47 
3055 -738 47 
3063 -741 47 
3071 -744 47 
3078 -747 46 
3086 -750 46 
3093 -753 46 
3100 -756 46 
3107 -758 46 
3115 -761 46 
3121 -763 46 
3128 -765 46 
3135 -767 46 
3142 -769 46 
3148 -771 46 
3155 -773 46 
3161 -775 46 
3167 -776 46 
3173 -778 46 
3179 -779 46 
3185 -780 46 
3191 -781 45 
3196 -782 45 
3202 -783 45 
3207 -784 45 
3213 -784 45 
3218 -785 45 
3223 -785 45 
3228 -786 45 
3233 -786 44 
3238 -786 44 
3243 -786 44 
3247 -786 44 
3252 -786 44 
3257 -786 45 
3262 -786 45 
3266 -785 45 
3271 -785 45 
3275 -784 46 
3280 -784 46 
3284 -783 46 
3289 -782 46 
3293 -781 46 
3298 -780 46 
3302 -779 46 
3307 -777 47 
3311 -776 47 
3316 -774 47 
3321 -773 47 
3326 -771 47 
3330 -769 47 
3335 -767 47 
3340 -765 47 
3345 -763 47 
3350 -761 47 
3355 -759 47 
3360 -757 47 
3365 -754 48 
3370 -752 48 
3375 -749 48 
3380 -746 48 
3385 -743 48 
3390 -740 48 
3395 -737 48 
3400 -734 48 
3405 -731 48 
3410 -728 48 
3415 -725 49 
3420 -721 49 
3424 -718 49 
3429 -714 49 
3433 -711 49 
3437 -707 49 
3442 -703 49 
3446 -699 49 
3450 -695 50 
3454 -691 50 
3458 -687 50 
3461 -682 50 
3465 -678 50 
3469 -674 50 
3472 -669 50 
3476 -665 50 
3479 -660 51 
3482 -655 51 
3485 -650 51 
3489 -645 51 
3492 -640 51 
3495 -635 51 
3497 -630 51 
3500 -625 51 
3503 -620 52 
3505 -614 52 
3508 -609 52 
3510 -603 52 
3513 -598 52 
3515 -592 52 
3517 -586 52 
3519 -580 52 
3521 -574 53 
3523 -568 53 
3525 -562 53 
3527 -556 53 
3529 -550 53 
3531 -544 53 
3532 -537 53 
3534 -531 54 
3535 -524 54 
3537 -518 54 
3538 -511 54 
3539 -504 54 
3540 -498 54 
3541 -491 54 
3542 -484 54 
3543 -477 55 
3544 -470 55 
3545 -463 55 
3546 -455 55 
3543 -448 47 
3543 -449 48 
3544 -449 49 
3543 -449 48 
3542 -448 47 
3541 -448 47 
3539 -448 46 
3538 -448 46 
3536 -448 46 
3534 -448 45 
3532 -447 45 
3530 -447 45 
3528 -447 45 
3525 -447 45 
3522 -447 45 
3523 -457 52 
3520 -462 52 
3517 -468 52 
3514 -473 51 
3511 -478 51 
3508 -484 51 
3505 -489 51 
3502 -494 51 
3499 -498 51 
3496 -503 51 
3492 -507 51 
3489 -512 50 
3486 -516 50 
3482 -520 50 
3479 -524 50 
3475 -528 50 
3472 -532 50 
3468 -536 50 
3465 -539 50 
3461 -542 49 
3457 -546 49 
3454 -549 49 
3450 -552 49 
3446 -555 49 
3442 -558 49 
3438 -560 49 
3434 -563 48 
3430 -565 48 
3426 -568 48 
3422 -570 48 
3418 -572 48 
3414 -574 48 
3410 -576 48 
3405 -578 47 
3401 -579 47 
3397 -581 47 
3393 -582 47 
3388 -584 47 
3384 -585 47 
3379 -586 46 
3375 -587 46 
3370 -588 46 
3366 -588 46 
3361 -589 46 
3356 -590 45 
3352 -590 45 
3347 -590 45 
3342 -590 45 
3337 -590 44 
3332 -590 44 
3327 -590 43 
3323 -590 44 
3318 -590 44 
3314 -590 45 
3309 -590 45 
3304 -589 45 
3299 -589 45 
3294 -588 45 
3289 -587 45 
3284 -587 46 
3279 -586 46 
3274 -585 46 
3269 -583 46 
3264 -582 46 
3259 -581 46 
3254 -579 46 
3248 -578 46 
3243 -576 47 
3238 -574 47 
3233 -572 47 
3227 -571 47 
3222 -569 47 
3217 -566 47 
3211 -564 47 
3206 -562 47 
3200 -559 47 
3195 -557 47 
3189 -554 47 
3183 -552 47 
3178 -549 47 
3173 -556 50 
3168 -561 50 
3162 -567 49 
3156 -572 49 
3150 -578 49 
3145 -583 49 
3139 -588 49 
3133 -593 49 
3127 -598 49 
3121 -602 49 
3115 -607 49 
3109 -611 49 
3103 -616 48 
3097 -620 48 
3091 -624 48 
3085 -628 48 
3079 -631 48 
3073 -635 48 
3067 -639 48 
3061 -642 48 
3055 -645 48 
3048 -648 47 
3042 -651 47 
3036 -654 47 
3030 -657 47 
3023 -660 47 
3017 -662 47 
3011 -665 47 
3004 -667 47 
2998 -670 46 
2991 -672 46 
2985 -674 46 
2978 -676 46 
2972 -677 46 
2965 -679 46 
2959 -680 46 
2952 -682 46 
2946 -683 45 
2939 -684 45 
2932 -685 45 
2926 -686 45 
2926 -691 52 
2926 -692 52 
2926 -692 52 
2925 -692 51 
2925 -692 51 
2925 -692 51 
2925 -692 50 
2925 -692 50 
2925 -692 51 
2925 -692 51 
2925 -692 51 
2925 -692 51 
2925 -691 51 
2925 -690 51 
2925 -690 50 
2925 -689 50 
2926 -689 50 
2926 -688 50 
2926 -688 50 
2926 -687 50 
2927 -686 50 
2927 -686 50 
2927 -685 50 
2928 -684 50 
2928 -683 50 
2929 -682 50 
2930 -681 50 
2930 -680 51 
2931 -679 51 
2932 -677 51 
2932 -676 51 
2933 -674 51 
2933 -673 51 
2934 -671 52 
2934 -669 52 
2935 -668 52 
2935 -666 52 
2936 -664 53 
2936 -662 53 
2936 -659 54 
2936 -657 54 
2936 -654 53 
2936 -652 53 
2935 -649 53 
2935 -646 53 
2935 -643 53 
2935 -640 54 
2935 -637 54 
2935 -634 54 
2935 -631 54 
2935 -627 54 
2935 -624 54 
2934 -621 54 
2934 -617 54 
2934 -613 54 
2934 -610 54 
2934 -606 54 
2934 -602 54 
2934 -598 54 
2934 -594 54 
2934 -590 55 
2934 -586 55 
2934 -581 55 
2934 -576 55 
2934 -572 55 
2934 -567 55 
2934 -562 54 
2935 -557 54 
2935 -553 54 
2935 -548 54 
2936 -543 54 
2936 -537 54 
2937 -532 54 
2938 -527 54 
2939 -521 54 
2939 -516 54 
2940 -510 54 
2941 -505 54 
2942 -499 54 
2943 -493 54 
2944 -488 54 
2946 -482 54 
2947 -476 53 
2948 -470 53 
2949 -464 53 
2951 -457 53 
2952 -451 53 
2954 -445 53 
2955 -438 53 
2957 -432 53 
2959 -425 53 
2960 -419 53 
2962 -412 53 
2964 -405 53 
2966 -398 53 
2968 -391 53 
2970 -384 53 
2972 -377 53 
2974 -370 53 
2976 -363 53 
2978 -356 53 
2980 -348 53 
2982 -341 53 
2984 -334 53 
2986 -326 54 
2988 -319 54 
2990 -311 54 
2992 -303 54 
2993 -296 54 
2995 -288 54 
2997 -280 54 
2998 -272 54 
2999 -264 55 
3001 -256 55 
2998 -248 46 
2999 -248 47 
2999 -249 48 
3000 -249 49 
3000 -249 49 
3000 -249 49 
3000 -249 49 
3000 -249 49 
3001 -249 49 
3001 -249 49 
3001 -249 49 
3001 -249 49 
3001 -249 49 
3001 -249 49 
3001 -249 49 
3001 -249 49 
3001 -249 49 
3001 -249 49 
3001 -249 49 
3001 -249 49 
3001 -249 48 
3001 -248 47 
3002 -248 47 
3003 -248 46 
3004 -248 46 
3006 -248 46 
3007 -248 45 
3009 -247 45 
3011 -247 45 
3013 -247 45 
3016 -247 45 
3018 -247 45 
3021 -247 45 
3024 -247 44 
3027 -247 44 
3030 -247 44 
3033 -247 44 
3036 -247 44 
3040 -247 44 
3043 -247 44 
3050 -256 51 
3054 -262 51 
3058 -267 51 
3061 -273 51 
3065 -278 51 
3069 -283 50 
3073 -288 50 
3076 -293 50 
3080 -298 50 
3084 -303 50 
3088 -307 50 
3092 -312 50 
3096 -316 50 
3100 -320 50 
3104 -324 49 
3108 -328 49 
3113 -332 49 
3117 -335 49 
3121 -339 49 
3125 -342 49 
3130 -345 49 
3134 -349 49 
3138 -352 49 
3143 -355 48 
3147 -357 48 
3151 -360 48 
3155 -363 48 
3160 -365 48 
3164 -368 48 
3168 -370 48 
3172 -372 48 
3176 -374 48 
3180 -376 48 
3184 -378 48 
3188 -379 47 
3192 -381 47 
3196 -382 47 
3199 -384 47 
3203 -385 47 
3206 -386 47 
3210 -387 47 
3213 -388 47 
3216 -389 47 
3219 -390 47 
3222 -390 47 
3225 -391 46 
3228 -391 46 
3231 -391 46 
3233 -391 46 
3236 -391 45 
3238 -391 45 
3241 -391 46 
3244 -391 46 
3247 -391 46 
3250 -391 47 
3252 -390 47 
3255 -390 47 
3258 -389 47 
3261 -388 47 
3263 -387 47 
3266 -386 48 
3269 -385 48 
3272 -384 48 
3275 -383 48 
3278 -382 48 
3281 -380 48 
3284 -379 48 
3287 -377 48 
3291 -375 48 
3294 -373 48 
3297 -371 48 
3300 -369 48 
3304 -367 48 
3307 -365 49 
3311 -363 49 
3314 -360 49 
3318 -358 49 
3321 -355 49 
3325 -352 49 
3328 -350 49 
3332 -347 49 
3336 -344 49 
3340 -341 49 
3343 -337 49 
3347 -334 49 
3351 -331 49 
3355 -327 49 
3359 -324 49 
3363 -320 49 
3367 -317 49 
3371 -313 49 
3375 -309 49 
3379 -305 49 
3384 -301 49 
3388 -297 49 
3392 -293 49 
3396 -289 50 
3401 -284 50 
3405 -280 50 
3409 -275 50 
3414 -271 50 
3418 -266 50 
3423 -261 50 
3427 -256 50 
3432 -251 50 
3437 -257 50 
3441 -263 50 
3446 -269 50 
3451 -274 50 
3455 -279 50 
3460 -285 50 
3465 -290 50 
3470 -295 50 
3474 -299 49 
3479 -304 49 
3484 -308 49 
3489 -313 49 
3494 -317 49 
3499 -321 49 
3504 -325 49 
3509 -329 49 
3514 -333 49 
3519 -337 48 
3524 -340 48 
3529 -344 48 
3534 -347 48 
3537 -346 43 
3543 -346 44 
3548 -346 44 
3554 -346 44 
3559 -346 45 
3564 -346 45 
3570 -345 45 
3575 -344 45 
3580 -344 45 
3585 -343 46 
3591 -342 46 
3596 -341 46 
3601 -340 46 
3606 -339 46 
3611 -337 46 
3616 -336 47 
3621 -334 47 
3626 -333 47 
3631 -331 47 
3635 -329 47 
3640 -327 47 
3645 -325 47 
3650 -323 47 
3655 -321 48 
3659 -319 48 
3664 -316 48 
3669 -314 48 
3673 -311 48 
3678 -308 48 
3682 -306 48 
3687 -303 48 
3692 -300 48 
3696 -297 48 
3701 -294 48 
3706 -290 48 
3710 -287 48 
3715 -284 48 
3720 -280 49 
3725 -277 49 
3730 -273 49 
3735 -269 49 
3740 -265 49 
3745 -261 49 
3750 -257 49 
3755 -253 49 
3757 -246 43 
3762 -246 43 
3767 -246 43 
3772 -246 43 
3777 -246 43 
3786 -256 50 
3791 -261 50 
3796 -267 50 
3801 -272 50 
3806 -278 50 
3811 -283 50 
3816 -288 49 
3822 -293 49 
3827 -297 49 
3832 -302 49 
3837 -307 49 
3843 -311 49 
3848 -315 49 
3853 -319 49 
3859 -324 49 
3864 -327 49 
3869 -331 48 
3875 -335 48 
3880 -338 48 
3885 -342 48 
3890 -345 48 
3895 -348 48 
3900 -351 48 
3905 -354 48 
3910 -357 48 
3915 -360 48 
3920 -363 48 
3925 -365 48 
3930 -367 48 
3935 -370 47 
3940 -372 47 
3944 -374 47 
3949 -376 47 
3953 -378 47 
3957 -379 47 
3961 -381 47 
3966 -382 47 
3970 -384 47 
3973 -385 47 
3977 -386 47 
3981 -387 47 
3985 -388 47 
3988 -389 47 
3992 -389 46 
3995 -390 46 
3998 -390 46 
4001 -391 46 
4004 -391 46 
4007 -391 46 
4010 -391 45 
4013 -391 45 
4016 -391 45 
4019 -391 46 
4022 -391 46 
4025 -391 47 
4027 -390 47 
4030 -390 47 
4032 -389 47 
4035 -388 48 
4037 -388 48 
4039 -387 48 
4042 -386 48 
4044 -385 49 
4046 -383 49 
4048 -382 49 
4049 -381 49 
4051 -379 49 
4053 -378 50 
4054 -376 50 
4056 -374 50 
4057 -372 50 
4059 -370 50 
4060 -368 51 
4061 -366 51 
4063 -364 51 
4064 -361 51 
4065 -359 51 
4066 -356 52 
4067 -354 52 
4067 -351 52 
4068 -348 52 
4069 -345 52 
4069 -342 53 
4070 -339 53 
4071 -336 53 
4071 -333 53 
4071 -330 54 
4072 -326 54 
4072 -323 54 
4072 -319 55 
4073 -316 55 
4072 -312 55 
4072 -308 54 
4072 -303 54 
4071 -299 54 
4071 -295 54 
4071 -291 54 
4070 -286 54 
4070 -282 54 
4069 -277 54 
4069 -273 54 
4069 -268 54 
4068 -263 54 
4068 -258 54 
4067 -254 54 
4064 -249 48 
4063 -249 48 
4063 -249 48 
4063 -249 48 
4062 -249 48 
4062 -249 48 
4062 -249 48 
4062 -249 48 
4061 -249 48 
4062 -249 49 
4062 -249 48 
4066 -258 54 
4066 -263 54 
4067 -269 54 
4068 -274 54 
4069 -280 54 
4069 -285 53 
4070 -290 53 
4071 -295 53 
4072 -299 53 
4073 -304 53 
4075 -308 53 
4076 -313 52 
4077 -317 52 
4078 -321 52 
4080 -325 52 
4081 -329 52 
4083 -333 52 
4084 -336 51 
4086 -340 51 
4088 -343 51 
4089 -347 51 
4091 -350 51 
4093 -353 51 
4095 -356 51 
4097 -359 50 
4098 -361 50 
4102 -366 54 
4101 -368 54 
4101 -370 53 
4101 -373 53 
4101 -375 53 
4101 -377 53 
4101 -379 53 
4101 -380 53 
4101 -382 53 
4101 -384 53 
4101 -385 52 
4101 -386 52 
4101 -388 52 
4101 -389 52 
4101 -390 52 
4101 -391 52 
4100 -391 51 
4100 -392 51 
4100 -392 50 
4101 -392 50 
4101 -393 50 
4101 -393 49 
4101 -393 49 
4102 -392 48 
4102 -392 47 
4103 -392 48 
4104 -392 48 
4104 -392 49 
4105 -392 49 
4106 -391 49 
4107 -391 49 
4108 -390 49 
4108 -398 46 
4109 -398 46 
4111 -398 46 
4112 -398 46 
4114 -397 45 
4116 -397 45 
4118 -397 45 
4121 -397 45 
4123 -397 45 
4126 -397 45 
4129 -397 44 
4132 -397 44 
4135 -397 44 
4138 -397 44 
4141 -397 44 
4145 -397 44 
4148 -397 44 
4152 -397 44 
4155 -397 44 
4159 -397 44 
4163 -397 44 
4167 -397 44 
4171 -397 44 
4175 -397 44 
4179 -396 43 
4183 -396 43 
4187 -396 43 
4191 -396 43 
4195 -396 43 
4199 -396 43 
4204 -396 43 
4208 -396 43 
4212 -396 43 
4217 -396 43 
4221 -396 43 
4225 -397 44 
4229 -397 44 
4232 -397 44 
4236 -397 44 
4239 -397 44 
4241 -397 45 
4244 -397 45 
4246 -398 46 
4247 -398 46 
4248 -398 47 
4249 -398 47 
4250 -399 48 
4249 -399 48 
4249 -399 48 
4248 -398 47 
4246 -398 47 
4245 -398 46 
4243 -398 46 
4242 -398 46 
4240 -397 45 
4238 -397 45 
4235 -397 45 
4233 -397 45 
4230 -397 45 
4227 -397 45 
4225 -397 44 
4222 -397 44 
4218 -397 44 
4215 -397 44 
4212 -397 44 
4209 -397 44 
4205 -397 44 
4201 -397 44 
4198 -397 44 
4194 -397 44 
4190 -397 44 
4186 -397 44 
4182 -397 44 
4178 -397 44 
4174 -397 43 
4170 -396 43 
4166 -396 43 
4162 -396 43 
4158 -396 43 
4153 -396 43 
4149 -396 43 
4148 -406 51 
4144 -412 50 
4140 -417 50 
4135 -423 50 
4131 -428 50 
4126 -433 50 
4121 -438 50 
4117 -443 50 
4112 -448 50 
4107 -452 50 
4103 -457 49 
4098 -461 49 
4093 -466 49 
4088 -470 49 
4083 -474 49 
4078 -478 49 
4074 -481 49 
4069 -485 49 
4064 -489 49 
4059 -492 48 
4053 -495 48 
4048 -498 48 
4043 -501 48 
4038 -504 48 
4033 -507 48 
4028 -510 48 
4022 -512 48 
4017 -515 47 
4012 -517 47 
4006 -519 47 
4001 -522 47 
3996 -524 47 
3990 -525 47 
3985 -527 47 
3979 -529 46 
3974 -530 46 
3968 -532 46 
3962 -533 46 
3957 -534 46 
3951 -535 46 
3945 -536 45 
3940 -537 45 
3934 -538 45 
3928 -539 45 
3922 -539 45 
3916 -540 44 
3910 -540 44 
3904 -540 44 
3898 -540 44 
3892 -540 43 
3886 -540 42 
3881 -540 43 
3875 -540 44 
3869 -540 44 
3863 -539 44 
3857 -539 44 
3851 -538 44 
3845 -538 45 
3839 -537 45 
3833 -536 45 
3827 -535 45 
3821 -534 45 
3815 -533 45 
3809 -532 45 
3803 -530 46 
3796 -529 46 
3790 -527 46 
3784 -526 46 
3777 -524 46 
3771 -522 46 
3765 -520 46 
3758 -518 46 
3752 -516 46 
3746 -514 46 
3739 -511 46 
3733 -509 47 
3726 -507 47 
3720 -504 47 
3713 -501 47 
3707 -498 47 
3700 -496 47 
3693 -493 47 
3687 -490 47 
3680 -486 47 
3674 -483 47 
3667 -480 47 
3660 -476 47 
3653 -473 47 
3647 -469 47 
3640 -466 47 
3633 -462 47 
3626 -458 48 
3619 -454 48 
3613 -450 48 
3603 -446 42 
3596 -446 42 
3593 -455 49 
3587 -461 49 
3580 -466 49 
3573 -472 49 
3567 -477 49 
3560 -482 49 
3553 -487 49 
3547 -492 48 
3540 -497 48 
3533 -502 48 
3526 -506 48 
3519 -511 48 
3513 -515 48 
3506 -519 48 
3499 -523 48 
3492 -527 48 
3485 -531 48 
3478 -534 47 
3471 -538 47 
3464 -541 47 
3457 -545 47 
3450 -548 47 
3443 -551 47 
3436 -554 47 
3429 -557 47 
3422 -559 47 
3415 -562 46 
3407 -564 46 
3400 -567 46 
3393 -569 46 
3386 -571 46 
3379 -573 46 
3371 -575 46 
3364 -577 46 
3357 -578 45 
3349 -580 45 
3342 -581 45 
3335 -583 45 
3327 -584 45 
3320 -585 45 
3313 -586 44 
3305 -587 44 
3298 -588 44 
3290 -588 44 
3283 -589 44 
3275 -589 43 
3268 -589 43 
3260 -590 43 
3252 -590 43 
3245 -590 42 
3237 -589 42 
3230 -589 42 
3222 -589 43 
3215 -589 43 
3208 -589 43 
3200 -589 43 
3193 -588 44 
3185 -587 44 
3178 -587 44 
3170 -586 44 
3162 -585 44 
3155 -584 44 
3147 -583 44 
3140 -581 45 
3132 -580 45 
3124 -579 45 
3117 -577 45 
3109 -575 45 
3101 -574 45 
3093 -572 45 
3086 -570 45 
3078 -568 45 
3070 -566 46 
3062 -563 46 
3054 -561 46 
3047 -559 46 
3039 -556 46 
3031 -554 46 
3023 -551 46 
3015 -548 46 
3005 -545 41 
2997 -545 41 
2990 -545 41 
2983 -546 41 
2976 -546 42 
2969 -546 42 
2962 -546 42 
2956 -546 43 
2949 -546 43 
2943 -546 43 
2936 -546 44 
2930 -545 44 
2923 -545 44 
2916 -544 44 
2909 -543 44 
2903 -542 45 
2896 -541 45 
2889 -540 45 
2882 -539 45 
2875 -538 45 
2868 -537 45 
2861 -535 45 
2854 -534 45 
2847 -532 45 
2840 -530 46 
2833 -528 46 
2826 -527 46 
2819 -524 46 
2812 -522 46 
2805 -520 46 
2798 -518 46 
2791 -515 46 
2784 -513 46 
2776 -510 46 
2769 -508 46 
2762 -505 46 
2755 -502 47 
2748 -499 47 
2740 -496 47 
2733 -493 47 
2726 -490 47 
2718 -486 47 
2711 -483 47 
2704 -479 47 
2696 -476 47 
2689 -472 47 
2681 -468 47 
2674 -465 47 
2667 -461 47 
2659 -457 47 
2652 -453 47 
2644 -448 47 
2637 -444 47 
2629 -440 48 
2622 -435 48 
2614 -431 48 
2606 -426 48 
2599 -422 48 
2591 -417 48 
2584 -412 48 
2576 -407 48 
2568 -402 48 
2561 -397 48 
2553 -392 48 
2545 -387 48 
2538 -381 48 
2530 -376 48 
2522 -370 48 
2514 -365 48 
2507 -359 48 
2499 -354 48 
2491 -348 48 
2483 -342 48 
2475 -336 48 
2467 -330 48 
2460 -324 48 
2452 -318 49 
2444 -311 49 
2436 -305 49 
2428 -299 49 
2420 -292 49 
2412 -286 49 
2404 -279 49 
2397 -273 49 
2389 -266 49 
2381 -259 49 
2374 -252 49 
2363 -245 41 
2356 -246 42 
2350 -246 42 
2345 -246 43 
2341 -246 43 
2337 -247 43 
2334 -247 44 
2331 -247 44 
2329 -247 45 
2327 -247 45 
2325 -248 46 
2325 -248 46 
2324 -248 47 
2324 -248 47 
2324 -249 48 
2324 -249 48 
2324 -249 47 
2325 -248 47 
2326 -248 47 
2327 -248 46 
2328 -248 46 
2329 -248 46 
2331 -247 45 
2333 -247 45 
2335 -247 45 
2338 -247 45 
2340 -247 45 
2343 -247 45 
2345 -247 44 
2348 -247 44 
2351 -247 44 
2354 -247 44 
2358 -247 44 
2361 -247 44 
2364 -247 44 
2368 -247 44 
2372 -247 44 
2375 -247 44 
2379 -247 44 
2383 -247 44 
2387 -247 44 
2391 -247 44 
2395 -247 43 
2399 -247 43 
2403 -246 43 
2407 -246 43 
2411 -246 43 
2415 -246 43 
2420 -246 43 
2424 -246 43 
2432 -256 51 
2436 -262 50 
2441 -267 50 
2445 -273 50 
2450 -278 50 
2454 -283 50 
2459 -288 50 
2463 -293 50 
2468 -298 50 
2472 -302 50 
2477 -307 49 
2482 -311 49 
2486 -316 49 
2491 -320 49 
2496 -324 49 
2501 -328 49 
2506 -331 49 
2511 -335 49 
2515 -339 48 
2520 -342 48 
2525 -345 48 
2530 -348 48 
2535 -351 48 
2540 -354 48 
2546 -357 48 
2551 -360 48 
2556 -362 48 
2561 -365 47 
2566 -367 47 
2572 -369 47 
2577 -372 47 
2582 -374 47 
2588 -375 47 
2593 -377 47 
2598 -379 46 
2604 -380 46 
2609 -382 46 
2615 -383 46 
2620 -384 46 
2626 -385 46 
2631 -386 45 
2637 -387 45 
2642 -388 45 
2648 -389 45 
2654 -389 45 
2659 -390 44 
2665 -390 44 
2671 -390 44 
2676 -390 44 
2682 -390 43 
2688 -390 42 
2694 -390 43 
2700 -390 44 
2706 -390 44 
2712 -389 44 
2717 -389 45 
2723 -389 45 
2728 -388 45 
2734 -387 45 
2739 -387 46 
2744 -386 46 
2749 -385 46 
2754 -383 46 
2759 -382 46 
2764 -381 47 
2769 -380 47 
2773 -378 47 
2778 -376 47 
2782 -375 47 
2786 -373 47 
2790 -371 48 
2795 -369 48 
2799 -367 48 
2803 -365 48 
2807 -362 48 
2811 -360 48 
2815 -357 48 
2819 -355 48 
2822 -352 49 
2826 -349 49 
2830 -347 49 
2834 -344 49 
2838 -341 49 
2842 -337 49 
2846 -334 49 
2850 -331 49 
2854 -327 49 
2859 -324 49 
2863 -320 49 
2867 -317 49 
2871 -313 49 
2876 -309 49 
2880 -305 49 
2884 -301 49 
2889 -297 49 
2893 -293 49 
2898 -288 49 
2902 -284 49 
2907 -280 49 
2911 -275 49 
2916 -271 50 
2921 -266 50 
2925 -261 50 
2930 -256 50 
2935 -251 50 
2936 -246 43 
2941 -246 43 
2949 -256 50 
2954 -261 50 
2959 -267 50 
2964 -272 50 
2969 -278 50 
2973 -283 50 
2978 -288 50 
2983 -293 49 
2988 -298 49 
2993 -302 49 
2998 -307 49 
3003 -311 49 
3008 -315 49 
3014 -320 49 
3019 -324 49 
3024 -327 49 
3029 -331 48 
3034 -335 48 
3040 -338 48 
3045 -342 48 
3050 -345 48 
3056 -348 48 
3061 -351 48 
3067 -354 48 
3072 -357 48 
3077 -360 47 
3083 -362 47 
3088 -365 47 
3094 -367 47 
3099 -369 47 
3104 -372 47 
3110 -374 47 
3115 -376 47 
3120 -377 47 
3125 -379 47 
3131 -381 46 
3136 -382 46 
3141 -383 46 
3146 -385 46 
3151 -386 46 
3156 -387 46 
3161 -387 46 
3166 -388 46 
3170 -389 45 
3175 -389 45 
3180 -390 45 
3185 -390 45 
3190 -390 45 
3194 -390 44 
3199 -390 44 
3203 -390 43 
3208 -390 44 
3213 -390 44 
3218 -390 45 
3223 -390 45 
3227 -389 45 
3232 -389 45 
3237 -388 46 
3241 -388 46 
3246 -387 46 
3250 -386 46 
3255 -385 46 
3259 -384 47 
3264 -382 47 
3268 -381 47 
3272 -380 47 
3277 -378 47 
3281 -376 47 
3285 -375 47 
3290 -373 47 
3294 -371 48 
3298 -369 48 
3302 -367 48 
3306 -365 48 
3311 -362 48 
3315 -360 48 
3319 -357 48 
3323 -355 48 
3327 -352 48 
3331 -349 49 
3335 -347 49 
3339 -344 49 
3342 -341 49 
3346 -337 49 
3350 -334 49 
3354 -331 49 
3358 -327 49 
3362 -324 49 
3365 -320 49 
3369 -317 50 
3373 -313 50 
3377 -309 50 
3380 -305 50 
3384 -301 50 
3388 -297 50 
3391 -293 50 
3395 -289 50 
3399 -284 50 
3403 -280 50 
3407 -275 50 
3411 -271 50 
3415 -266 50 
3419 -261 50 
3423 -256 50 
3427 -252 50 
3428 -246 43 
3432 -246 43 
3436 -246 43 
3444 -256 51 
3448 -262 50 
3453 -267 50 
3457 -273 50 
3461 -278 50 
3466 -283 50 
3470 -288 50 
3474 -293 50 
3479 -298 50 
3484 -302 50 
3488 -307 49 
3493 -311 49 
3497 -316 49 
3502 -320 49 
3507 -324 49 
3511 -328 49 
3516 -331 49 
3521 -335 49 
3526 -339 49 
3531 -342 48 
3536 -345 48 
3541 -348 48 
3543 -346 43 
3548 -346 44 
3554 -346 44 
3559 -346 44 
3564 -346 45 
3569 -346 45 
3575 -345 45 
3580 -344 45 
3585 -344 45 
3591 -343 45 
3596 -342 46 
3602 -341 46 
3607 -340 46 
3613 -338 46 
3618 -337 46 
3624 -336 46 
3629 -334 46 
3635 -332 46 
3640 -331 46 
3646 -329 47 
3652 -327 47 
3657 -325 47 
3663 -323 47 
3669 -321 47 
3675 -318 47 
3680 -316 47 
3686 -313 47 
3692 -311 47 
3698 -308 47 
3704 -305 47 
3710 -302 47 
3716 -299 47 
3722 -296 47 
3728 -293 48 
3734 -290 48 
3740 -287 48 
3746 -283 48 
3752 -280 48 
3758 -276 48 
3764 -272 48 
3771 -269 48 
3777 -265 48 
3783 -261 48 
3789 -257 48 
3796 -253 48 
3799 -246 42 
3809 -255 49 
3815 -261 49 
3821 -267 49 
3827 -272 49 
3833 -277 49 
3840 -282 49 
3846 -287 49 
3852 -292 49 
3859 -297 49 
3865 -302 48 
3871 -306 48 
3878 -311 48 
3884 -315 48 
3891 -319 48 
3897 -323 48 
3904 -327 48 
3910 -331 48 
3916 -335 48 
3923 -338 48 
3929 -342 48 
3935 -345 48 
3941 -348 48 
3946 -351 48 
3952 -354 48 
3958 -357 47 
3963 -360 47 
3969 -362 47 
3974 -365 47 
3979 -367 47 
3984 -370 47 
3989 -372 47 
3994 -374 47 
3999 -376 47 
4004 -377 47 
4008 -379 47 
4013 -381 47 
4017 -382 47 
4022 -384 47 
4026 -385 47 
4030 -386 47 
4034 -387 47 
4038 -388 46 
4042 -389 46 
4046 -389 46 
4049 -390 46 
4053 -390 46 
4056 -391 46 
4060 -391 46 
4063 -391 45 
4066 -391 45 
4069 -391 44 
4073 -391 45 
4076 -391 46 
4079 -391 46 
4082 -390 46 
4085 -390 47 
4088 -390 47 
4091 -389 47 
4093 -388 47 
4096 -388 48 
4099 -387 48 
4101 -388 52 
4101 -386 52 
4101 -385 52 
4101 -384 53 
4101 -382 53 
4101 -381 53 
4101 -379 53 
4101 -378 53 
4101 -376 53 
4101 -374 53 
4101 -372 53 
4101 -370 53 
4101 -367 53 
4101 -365 53 
4101 -363 53 
4100 -360 54 
4100 -357 54 
4100 -355 54 
4100 -352 54 
4100 -349 54 
4100 -346 54 
4100 -343 54 
4099 -340 54 
4099 -336 53 
4099 -333 53 
4098 -329 53 
4098 -326 53 
4097 -322 53 
4097 -319 53 
4096 -315 53 
4095 -311 53 
4095 -307 53 
4094 -303 53 
4093 -299 53 
4093 -295 53 
4092 -290 53 
4091 -286 53 
4091 -282 53 
4090 -277 53 
4089 -272 53 
4089 -268 54 
4088 -263 54 
4087 -258 54 
4087 -253 54 
4083 -248 47 
4082 -248 47 
4082 -248 47 
4081 -248 47 
4082 -249 48 
4085 -259 56 
4085 -264 55 
4086 -270 55 
4086 -275 55 
4086 -280 55 
4086 -285 54 
4087 -290 54 
4087 -295 54 
4088 -300 54 
4088 -304 54 
4089 -309 53 
4090 -313 53 
4090 -318 53 
4091 -322 53 
4092 -326 53 
4092 -330 53 
4093 -333 52 
4094 -337 52 
4095 -340 52 
4096 -344 52 
4097 -347 52 
4099 -350 51 
4100 -353 51 
4102 -357 54 
4102 -360 54 
4102 -363 54 
4102 -366 54 
4101 -368 54 
4101 -370 53 
4101 -373 53 
4101 -375 53 
4101 -377 53 
4101 -379 53 
4101 -380 53 
4101 -382 53 
4101 -384 53 
4101 -385 52 
4101 -386 52 
4101 -388 52 
4101 -389 52 
4101 -390 52 
4101 -391 52 
4100 -391 51 
4100 -392 51 
4100 -392 50 
4101 -392 50 
4101 -393 50 
4101 -393 49 
4101 -393 49 
4102 -393 48 
4102 -392 47 
4103 -392 48 
4104 -392 48 
4104 -392 49 
4105 -392 49 
4106 -391 49 
4107 -391 49 
4108 -390 49 
4108 -398 46 
4109 -398 46 
4111 -398 46 
4112 -398 46 
4114 -397 45 
4116 -397 45 
4118 -397 45 
4121 -397 45 
4123 -397 45 
4126 -397 45 
4129 -397 44 
4132 -397 44 
4135 -397 44 
4138 -397 44 
4141 -397 44 
4145 -397 44 
4148 -397 44 
4152 -397 44 
4155 -397 44 
4159 -397 44 
4163 -397 44 
4167 -397 44 
4171 -397 44 
4175 -397 44 
4179 -397 43 
4183 -396 43 
4187 -396 43 
4191 -396 43 
4195 -396 43 
4199 -396 43 
4204 -396 43 
4208 -396 43 
4212 -396 43 
4217 -397 43 
4221 -397 44 
4224 -397 44 
4228 -397 44 
4231 -397 44 
4233 -397 45 
4236 -397 45 
4237 -398 46 
4239 -398 46 
4240 -398 47 
4241 -399 48 
4241 -399 49 
4241 -399 48 
4240 -398 47 
4239 -398 47 
4238 -398 46 
4236 -398 46 
4234 -398 46 
4233 -398 46 
4231 -397 45 
4228 -397 45 
4226 -397 45 
4224 -397 45 
4221 -397 45 
4218 -397 45 
4215 -397 44 
4212 -397 44 
4209 -397 44 
4206 -397 44 
4203 -397 44 
4199 -397 44 
4196 -397 44 
4192 -397 44 
4188 -397 44 
4185 -397 44 
4181 -397 44 
4177 -397 44 
4177 -406 51 
4173 -412 51 
4168 -417 51 
4164 -423 50 
4160 -428 50 
4156 -433 50 
4152 -438 50 
4148 -443 50 
4143 -448 50 
4139 -452 50 
4135 -457 50 
4130 -461 50 
4126 -466 49 
4121 -470 49 
4117 -474 49 
4112 -478 49 
4108 -482 49 
4103 -485 49 
4098 -489 49 
4094 -492 49 
4089 -495 49 
4084 -499 48 
4079 -502 48 
4075 -505 48 
4070 -507 48 
4065 -510 48 
4060 -513 48 
4055 -515 48 
4050 -517 47 
4045 -520 47 
4040 -522 47 
4035 -524 47 
4030 -526 47 
4025 -527 47 
4019 -529 47 
4014 -531 46 
4009 -532 46 
4004 -533 46 
3998 -534 46 
3993 -536 46 
3988 -537 46 
3982 -537 45 
3977 -538 45 
3971 -539 45 
3966 -539 45 
3960 -540 45 
3954 -540 44 
3949 -540 44 
3943 -540 44 
3937 -540 43 
3931 -540 43 
3926 -540 43 
3921 -540 44 
3915 -540 44 
3909 -539 44 
3904 -539 44 
3898 -539 45 
3892 -538 45 
3887 -537 45 
3881 -536 45 
3875 -535 45 
3869 -534 45 
3863 -533 46 
3858 -532 46 
3852 -530 46 
3846 -529 46 
3840 -527 46 
3834 -526 46 
3828 -524 46 
3822 -522 46 
3815 -520 46 
3809 -518 46 
3803 -516 46 
3797 -514 47 
3791 -512 47 
3785 -509 47 
3778 -507 47 
3772 -504 47 
3766 -501 47 
3760 -499 47 
3753 -496 47 
3747 -493 47 
3740 -490 47 
3734 -487 47 
3728 -483 47 
3721 -480 47 
3715 -477 47 
3708 -473 47 
3702 -469 48 
3695 -466 48 
3689 -462 48 
3682 -458 48 
3675 -454 48 
3669 -450 48 
3659 -446 42 
3653 -446 42 
3646 -446 42 
3640 -446 42 
3634 -446 42 
3632 -455 49 
3625 -461 49 
3619 -467 49 
3613 -472 49 
3607 -477 49 
3600 -482 49 
3594 -487 49 
3588 -492 49 
3582 -497 49 
3575 -502 48 
3569 -506 48 
3562 -511 48 
3556 -515 48 
3549 -519 48 
3543 -523 48 
3536 -527 48 
3530 -531 48 
3523 -535 48 
3517 -538 48 
3510 -541 47 
3504 -545 47 
3497 -548 47 
3490 -551 47 
3484 -554 47 
3477 -557 47 
3470 -559 47 
3463 -562 47 
3457 -564 46 
3450 -567 46 
3443 -569 46 
3436 -571 46 
3429 -573 46 
3422 -575 46 
3415 -577 46 
3409 -578 46 
3402 -580 45 
3395 -581 45 
3388 -583 45 
3381 -584 45 
3374 -585 45 
3366 -586 45 
3359 -587 44 
3352 -588 44 
3345 -588 44 
3338 -589 44 
3331 -589 44 
3324 -589 43 
3316 -590 43 
3309 -590 43 
3302 -590 42 
3294 -589 42 
3287 -589 42 
3280 -589 43 
3273 -589 43 
3266 -589 43 
3259 -589 44 
3252 -588 44 
3245 -587 44 
3237 -587 44 
3230 -586 44 
3223 -585 44 
3215 -584 45 
3208 -583 45 
3201 -581 45 
3193 -580 45 
3186 -579 45 
3179 -577 45 
3171 -575 45 
3164 -574 45 
3156 -572 45 
3149 -570 46 
3141 -568 46 
3134 -566 46 
3126 -564 46 
3119 -561 46 
3111 -559 46 
3104 -556 46 
3096 -554 46 
3088 -551 46 
3081 -548 46 
3071 -545 41 
3064 -545 41 
3056 -546 41 
3049 -546 42 
3043 -546 42 
3036 -546 42 
3029 -546 42 
3023 -546 42 
3016 -546 42 
3010 -546 42 
3004 -546 42 
2998 -546 42 
2995 -555 49 
2989 -561 49 
2983 -567 49 
2977 -572 49 
2970 -577 49 
2964 -582 49 
2958 -587 49 
2952 -592 49 
2945 -597 49 
2939 -602 48 
2933 -606 48 
2926 -611 48 
2928 -619 56 
2927 -622 55 
2927 -625 55 
2927 -628 54 
2927 -630 54 
2927 -631 54 
2926 -633 53 
2926 -634 53 
2926 -635 53 
2926 -635 52 
2926 -636 52 
2925 -636 51 
2925 -636 51 
2925 -636 51 
2925 -636 50 
2925 -636 50 
2925 -636 51 
2925 -636 51 
2925 -636 51 
2925 -635 51 
2925 -635 51 
2926 -635 51 
2926 -634 52 
2926 -634 52 
2926 -633 52 
2926 -633 52 
2926 -632 52 
2926 -632 52 
2926 -631 52 
2926 -630 52 
2926 -630 52 
2926 -629 52 
2926 -629 52 
2926 -628 52 
2926 -627 52 
2926 -627 52 
2926 -626 52 
2925 -625 51 
2925 -624 51 
2926 -623 51 
2926 -622 51 
2926 -622 51 
2926 -621 51 
2926 -620 50 
2927 -619 50 
2927 -619 50 
2927 -618 50 
2928 -617 50 
2928 -616 50 
2928 -615 50 
2929 -614 50 
2930 -613 50 
2930 -612 50 
2931 -610 50 
2932 -609 50 
2933 -607 51 
2934 -605 51 
2935 -604 51 
2936 -602 51 
2937 -600 51 
2938 -598 51 
2939 -595 51 
2941 -593 51 
2942 -591 51 
2943 -588 51 
2945 -586 51 
2946 -583 51 
2948 -581 51 
2950 -578 51 
2951 -575 51 
2953 -572 51 
2955 -569 51 
2956 -566 51 
2958 -562 51 
2960 -559 51 
2962 -556 51 
2964 -552 51 
2964 -547 45 
2966 -547 45 
2968 -547 45 
2971 -547 45 
2974 -547 44 
2977 -547 44 
2980 -547 44 
2983 -547 44 
2986 -547 44 
2989 -547 44 
2993 -547 44 
2996 -547 44 
3000 -547 44 
3003 -547 44 
3007 -547 44 
3011 -547 44 
3015 -547 44 
3019 -547 44 
3023 -547 43 
3027 -547 43 
3031 -546 43 
3035 -546 43 
3039 -546 43 
3043 -546 43 
3048 -546 43 
3052 -546 43 
3056 -546 43 
3061 -546 43 
3065 -546 43 
3070 -546 43 
3074 -546 43 
3079 -546 43 
3083 -546 43 
3088 -546 43 
3092 -546 43 
3097 -546 43 
3101 -546 43 
3106 -546 43 
3111 -546 43 
3115 -546 43 
3120 -546 43 
3125 -546 43 
3129 -546 43 
3134 -546 43 
3139 -546 43 
3143 -546 43 
3148 -546 43 
3153 -546 43 
3157 -546 43 
3162 -546 43 
3167 -546 43 
3172 -546 43 
3177 -546 43 
3181 -546 43 
3186 -546 43 
3190 -546 43 
3194 -547 44 
3198 -547 44 
3200 -547 45 
3203 -547 45 
3205 -548 46 
3206 -548 46 
3207 -548 47 
3208 -548 47 
3209 -549 48 
3209 -549 49 
3208 -549 48 
3207 -548 47 
3206 -548 47 
3205 -548 46 
3203 -548 46 
3202 -548 46 
3200 -548 45 
3197 -547 45 
3195 -547 45 
3193 -547 45 
3190 -547 45 
3187 -547 45 
3185 -547 44 
3182 -547 44 
3179 -547 44 
3175 -547 44 
3172 -547 44 
3169 -547 44 
3165 -547 44 
3162 -547 44 
3158 -547 44 
3154 -547 44 
3150 -547 44 
3147 -547 44 
3143 -547 44 
3139 -547 44 
3135 -547 43 
3131 -546 43 
3126 -546 43 
3122 -546 43 
3118 -546 43 
3114 -546 43 
3109 -546 43 
3105 -546 43 
3101 -546 43 
3096 -546 43 
3092 -546 43 
3088 -546 43 
3083 -546 43 
3079 -546 43 
3074 -546 43 
3069 -546 43 
3065 -546 43 
3060 -546 43 
3056 -546 43 
3051 -546 43 
3046 -546 43 
3042 -546 43 
3037 -546 43 
3032 -546 43 
3028 -546 43 
3023 -546 43 
3018 -546 43 
3014 -546 43 
3009 -546 43 
3004 -546 43 
2999 -546 43 
2995 -546 43 
2990 -546 43 
2985 -546 43 
2980 -546 43 
2979 -556 50 
2974 -561 50 
2970 -567 50 
2965 -572 50 
2960 -578 50 
2955 -583 50 
2950 -588 50 
2945 -593 49 
2940 -598 49 
2934 -602 49 
2929 -607 49 
2928 -615 56 
2927 -618 55 
2927 -621 55 
2927 -624 54 
2927 -626 54 
2927 -628 54 
2926 -629 53 
2926 -630 53 
2926 -631 53 
2926 -632 52 
2926 -632 52 
2926 -632 52 
2925 -633 51 
2925 -633 51 
2925 -632 50 
2925 -632 50 
2925 -632 51 
2925 -632 51 
2925 -632 51 
2925 -632 51 
2925 -632 51 
2925 -631 51 
2926 -631 52 
2926 -630 52 
2926 -630 52 
2926 -629 52 
2926 -629 52 
2926 -628 52 
2926 -628 52 
2926 -627 52 
2926 -626 52 
2926 -626 52 
2926 -625 52 
2926 -624 52 
2926 -624 52 
2926 -623 52 
2926 -622 52 
2926 -622 52 
2926 -621 52 
2926 -620 52 
2926 -620 52 
2925 -619 51 
2925 -618 51 
2926 -617 51 
2926 -616 51 
2926 -615 51 
2926 -615 51 
2926 -614 50 
2927 -613 50 
2927 -612 50 
2927 -612 50 
2927 -611 50 
2928 -610 50 
2928 -609 50 
2929 -608 50 
2930 -607 50 
2930 -605 50 
2931 -604 50 
2932 -602 50 
2933 -601 51 
2934 -599 51 
2935 -597 51 
2936 -595 51 
2937 -593 51 
2938 -591 51 
2939 -589 51 
2941 -587 51 
2942 -584 51 
2943 -582 51 
2945 -579 51 
2946 -577 51 
2948 -574 51 
2950 -571 51 
2951 -568 51 
2953 -565 51 
2955 -562 51 
2956 -559 51 
2958 -556 51 
2960 -553 51 
2959 -547 45 
2962 -547 45 
2964 -547 45 
2966 -547 45 
2969 -547 45 
2971 -547 45 
2974 -547 44 
2977 -547 44 
2980 -547 44 
2983 -547 44 
2987 -547 44 
2990 -547 44 
2994 -547 44 
2997 -547 44 
3001 -547 44 
3005 -547 44 
3008 -547 44 
3012 -547 44 
3016 -547 44 
3020 -547 43 
3024 -547 43 
3028 -546 43 
3032 -546 43 
3037 -546 43 
3041 -546 43 
3045 -546 43 
3049 -546 43 
3054 -546 43 
3058 -546 43 
3063 -546 43 
3067 -546 43 
3071 -546 43 
3076 -546 43 
3080 -546 43 
3085 -546 43 
3089 -546 43 
3094 -546 43 
3099 -546 43 
3103 -546 43 
3108 -546 43 
3112 -546 43 
3117 -546 43 
3122 -546 43 
3126 -546 43 
3131 -546 43 
3136 -546 43 
3141 -546 43 
3145 -546 43 
3150 -546 43 
3155 -546 43 
3159 -546 43 
3164 -546 43 
3169 -546 43 
3174 -546 43 
3178 -546 43 
3183 -546 43 
3188 -546 43 
3193 -546 43 
3198 -546 43 
3202 -546 43 
3207 -546 43 
3212 -546 43 
3217 -546 43 
3222 -546 43 
3226 -546 43 
3231 -546 43 
3236 -546 43 
3241 -546 43 
3246 -546 43 
3251 -546 43 
3255 -546 43 
3260 -546 43 
3265 -546 43 
3270 -546 43 
3275 -546 43 
3280 -546 43 
3284 -546 43 
3289 -546 43 
3294 -546 43 
3299 -546 43 
3304 -546 43 
3309 -546 43 
3313 -546 43 
3318 -546 43 
3323 -546 43 
3328 -546 43 
3333 -546 43 
3338 -547 44 
3343 -547 44 
3348 -546 45 
3353 -546 45 
3358 -546 45 
3364 -545 45 
3369 -545 45 
3374 -544 45 
3379 -543 46 
3384 -542 46 
3389 -541 46 
3395 -540 46 
3400 -539 46 
3405 -537 46 
3411 -536 46 
3416 -534 46 
3421 -533 46 
3427 -531 47 
3432 -529 47 
3438 -527 47 
3443 -525 47 
3449 -523 47 
3454 -521 47 
3460 -518 47 
3466 -516 47 
3471 -513 47 
3477 -511 47 
3483 -508 47 
3488 -505 47 
3494 -502 47 
3500 -500 47 
3506 -496 48 
3512 -493 48 
3518 -490 48 
3523 -487 48 
3529 -483 48 
3535 -480 48 
3541 -476 48 
3547 -473 48 
3553 -469 48 
3559 -465 48 
3565 -461 48 
3572 -457 48 
3578 -453 48 
3581 -446 42 
3586 -446 42 
3592 -446 43 
3597 -446 43 
3601 -446 43 
3606 -446 43 
3610 -446 43 
3614 -447 44 
3618 -447 44 
3621 -447 44 
3623 -447 45 
3625 -447 45 
3627 -448 46 
3628 -448 46 
3629 -448 47 
3630 -449 48 
3631 -449 49 
3630 -449 48 
3629 -448 47 
3628 -448 47 
3627 -448 46 
3625 -448 46 
3623 -448 46 
3622 -448 46 
3620 -447 45 
3617 -447 45 
3615 -447 45 
3612 -447 45 
3610 -447 45 
3607 -447 45 
3604 -447 44 
3601 -447 44 
3598 -447 44 
3595 -447 44 
3591 -447 44 
3588 -447 44 
3584 -447 44 
3581 -447 44 
3577 -447 44 
3573 -447 44 
3569 -447 44 
3565 -447 44 
3561 -447 44 
3557 -447 44 
3553 -446 43 
3549 -446 43 
3549 -456 51 
3544 -462 51 
3540 -467 50 
3536 -473 50 
3532 -478 50 
3527 -483 50 
3523 -488 50 
3518 -493 50 
3514 -498 50 
3509 -502 50 
3505 -507 50 
3500 -511 49 
3495 -516 49 
3491 -520 49 
3486 -524 49 
3481 -528 49 
3477 -531 49 
3472 -535 49 
3467 -539 49 
3462 -542 49 
3457 -545 48 
3452 -548 48 
3447 -552 48 
3442 -554 48 
3437 -557 48 
3432 -560 48 
3427 -563 48 
3422 -565 48 
3417 -567 47 
3411 -570 47 
3406 -572 47 
3401 -574 47 
3396 -576 47 
3390 -577 47 
3385 -579 47 
3379 -580 46 
3374 -582 46 
3369 -583 46 
3363 -584 46 
3358 -585 46 
3352 -586 46 
3346 -587 45 
3341 -588 45 
3335 -589 45 
3329 -589 45 
3324 -590 45 
3318 -590 44 
3312 -590 44 
3306 -590 44 
3300 -590 43 
3294 -590 43 
3289 -590 43 
3283 -590 44 
3277 -590 44 
3272 -589 44 
3266 -589 44 
3260 -588 45 
3254 -588 45 
3248 -587 45 
3242 -586 45 
3236 -585 45 
3230 -584 45 
3224 -583 45 
3218 -582 46 
3212 -580 46 
3206 -579 46 
3200 -577 46 
3194 -576 46 
3188 -574 46 
3182 -572 46 
3175 -570 46 
3169 -568 46 
3163 -566 46 
3156 -564 46 
3150 -562 47 
3144 -559 47 
3137 -557 47 
3131 -554 47 
3125 -551 47 
3118 -549 47 
3109 -546 42 
3103 -546 42 
3097 -546 42 
3091 -546 42 
3085 -546 42 
3079 -546 42 
3073 -546 42 
3067 -546 42 
3061 -546 42 
3056 -546 42 
3050 -546 42 
3044 -546 42 
3039 -546 42 
3033 -546 42 
3028 -546 42 
3022 -546 42 
3017 -546 43 
3012 -546 43 
3006 -546 43 
3001 -546 43 
2996 -546 43 
2991 -546 43 
2985 -546 43 
2984 -556 50 
2978 -561 50 
2973 -567 50 
2968 -572 50 
2962 -578 50 
2957 -583 49 
2951 -588 49 
2946 -593 49 
2941 -597 49 
2935 -602 49 
2929 -607 49 
2928 -615 56 
2927 -618 55 
2927 -621 55 
2927 -624 54 
2927 -626 54 
2927 -628 54 
2926 -629 53 
2926 -630 53 
2926 -631 53 
2926 -632 52 
2926 -632 52 
2926 -632 52 
2925 -633 51 
2925 -633 51 
2925 -632 50 
2925 -632 50 
2925 -632 51 
2925 -632 51 
2925 -632 51 
2925 -632 51 
2925 -632 51 
2925 -631 51 
2926 -631 52 
2926 -630 52 
2926 -630 52 
2926 -629 52 
2926 -629 52 
2926 -628 52 
2926 -628 52 
2926 -627 52 
2926 -626 52 
2926 -626 52 
2926 -625 52 
2926 -624 52 
2926 -624 52 
2925 -623 51 
2925 -622 51 
2925 -621 51 
2926 -620 51 
2926 -620 51 
2926 -619 51 
2926 -618 50 
2926 -617 50 
2927 -617 50 
2927 -616 50 
2927 -615 50 
2928 -614 50 
2928 -613 50 
2929 -612 50 
2930 -611 50 
2930 -610 50 
2931 -608 50 
2932 -607 50 
2933 -605 50 
2934 -603 51 
2935 -602 51 
2936 -600 51 
2937 -598 51 
2938 -596 51 
2939 -594 51 
2941 -591 51 
2942 -589 51 
2943 -586 51 
2945 -584 51 
2946 -581 51 
2948 -579 51 
2950 -576 51 
2951 -573 51 
2953 -570 51 
2955 -567 51 
2956 -564 51 
2958 -560 51 
2960 -557 51 
2962 -554 51 
2961 -547 45 
2964 -547 45 
2966 -547 45 
2968 -547 45 
2971 -547 45 
2974 -547 44 
2977 -547 44 
2980 -547 44 
2983 -547 44 
2989 -556 51 
2993 -562 51 
2996 -568 51 
2999 -573 51 
3003 -578 51 
3006 -583 51 
3010 -588 51 
3013 -593 51 
3017 -598 50 
3020 -603 50 
3024 -607 50 
3028 -612 50 
3031 -616 50 
3035 -620 50 
3039 -624 50 
3043 -628 50 
3046 -632 49 
3050 -635 49 
3054 -639 49 
3058 -642 49 
3062 -646 49 
3066 -649 49 
3070 -652 49 
3075 -655 49 
3079 -658 48 
3083 -660 48 
3087 -663 48 
3091 -665 48 
3096 -668 48 
3100 -670 48 
3104 -672 48 
3109 -674 47 
3113 -676 47 
3118 -678 47 
3122 -679 47 
3127 -681 47 
3131 -682 47 
3136 -683 47 
3141 -685 46 
3145 -686 46 
3150 -687 46 
3155 -688 46 
3160 -688 46 
3164 -689 45 
3169 -689 45 
3174 -690 45 
3179 -690 45 
3184 -690 44 
3189 -690 44 
3193 -690 44 
3198 -690 43 
3204 -690 44 
3209 -690 44 
3214 -690 44 
3220 -690 45 
3225 -689 45 
3231 -689 45 
3236 -688 45 
3241 -687 45 
3247 -686 45 
3252 -685 46 
3258 -684 46 
3263 -683 46 
3269 -682 46 
3275 -681 46 
3280 -679 46 
3286 -678 46 
3292 -676 46 
3297 -674 46 
3303 -672 46 
3309 -670 47 
3314 -668 47 
3320 -666 47 
3326 -664 47 
3332 -662 47 
3338 -659 47 
3344 -657 47 
3350 -654 47 
3356 -651 47 
3362 -649 47 
3368 -646 47 
3374 -643 47 
3380 -640 47 
3386 -637 47 
3392 -633 48 
3398 -630 48 
3404 -627 48 
3410 -623 48 
3417 -620 48 
3423 -616 48 
3429 -612 48 
3435 -608 48 
3442 -604 48 
3448 -600 48 
3454 -596 48 
3461 -592 48 
3467 -588 48 
3474 -583 48 
3480 -579 48 
3486 -575 48 
3493 -570 48 
3499 -565 48 
3506 -560 48 
3513 -556 48 
3519 -551 48 
3526 -546 49 
3532 -541 49 
3539 -535 49 
3546 -530 49 
3552 -525 49 
3559 -519 49 
3566 -514 49 
3572 -508 49 
3579 -503 49 
3586 -497 49 
3593 -491 49 
3600 -485 49 
3607 -480 49 
3613 -474 49 
3620 -467 49 
3627 -461 49 
3634 -455 49 
3637 -446 42 
3644 -446 42 
3651 -446 42 
3657 -446 42 
3664 -446 42 
3670 -446 42 
3677 -446 42 
3683 -446 42 
3689 -446 42 
3695 -446 42 
3701 -446 42 
3707 -446 42 
3713 -446 42 
3719 -446 42 
3724 -446 42 
3730 -446 42 
3736 -446 42 
3741 -446 42 
3747 -446 42 
3752 -446 42 
3761 -456 50 
3767 -461 50 
3772 -467 50 
3778 -472 49 
3783 -477 49 
3789 -483 49 
3794 -488 49 
3800 -493 49 
3805 -497 49 
3811 -502 49 
3817 -507 49 
3822 -511 49 
3828 -515 49 
3834 -519 48 
3840 -523 48 
3846 -527 48 
3851 -531 48 
3857 -535 48 
3863 -538 48 
3869 -542 48 
3875 -545 48 
3881 -548 48 
3887 -551 47 
3893 -554 47 
3899 -557 47 
3905 -560 47 
3911 -562 47 
3917 -565 47 
3923 -567 47 
3929 -569 47 
3936 -571 46 
3942 -573 46 
3948 -575 46 
3954 -577 46 
3961 -579 46 
3967 -580 46 
3973 -582 46 
3980 -583 45 
3986 -584 45 
3992 -585 45 
3999 -586 45 
4005 -587 45 
4011 -588 45 
4018 -588 44 
4024 -589 44 
4031 -589 44 
4037 -590 44 
4044 -590 43 
4050 -590 43 
4057 -590 43 
4063 -589 42 
4069 -590 43 
4076 -590 43 
4082 -590 44 
4088 -589 44 
4094 -589 44 
4100 -588 45 
4106 -588 45 
4112 -587 45 
4118 -586 45 
4123 -585 46 
4129 -584 46 
4134 -583 46 
4139 -582 46 
4144 -581 46 
4149 -579 47 
4154 -578 47 
4159 -576 47 
4164 -575 47 
4168 -573 47 
4173 -571 47 
4178 -569 48 
4182 -567 48 
4186 -565 48 
4190 -562 48 
4194 -560 48 
4198 -557 48 
4202 -555 48 
4206 -552 49 
4210 -549 49 
4214 -547 49 
4217 -544 49 
4221 -541 49 
4224 -538 49 
4227 -534 50 
4231 -531 50 
4234 -528 50 
4237 -524 50 
4240 -521 50 
4243 -517 50 
4245 -513 50 
4248 -510 51 
4251 -506 51 
4253 -502 51 
4256 -498 51 
4258 -494 51 
4261 -489 51 
4263 -485 51 
4265 -481 51 
4267 -476 52 
4269 -472 52 
4271 -467 52 
4273 -462 52 
4275 -457 52 
4276 -453 52 
4278 -448 52 
4280 -443 53 
4281 -438 53 
4283 -432 53 
4284 -427 53 
4285 -422 53 
4286 -416 53 
4288 -411 53 
4289 -405 54 
4286 -398 47 
4287 -398 47 
4288 -399 48 
4288 -399 49 
4287 -399 48 
4286 -398 47 
4285 -398 47 
4283 -398 46 
4282 -398 46 
4280 -398 46 
4278 -398 45 
4276 -397 45 
4274 -397 45 
4271 -397 45 
4269 -397 45 
4266 -397 45 
4263 -397 44 
4260 -397 44 
4257 -397 44 
4254 -397 44 
4251 -397 44 
4247 -397 44 
4244 -397 44 
4240 -397 44 
4237 -397 44 
4233 -397 44 
4229 -397 44 
4225 -397 44 
4221 -397 44 
4217 -397 44 
4213 -396 43 
4209 -397 43 
4205 -397 43 
4201 -396 43 
4197 -396 43 
4192 -396 43 
4188 -396 43 
4184 -396 43 
4179 -396 43 
4175 -396 43 
4171 -396 43 
4166 -396 43 
4162 -396 43 
4157 -396 43 
4153 -396 43 
4148 -396 43 
4144 -396 43 
4139 -396 43 
4134 -396 43 
4130 -396 43 
4129 -406 50 
4124 -411 50 
4119 -417 50 
4114 -422 50 
4110 -428 50 
4105 -433 50 
4100 -438 50 
4095 -443 50 
4090 -448 49 
4085 -452 49 
4080 -457 49 
4075 -461 49 
4070 -465 49 
4065 -470 49 
4060 -474 49 
4055 -478 49 
4049 -481 49 
4044 -485 48 
4039 -488 48 
4033 -492 48 
4028 -495 48 
4023 -498 48 
4017 -501 48 
4012 -504 48 
4006 -507 48 
4001 -510 47 
3995 -512 47 
3990 -515 47 
3984 -517 47 
3979 -519 47 
3973 -522 47 
3967 -524 47 
3962 -525 47 
3956 -527 46 
3950 -529 46 
3944 -530 46 
3939 -532 46 
3933 -533 46 
3927 -534 46 
3921 -535 46 
3915 -536 45 
3909 -537 45 
3903 -538 45 
3897 -539 45 
3891 -539 45 
3885 -540 44 
3879 -540 44 
3873 -540 44 
3866 -540 43 
3860 -540 43 
3854 -540 42 
3848 -540 43 
3842 -540 43 
3836 -540 44 
3830 -539 44 
3824 -539 44 
3818 -538 44 
3811 -538 45 
3805 -537 45 
3799 -536 45 
3793 -535 45 
3786 -534 45 
3780 -533 45 
3774 -532 45 
3767 -530 45 
3761 -529 46 
3754 -527 46 
3748 -526 46 
3741 -524 46 
3735 -522 46 
3728 -520 46 
3722 -518 46 
3715 -516 46 
3709 -514 46 
3702 -511 46 
3695 -509 46 
3689 -507 47 
3682 -504 47 
3675 -501 47 
3668 -498 47 
3662 -496 47 
3655 -493 47 
3648 -490 47 
3641 -486 47 
3634 -483 47 
3628 -480 47 
3621 -476 47 
3614 -473 47 
3607 -469 47 
3600 -466 47 
3593 -462 47 
3586 -458 47 
3579 -454 48 
3572 -450 48 
3566 -457 49 
3559 -462 49 
3552 -468 49 
3545 -473 49 
3538 -479 48 
3531 -484 48 
3523 -489 48 
3516 -494 48 
3509 -499 48 
3502 -503 48 
3495 -508 48 
3488 -512 48 
3481 -516 48 
3473 -521 48 
3466 -525 48 
3459 -529 47 
3452 -532 47 
3444 -536 47 
3437 -539 47 
3430 -543 47 
3422 -546 47 
3415 -549 47 
3407 -552 47 
3400 -555 47 
3393 -558 46 
3385 -561 46 
3378 -563 46 
3370 -566 46 
3363 -568 46 
3355 -570 46 
3348 -573 46 
3340 -575 46 
3333 -576 45 
3325 -578 45 
3317 -580 45 
3310 -581 45 
3302 -583 45 
3295 -584 45 
3287 -585 45 
3279 -586 44 
3272 -587 44 
3264 -588 44 
3256 -589 44 
3248 -590 44 
3240 -590 44 
3233 -591 43 
3225 -591 43 
3217 -591 43 
3209 -591 43 
3201 -591 42 
3193 -591 41 
3186 -591 42 
3178 -591 43 
3170 -591 43 
3163 -590 43 
3155 -590 43 
3147 -590 43 
3139 -589 44 
3131 -588 44 
3124 -587 44 
3116 -586 44 
3108 -585 44 
3100 -584 44 
3092 -583 44 
3084 -582 45 
3076 -580 45 
3068 -579 45 
3060 -577 45 
3052 -575 45 
3044 -573 45 
3036 -571 45 
3028 -569 45 
3020 -567 45 
3012 -565 45 
3004 -563 46 
2996 -560 46 
2988 -558 46 
2980 -555 46 
2972 -552 46 
2964 -550 46 
2956 -547 46 
2948 -544 46 
2940 -541 46 
2932 -538 46 
2924 -534 46 
2916 -531 46 
2908 -528 47 
2900 -524 47 
2892 -521 47 
2884 -517 47 
2876 -513 47 
2868 -509 47 
2860 -505 47 
2852 -501 47 
2844 -497 47 
2836 -493 47 
2827 -489 47 
2819 -485 47 
2811 -480 47 
2803 -476 47 
2795 -471 47 
2787 -466 47 
2778 -462 47 
2770 -457 48 
2762 -452 48 
2754 -447 48 
2745 -442 48 
2737 -437 48 
2729 -431 48 
2721 -426 48 
2712 -421 48 
2704 -415 48 
2696 -410 48 
2687 -404 48 
2679 -398 48 
2671 -393 48 
2662 -387 48 
2654 -381 48 
2645 -375 48 
2637 -369 48 
2629 -362 48 
2620 -356 48 
2612 -350 48 
2603 -344 48 
2595 -337 48 
2586 -331 48 
2578 -324 48 
2569 -317 49 
2561 -311 49 
2552 -304 49 
2544 -297 49 
2535 -290 49 
2527 -283 49 
2518 -276 49 
2510 -269 49 
2501 -261 49 
2493 -254 49 
2484 -247 49 
2476 -239 49 
2467 -232 49 
2458 -224 49 
2450 -216 49 
2453 -213 57 
2453 -205 57 
2453 -197 57 
2453 -189 57 
2453 -181 57 
2459 -182 47 
2470 -188 47 
2481 -193 47 
2491 -199 47 
2502 -204 47 
2513 -209 47 
2523 -214 47 
2534 -219 46 
2544 -224 46 
2555 -229 46 
2565 -233 46 
2576 -238 46 
2586 -242 46 
2597 -246 46 
2607 -250 46 
2618 -254 46 
2628 -258 46 
2638 -261 46 
2649 -265 45 
2659 -268 45 
2670 -272 45 
2680 -275 45 
2691 -278 45 
2701 -281 45 
2712 -284 45 
2722 -286 45 
2733 -289 45 
2743 -291 45 
2753 -294 44 
2764 -296 44 
2774 -298 44 
2785 -300 44 
2795 -302 44 
2806 -304 44 
2816 -305 44 
2826 -307 44 
2837 -308 43 
2847 -310 43 
2858 -311 43 
2868 -312 43 
2878 -313 43 
2889 -314 43 
2899 -315 43 
2910 -315 42 
2920 -316 42 
2930 -316 42 
2941 -317 42 
2951 -317 41 
2961 -317 41 
2971 -317 41 
2981 -316 40 
2992 -317 41 
3003 -317 41 
3013 -316 41 
3024 -316 42 
3035 -316 42 
3045 -315 42 
3056 -315 42 
3066 -314 43 
3077 -313 43 
3087 -312 43 
3098 -311 43 
3108 -310 43 
3119 -309 43 
3129 -307 43 
3139 -306 44 
3150 -304 44 
3160 -303 44 
3171 -301 44 
3181 -299 44 
3192 -297 44 
3202 -295 44 
3213 -293 44 
3223 -291 44 
3233 -288 44 
3244 -286 45 
3254 -284 45 
3265 -281 45 
3275 -278 45 
3286 -275 45 
3296 -273 45 
3306 -270 45 
3317 -267 45 
3327 -263 45 
3338 -260 45 
3348 -257 45 
3358 -254 45 
3369 -250 45 
3376 -245 40 
3386 -245 40 
3396 -245 40 
3406 -245 40 
3415 -245 40 
3424 -245 41 
3432 -245 41 
3441 -245 41 
3449 -245 41 
3457 -245 41 
3465 -245 41 
3473 -245 41 
3480 -245 41 
3487 -245 41 
3494 -246 42 
3501 -246 42 
3512 -255 49 
3519 -261 49 
3526 -266 49 
3532 -272 49 
3539 -277 49 
3546 -282 48 
3553 -287 48 
3560 -292 48 
3567 -297 48 
3574 -302 48 
3581 -306 48 
3588 -311 48 
3595 -315 48 
3602 -319 48 
3609 -323 48 
3616 -327 47 
3623 -331 47 
3630 -334 47 
3637 -338 47 
3645 -341 47 
3652 -345 47 
3659 -348 47 
3664 -345 41 
3671 -346 42 
3679 -346 43 
3686 -346 43 
3694 -345 43 
3701 -345 44 
3709 -344 44 
3716 -344 44 
3724 -343 44 
3731 -342 44 
3739 -341 44 
3746 -340 44 
3754 -339 45 
3761 -338 45 
3769 -336 45 
3776 -335 45 
3784 -333 45 
3791 -332 45 
3799 -330 45 
3807 -328 45 
3814 -326 45 
3822 -324 46 
3830 -322 46 
3837 -320 46 
3845 -318 46 
3853 -315 46 
3860 -313 46 
3868 -310 46 
3876 -307 46 
3884 -305 46 
3892 -302 46 
3899 -299 46 
3907 -296 46 
3915 -293 46 
3923 -289 47 
3931 -286 47 
3938 -283 47 
3946 -279 47 
3954 -276 47 
3961 -272 47 
3968 -268 47 
3976 -265 47 
3983 -261 48 
3990 -257 48 
3996 -253 48 
4000 -246 42 
4006 -246 42 
4012 -246 43 
4017 -246 43 
4021 -246 43 
4025 -247 44 
4028 -247 44 
4035 -257 52 
4037 -262 52 
4039 -268 52 
4042 -273 52 
4044 -279 52 
4046 -284 52 
4048 -289 52 
4050 -294 52 
4052 -299 52 
4054 -304 52 
4056 -308 52 
4057 -313 52 
4059 -317 52 
4060 -321 52 
4062 -325 52 
4063 -329 52 
4065 -333 52 
4066 -337 52 
4067 -340 52 
4068 -344 52 
4069 -347 52 
4070 -350 52 
4071 -353 52 
4072 -356 52 
4073 -359 51 
4074 -362 51 
4076 -364 51 
4077 -367 51 
4078 -369 51 
4079 -371 50 
4081 -373 50 
4082 -375 50 
4084 -377 50 
4085 -379 50 
4087 -380 50 
4088 -382 49 
4090 -383 49 
4092 -385 49 
4094 -386 49 
4095 -387 49 
4097 -388 48 
4101 -390 52 
4100 -391 51 
4100 -392 51 
4100 -392 50 
4101 -392 50 
4101 -393 50 
4101 -393 49 
4101 -393 49 
4102 -392 48 
4102 -392 47 
4103 -392 48 
4104 -392 48 
4105 -392 49 
4105 -392 49 
4106 -391 49 
4107 -391 49 
4108 -390 49 
4108 -398 46 
4109 -398 46 
4111 -398 46 
4112 -398 46 
4114 -397 45 
4116 -397 45 
4118 -397 45 
4121 -397 45 
4123 -397 45 
4126 -397 45 
4129 -397 44 
4132 -397 44 
4135 -397 44 
4138 -397 44 
4141 -397 44 
4145 -397 44 
4148 -397 44 
4152 -397 44 
4155 -397 44 
4159 -397 44 
4163 -397 44 
4167 -397 44 
4171 -397 44 
4175 -397 44 
4179 -397 43 
4183 -397 43 
4187 -396 43 
4191 -396 43 
4195 -396 43 
4199 -396 43 
4204 -396 43 
4208 -397 43 
4212 -397 44 
4215 -397 44 
4218 -397 45 
4221 -397 45 
4223 -397 45 
4224 -398 46 
4226 -398 46 
4227 -398 47 
4227 -399 48 
4228 -399 49 
4227 -399 48 
4226 -398 47 
4225 -398 47 
4224 -398 46 
4222 -398 46 
4221 -398 46 
4219 -398 46 
4217 -397 45 
4215 -397 45 
4212 -397 45 
4210 -397 45 
4207 -397 45 
4204 -397 45 
4201 -397 44 
4198 -397 44 
4195 -397 44 
4192 -397 44 
4188 -397 44 
4185 -397 44 
4181 -397 44 
4178 -397 44 
4174 -397 44 
4170 -397 44 
4166 -397 44 
4166 -406 51 
4162 -412 51 
4158 -417 51 
4154 -423 51 
4150 -428 50 
4146 -433 50 
4142 -438 50 
4138 -443 50 
4133 -448 50 
4129 -453 50 
4125 -457 50 
4120 -461 50 
4116 -466 49 
4112 -470 49 
4107 -474 49 
4103 -478 49 
4098 -482 49 
4093 -485 49 
4089 -489 49 
4084 -492 49 
4080 -495 49 
4075 -499 48 
4070 -502 48 
4065 -505 48 
4060 -507 48 
4056 -510 48 
4051 -513 48 
4046 -515 48 
4041 -517 48 
4036 -520 47 
4031 -522 47 
4026 -524 47 
4021 -526 47 
4016 -527 47 
4010 -529 47 
4005 -531 47 
4000 -532 46 
3995 -533 46 
3989 -535 46 
3984 -536 46 
3979 -537 46 
3973 -537 46 
3968 -538 45 
3962 -539 45 
3957 -539 45 
3951 -540 45 
3946 -540 44 
3940 -540 44 
3935 -540 44 
3929 -540 43 
3923 -540 43 
3918 -540 43 
3912 -540 44 
3907 -540 44 
3901 -539 44 
3896 -539 44 
3890 -539 45 
3884 -538 45 
3879 -537 45 
3873 -536 45 
3867 -535 45 
3861 -534 45 
3855 -533 46 
3850 -532 46 
3844 -531 46 
3838 -529 46 
3832 -528 46 
3826 -526 46 
3820 -524 46 
3814 -522 46 
3808 -520 46 
3802 -518 46 
3795 -516 46 
3789 -514 47 
3783 -512 47 
3777 -509 47 
3771 -507 47 
3765 -504 47 
3758 -501 47 
3752 -499 47 
3746 -496 47 
3739 -493 47 
3733 -490 47 
3727 -487 47 
3720 -483 47 
3714 -480 47 
3707 -477 47 
3701 -473 47 
3694 -470 48 
3688 -466 48 
3681 -462 48 
3675 -458 48 
3668 -454 48 
3661 -450 48 
3652 -446 42 
3646 -446 42 
3639 -446 42 
3633 -446 42 
3627 -446 42 
3621 -446 42 
3615 -446 42 
3609 -446 42 
3607 -455 50 
3601 -461 49 
3595 -467 49 
3589 -472 49 
3583 -477 49 
3577 -482 49 
3571 -488 49 
3565 -492 49 
3559 -497 49 
3552 -502 49 
3546 -506 48 
3540 -511 48 
3534 -515 48 
3528 -519 48 
3521 -523 48 
3515 -527 48 
3509 -531 48 
3502 -535 48 
3496 -538 48 
3490 -542 48 
3483 -545 47 
3477 -548 47 
3470 -551 47 
3464 -554 47 
3457 -557 47 
3451 -559 47 
3444 -562 47 
3437 -565 47 
3431 -567 46 
3424 -569 46 
3418 -571 46 
3411 -573 46 
3404 -575 46 
3397 -577 46 
3391 -579 46 
3384 -580 46 
3377 -581 45 
3370 -583 45 
3363 -584 45 
3357 -585 45 
3350 -586 45 
3343 -587 45 
3336 -588 44 
3329 -588 44 
3322 -589 44 
3315 -589 44 
3308 -590 44 
3301 -590 43 
3294 -590 43 
3286 -590 43 
3279 -589 42 
3272 -590 43 
3266 -589 43 
3259 -589 43 
3252 -589 43 
3245 -589 44 
3238 -588 44 
3231 -587 44 
3224 -587 44 
3216 -586 44 
3209 -585 44 
3202 -584 45 
3195 -583 45 
3188 -581 45 
3181 -580 45 
3173 -579 45 
3166 -577 45 
3159 -575 45 
3152 -574 45 
3144 -572 45 
3137 -570 46 
3130 -568 46 
3122 -566 46 
3115 -564 46 
3107 -561 46 
3100 -559 46 
3093 -556 46 
3085 -554 46 
3078 -551 46 
3070 -548 46 
3060 -545 41 
3053 -545 41 
3046 -546 42 
3039 -546 42 
3033 -546 42 
3026 -546 42 
3019 -546 42 
3013 -546 42 
3007 -546 42 
3000 -546 42 
2994 -546 42 
2988 -546 42 
2982 -546 42 
2976 -546 42 
2974 -555 49 
2968 -561 49 
2962 -567 49 
2956 -572 49 
2950 -577 49 
2944 -583 49 
2938 -588 49 
2932 -592 49 
2926 -597 49 
2919 -602 49 
2912 -597 45 
2905 -597 45 
2899 -597 45 
2893 -597 45 
2887 -597 45 
2880 -597 45 
2874 -597 45 
2868 -597 45 
2861 -597 45 
2855 -597 45 
2849 -597 45 
2842 -597 45 
2836 -597 45 
2829 -597 45 
2823 -597 45 
2816 -597 45 
2810 -597 45 
2803 -597 45 
2797 -597 45 
2790 -597 45 
2784 -597 45 
2777 -597 45 
2770 -597 45 
2764 -597 45 
2757 -597 45 
2750 -597 45 
2743 -597 45 
2737 -597 45 
2730 -597 45 
2723 -597 45 
2716 -597 45 
2709 -597 45 
2703 -597 45 
2696 -597 45 
2689 -597 45 
2682 -597 45 
2675 -597 45 
2668 -597 45 
2661 -597 45 
2654 -597 45 
2647 -597 45 
2640 -597 45 
2633 -597 45 
2626 -597 45 
2619 -597 45 
2611 -597 44 
2604 -597 44 
2597 -597 44 
2590 -597 44 
2583 -597 44 
2576 -597 44 
2568 -597 44 
2561 -597 44 
2554 -597 44 
2547 -597 44 
2539 -597 44 
2532 -597 44 
2525 -597 44 
2517 -597 44 
2510 -597 44 
2502 -597 44 
2495 -597 44 
2488 -597 44 
2480 -597 44 
2473 -597 44 
2465 -597 44 
2458 -597 44 
2450 -597 44 
2443 -597 44 
2435 -597 44 
2428 -597 44 
2420 -597 44 
2412 -597 44 
2405 -597 44 
2397 -597 44 
2390 -597 44 
2382 -597 44 
2374 -597 44 
2367 -597 44 
2359 -597 44 
2351 -597 44 
2344 -597 44 
2336 -597 44 
2328 -597 44 
2320 -597 44 
2312 -597 44 
2305 -597 44 
2297 -597 44 
2289 -597 44 
2281 -597 44 
2273 -597 44 
2265 -597 44 
2258 -597 44 
2250 -597 44 
2242 -597 44 
2234 -597 44 
2226 -597 44 
2218 -597 44 
2210 -597 44 
2202 -597 44 
2194 -597 44 
2186 -597 44 
2178 -597 44 
2170 -597 44 
2162 -597 44 
2154 -597 44 
2146 -597 44 
2138 -597 44 
2130 -597 44 
2122 -597 44 
2113 -597 44 
2105 -597 44 
2097 -597 44 
2089 -597 44 
2081 -597 44 
2073 -597 44 
2064 -597 44 
2056 -597 44 
2048 -597 44 
2040 -597 44 
2032 -597 44 
2023 -597 44 
2015 -597 44 
2007 -597 44 
1999 -597 44 
1990 -597 44 
1982 -597 44 
1974 -597 44 
1965 -597 44 
1957 -597 44 
1949 -597 44 
1940 -597 44 
1934 -593 48 
1926 -587 48 
1917 -581 48 
1909 -575 48 
1900 -569 48 
1892 -563 48 
1884 -556 48 
1875 -550 48 
1863 -545 41 
1855 -545 41 
1848 -545 41 
1840 -545 41 
1833 -545 41 
1825 -545 41 
1818 -546 41 
1811 -546 42 
1804 -546 42 
1798 -546 42 
1791 -546 42 
1785 -546 42 
1778 -546 42 
1772 -546 42 
