144 2022-06-26
1074 -386 50 
1074 -386 50 
1074 -386 51 
1074 -386 51 
1074 -385 51 
1075 -385 52 
1075 -385 52 
1075 -384 52 
1075 -383 52 
1075 -382 52 
1075 -381 53 
1075 -380 53 
1075 -379 53 
1075 -378 53 
1075 -377 53 
1075 -375 53 
1075 -374 53 
1075 -372 53 
1076 -370 54 
1076 -368 54 
1076 -366 54 
1076 -364 54 
1076 -362 54 
1076 -360 54 
1076 -358 54 
1076 -355 54 
1076 -353 54 
1074 -350 50 
1074 -350 50 
1074 -350 50 
1074 -350 50 
1074 -350 50 
1074 -350 50 
1074 -350 50 
1074 -350 50 
1074 -350 50 
1074 -350 50 
1074 -350 50 
1074 -350 50 
1074 -350 50 
1074 -350 50 
1074 -350 50 
1074 -350 50 
1074 -350 50 
1074 -350 50 
1074 -350 50 
1074 -350 50 
1073 -349 48 
1073 -349 48 
1073 -349 47 
1074 -348 47 
1075 -348 47 
1076 -348 46 
1077 -348 46 
1079 -348 46 
1080 -347 45 
1082 -347 45 
1084 -347 45 
1087 -347 45 
1089 -347 45 
1092 -347 45 
1095 -347 44 
1097 -347 44 
1100 -347 44 
1104 -347 44 
1107 -347 44 
1114 -356 51 
1117 -362 51 
1121 -367 51 
1124 -373 51 
1127 -378 51 
1131 -383 51 
1135 -388 51 
1138 -393 50 
1142 -398 50 
1146 -403 50 
1149 -407 50 
1153 -412 50 
1157 -416 50 
1161 -420 50 
1165 -424 50 
1169 -428 49 
1172 -432 49 
1176 -435 49 
1181 -439 49 
1185 -442 49 
1189 -446 49 
1193 -449 49 
1197 -452 49 
1201 -455 48 
1206 -457 48 
1210 -460 48 
1214 -463 48 
1219 -465 48 
1223 -468 48 
1227 -470 48 
1232 -472 48 
1236 -474 47 
1241 -476 47 
1245 -477 47 
1250 -479 47 
1255 -481 47 
1259 -482 47 
1264 -483 46 
1269 -485 46 
1274 -486 46 
1278 -487 46 
1283 -488 46 
1288 -488 46 
1293 -489 45 
1298 -489 45 
1303 -490 45 
1308 -490 45 
1312 -490 45 
1317 -490 44 
1322 -490 44 
1326 -490 43 
1331 -490 44 
1336 -490 45 
1340 -490 45 
1345 -490 45 
1350 -492 51 
1350 -492 51 
1350 -491 51 
1351 -490 52 
1351 -490 52 
1351 -489 52 
1351 -488 52 
1351 -487 53 
1351 -485 53 
1351 -484 53 
1351 -482 53 
1351 -481 53 
1350 -479 53 
1350 -477 53 
1350 -476 53 
1350 -474 53 
1350 -472 53 
1350 -469 53 
1350 -467 53 
1350 -465 53 
1350 -462 53 
1349 -460 53 
1349 -457 53 
1349 -454 53 
1349 -452 53 
1348 -449 53 
1348 -446 53 
1347 -442 53 
1347 -439 53 
1346 -436 53 
1345 -433 53 
1345 -429 53 
1344 -426 52 
1343 -422 52 
1342 -418 52 
1341 -414 52 
1340 -411 52 
1339 -407 52 
1338 -403 52 
1337 -409 53 
1335 -415 53 
1334 -420 53 
1332 -425 53 
1331 -431 53 
1329 -436 53 
1327 -441 52 
1325 -446 52 
1323 -451 52 
1321 -455 52 
1319 -460 52 
1317 -464 52 
1315 -468 51 
1313 -472 51 
1311 -476 51 
1309 -480 51 
1307 -484 51 
1304 -488 51 
1302 -491 51 
1299 -495 50 
1297 -498 50 
1294 -501 50 
1292 -504 50 
1289 -507 50 
1287 -510 50 
1284 -512 50 
1281 -515 49 
1278 -517 49 
1275 -520 49 
1272 -522 49 
1269 -524 49 
1266 -526 49 
1263 -528 49 
1260 -530 48 
1257 -531 48 
1254 -533 48 
1251 -534 48 
1248 -536 48 
1244 -537 47 
1241 -538 47 
1237 -539 47 
1234 -540 47 
1230 -540 47 
1227 -541 47 
1223 -542 46 
1220 -542 46 
1216 -542 46 
1212 -542 45 
1208 -542 45 
1204 -542 45 
1200 -542 44 
1197 -542 45 
1193 -542 45 
1190 -542 45 
1186 -542 46 
1182 -541 46 
1178 -541 46 
1174 -540 46 
1170 -539 46 
1166 -538 46 
1162 -538 46 
1158 -536 47 
1154 -535 47 
1150 -534 47 
1151 -535 52 
1151 -534 52 
1151 -532 53 
1151 -531 53 
1151 -529 53 
1151 -527 53 
1151 -525 53 
1151 -523 53 
1151 -521 53 
1151 -519 53 
1151 -517 53 
1152 -514 53 
1152 -512 54 
1152 -509 54 
1152 -506 54 
1152 -504 54 
1152 -501 54 
1152 -498 54 
1152 -495 54 
1152 -492 54 
1152 -488 54 
1152 -485 54 
1152 -482 54 
1152 -478 54 
1152 -475 54 
1152 -471 55 
1152 -467 55 
1152 -463 55 
1152 -459 54 
1152 -455 54 
1151 -451 54 
1151 -447 54 
1151 -442 54 
1151 -438 54 
1151 -434 55 
1151 -429 55 
1151 -425 55 
1151 -420 56 
1151 -415 55 
1151 -410 55 
1151 -405 55 
1151 -400 55 
1151 -395 55 
1152 -390 54 
1153 -385 56 
1153 -380 56 
1153 -375 56 
1153 -369 56 
1153 -364 56 
1153 -358 56 
1149 -349 49 
1149 -349 49 
1149 -349 49 
1149 -349 49 
1149 -349 49 
1149 -349 49 
1149 -349 49 
1149 -349 49 
1149 -349 49 
1149 -349 49 
1149 -349 49 
1149 -349 49 
1149 -349 49 
1149 -349 49 
1149 -349 49 
1149 -349 49 
1149 -349 49 
1149 -349 49 
1149 -349 49 
1149 -349 49 
1149 -349 49 
1149 -349 49 
1149 -349 49 
1149 -349 49 
1149 -349 49 
1153 -359 56 
1153 -364 56 
1153 -370 56 
1153 -375 56 
1153 -381 56 
1153 -386 56 
1153 -391 56 
1152 -396 55 
1152 -400 55 
1153 -405 55 
1153 -409 54 
1153 -414 54 
1153 -418 54 
1154 -422 54 
1154 -426 53 
1155 -430 53 
1155 -433 53 
1156 -437 53 
1157 -441 53 
1157 -444 52 
1158 -447 52 
1159 -450 52 
1160 -453 52 
1161 -456 52 
1162 -459 51 
1163 -462 51 
1164 -464 51 
1165 -467 51 
1167 -469 51 
1168 -471 50 
1169 -473 50 
1171 -475 50 
1172 -477 50 
1174 -479 50 
1175 -480 50 
1177 -482 49 
1179 -483 49 
1181 -485 49 
1182 -486 49 
1184 -487 49 
1186 -488 48 
1188 -489 48 
1190 -489 48 
1192 -490 48 
1194 -491 47 
1196 -491 47 
1198 -491 47 
1200 -492 47 
1202 -492 47 
1203 -492 46 
1205 -491 46 
1207 -492 47 
1209 -492 47 
1211 -491 47 
1212 -491 48 
1214 -491 48 
1215 -490 48 
1217 -490 49 
1218 -489 49 
1219 -488 49 
1220 -487 50 
1221 -486 50 
1222 -485 50 
1223 -484 50 
1224 -483 50 
1225 -481 51 
1226 -480 51 
1226 -478 51 
1227 -477 51 
1228 -475 51 
1228 -473 51 
1229 -471 51 
1230 -469 51 
1231 -466 51 
1232 -464 51 
1233 -461 51 
1234 -459 51 
1235 -456 51 
1236 -454 51 
1237 -451 51 
1238 -448 51 
1239 -445 51 
1241 -442 51 
1242 -439 51 
1244 -435 51 
1245 -432 51 
1247 -429 51 
1248 -425 51 
1250 -421 51 
1252 -418 51 
1253 -414 51 
1255 -410 51 
1257 -406 51 
1259 -402 51 
1258 -397 45 
1260 -397 45 
1263 -397 45 
1265 -397 45 
1268 -397 45 
1271 -397 44 
1274 -397 44 
1277 -397 44 
1280 -397 44 
1287 -406 51 
1290 -412 51 
1293 -418 51 
1297 -423 51 
1300 -428 51 
1304 -433 51 
1307 -438 51 
1311 -443 50 
1314 -448 50 
1318 -453 50 
1322 -457 50 
1325 -462 50 
1329 -466 50 
1333 -470 50 
1337 -474 50 
1341 -478 50 
1344 -482 49 
1348 -485 49 
1352 -492 54 
1352 -495 54 
1352 -498 54 
1352 -501 54 
1352 -505 54 
1352 -507 54 
1352 -510 54 
1352 -513 54 
1352 -516 54 
1352 -518 54 
1352 -521 54 
1351 -523 54 
1351 -525 54 
1351 -527 54 
1351 -529 53 
1337 -531 47 
1326 -537 47 
1314 -543 47 
1303 -548 47 
1292 -553 46 
1281 -559 46 
1270 -564 46 
1259 -569 46 
1248 -573 46 
1237 -578 46 
1226 -582 46 
1215 -587 46 
1204 -591 46 
1193 -595 46 
1182 -599 46 
1170 -603 46 
1159 -607 45 
1148 -611 45 
1137 -614 45 
1126 -618 45 
1115 -621 45 
1104 -624 45 
1093 -627 45 
1082 -630 45 
1071 -633 45 
1060 -636 45 
1049 -638 44 
1038 -641 44 
1027 -643 44 
1016 -645 44 
1005 -647 44 
1001 -654 53 
1001 -656 53 
1001 -658 53 
1001 -659 53 
1001 -661 53 
1001 -662 53 
1001 -664 53 
1009 -667 47 
1020 -672 47 
1031 -678 47 
1042 -683 47 
1053 -689 46 
1064 -694 46 
1075 -699 46 
1086 -704 46 
1097 -709 46 
1108 -713 46 
1119 -718 46 
1130 -722 46 
1141 -727 46 
1152 -731 46 
1163 -735 46 
1174 -739 46 
1185 -742 45 
1196 -746 45 
1204 -744 40 
1216 -745 41 
1227 -745 41 
1238 -745 41 
1249 -744 41 
1260 -744 42 
1271 -744 42 
1282 -743 42 
1293 -742 42 
1304 -741 42 
1315 -740 43 
1326 -739 43 
1337 -738 43 
1348 -737 43 
1359 -736 43 
1370 -734 43 
1381 -733 43 
1392 -731 44 
1403 -729 44 
1414 -727 44 
1425 -726 44 
1436 -723 44 
1447 -721 44 
1458 -719 44 
1469 -717 29 
1479 -714 29 
1490 -712 30 
1501 -709 30 
1512 -706 30 
1523 -703 30 
1534 -699 30 
1545 -696 30 
1556 -692 31 
1567 -688 31 
1578 -683 31 
1588 -679 31 
1599 -674 31 
1610 -670 31 
1621 -665 31 
1632 -660 31 
1643 -654 32 
1653 -653 41 
1653 -648 41 
1653 -642 41 
1653 -636 41 
1653 -630 41 
1653 -623 41 
1653 -617 42 
1653 -610 42 
1653 -603 42 
1653 -596 42 
1653 -588 42 
1653 -581 42 
1653 -573 42 
1653 -566 42 
1653 -558 42 
1653 -550 42 
1653 -541 42 
1654 -533 43 
1654 -524 43 
1654 -515 43 
1654 -506 43 
1654 -497 43 
1654 -488 43 
1654 -478 43 
1654 -469 43 
1654 -459 43 
1654 -449 43 
1654 -439 43 
1654 -429 43 
1654 -419 43 
1654 -410 43 
1654 -401 43 
1654 -392 43 
1653 -384 42 
1653 -376 42 
1653 -368 42 
1653 -360 42 
1653 -353 41 
1653 -345 41 
1653 -338 41 
1650 -333 32 
1651 -333 32 
1651 -333 31 
1652 -333 31 
1654 -333 31 
1656 -333 31 
1657 -332 30 
1659 -332 30 
1662 -332 30 
1664 -332 30 
1667 -332 30 
1669 -332 30 
1672 -332 29 
1675 -332 30 
1678 -332 29 
1681 -332 29 
1685 -332 29 
1688 -332 30 
1691 -332 29 
1695 -332 29 
1699 -332 29 
1702 -332 29 
1706 -332 29 
1710 -332 29 
1714 -332 29 
1718 -332 29 
1722 -332 28 
1726 -332 28 
1730 -331 28 
1734 -331 28 
1739 -331 28 
1743 -331 28 
1747 -331 28 
1751 -331 28 
1756 -331 28 
1760 -331 28 
1765 -331 28 
1769 -331 28 
1774 -331 28 
1778 -331 28 
1783 -331 28 
1787 -331 28 
1792 -331 28 
1796 -331 28 
1801 -331 28 
1805 -331 28 
1810 -331 28 
1815 -331 28 
1819 -331 28 
1824 -331 28 
1829 -331 28 
1833 -331 28 
1838 -331 28 
1843 -331 28 
1848 -331 28 
1852 -331 28 
1857 -331 28 
1862 -331 28 
1867 -331 28 
1871 -331 28 
1876 -331 28 
1881 -331 28 
1886 -331 28 
1890 -331 28 
1895 -331 28 
1900 -331 28 
1905 -331 28 
1910 -331 28 
1914 -331 28 
1919 -331 28 
1924 -331 28 
1929 -331 28 
1934 -331 28 
1939 -331 28 
1943 -331 28 
1948 -331 28 
1953 -331 28 
1958 -331 28 
1963 -331 28 
1967 -331 28 
1972 -331 28 
1977 -331 28 
1982 -331 28 
1987 -331 28 
1992 -331 28 
1997 -331 43 
2001 -346 43 
2006 -346 43 
2011 -346 43 
2016 -346 43 
2021 -346 43 
2026 -346 43 
2030 -346 43 
2035 -346 43 
2040 -346 43 
2045 -346 43 
2050 -346 43 
2055 -346 43 
2060 -346 43 
2064 -346 43 
2069 -346 43 
2074 -346 43 
2079 -346 43 
2084 -346 43 
2089 -346 43 
2094 -346 43 
2098 -346 43 
2103 -346 43 
2108 -346 43 
2113 -346 43 
2118 -346 43 
2123 -346 43 
2128 -346 43 
2132 -346 43 
2137 -346 43 
2142 -346 43 
2147 -346 43 
2152 -346 43 
2157 -346 43 
2162 -346 43 
2166 -346 43 
2171 -346 43 
2176 -346 43 
2181 -346 43 
2186 -346 43 
2191 -346 43 
2196 -346 43 
2200 -346 43 
2205 -346 43 
2210 -346 43 
2215 -346 43 
2220 -346 43 
2225 -346 43 
2230 -346 43 
2235 -346 43 
2239 -346 43 
2244 -346 43 
2249 -346 43 
2254 -346 43 
2259 -346 43 
2264 -346 43 
2269 -346 43 
2273 -346 43 
2278 -346 43 
2283 -346 43 
2288 -346 43 
2293 -346 43 
2298 -346 43 
2303 -346 43 
2307 -346 43 
2312 -346 43 
2317 -346 43 
2326 -356 50 
2331 -361 50 
2335 -367 50 
2340 -372 50 
2345 -378 50 
2350 -383 50 
2355 -388 50 
2360 -393 49 
2365 -398 49 
2367 -396 43 
2373 -396 44 
2378 -396 44 
2384 -396 44 
2389 -396 45 
2394 -396 45 
2400 -395 45 
2405 -394 45 
2411 -394 45 
2416 -393 45 
2422 -392 46 
2427 -391 46 
2433 -390 46 
2438 -388 46 
2444 -387 46 
2450 -386 46 
2455 -384 46 
2461 -382 46 
2467 -381 46 
2473 -379 46 
2478 -377 47 
2484 -375 47 
2490 -373 47 
2496 -371 47 
2502 -368 47 
2508 -366 47 
2514 -363 47 
2520 -361 47 
2526 -358 47 
2532 -355 47 
2538 -352 47 
2544 -349 47 
2547 -346 42 
2553 -346 42 
2559 -346 42 
2565 -346 42 
2570 -346 42 
2576 -346 42 
2582 -346 42 
2587 -346 42 
2593 -346 42 
2598 -346 42 
2604 -346 43 
2609 -346 43 
2615 -346 43 
2620 -346 43 
2625 -346 43 
2630 -346 43 
2636 -346 43 
2641 -346 43 
2649 -349 49 
2649 -349 49 
2649 -349 49 
2653 -359 56 
2653 -364 56 
2653 -370 56 
2653 -375 56 
2653 -381 56 
2653 -386 56 
2653 -391 56 
2652 -396 55 
2652 -401 55 
2652 -405 55 
2652 -410 55 
2652 -414 55 
2652 -418 55 
2652 -423 55 
2652 -427 55 
2652 -431 55 
2652 -434 55 
2652 -438 55 
2652 -442 54 
2652 -445 54 
2652 -448 54 
2652 -451 54 
2652 -454 54 
2652 -457 54 
2652 -460 54 
2637 -463 47 
2626 -468 47 
2615 -474 47 
2604 -479 47 
2593 -485 47 
2582 -490 46 
2571 -495 46 
2560 -500 46 
2549 -504 46 
2552 -514 55 
2552 -518 55 
2552 -523 55 
2552 -527 55 
2552 -531 55 
2552 -535 55 
2552 -539 55 
2552 -543 55 
2552 -547 55 
2552 -550 54 
2552 -554 54 
2552 -557 54 
2552 -560 54 
2552 -563 54 
2552 -566 54 
2552 -569 54 
2559 -571 47 
2570 -577 47 
2581 -582 47 
2592 -588 47 
2603 -593 47 
2614 -598 46 
2625 -603 46 
2636 -608 46 
2646 -613 46 
2652 -622 55 
2652 -627 55 
2652 -631 55 
2652 -636 55 
2652 -640 55 
2652 -644 55 
2652 -648 55 
2652 -651 55 
2652 -655 55 
2652 -659 54 
2652 -662 54 
2652 -665 54 
2652 -669 54 
2652 -672 54 
2652 -675 54 
2652 -677 54 
2652 -680 54 
2652 -683 54 
2652 -685 54 
2637 -688 47 
2626 -693 47 
2615 -699 47 
2604 -704 47 
2594 -710 47 
2583 -715 47 
2572 -720 46 
2562 -725 46 
2551 -730 46 
2552 -739 55 
2552 -743 55 
2552 -748 55 
2552 -752 55 
2552 -756 55 
2552 -760 55 
2552 -764 55 
2552 -768 55 
2552 -772 55 
2552 -775 54 
2552 -779 54 
2552 -782 54 
2552 -785 54 
2552 -788 54 
2552 -791 54 
2552 -794 54 
2552 -797 54 
2559 -799 47 
2570 -805 47 
2581 -810 47 
2592 -816 47 
2603 -821 46 
2614 -826 46 
2625 -831 46 
2636 -836 46 
2647 -841 46 
2652 -850 55 
2652 -855 55 
2652 -859 55 
2652 -863 55 
2652 -867 55 
2652 -872 55 
2652 -875 55 
2652 -879 55 
2652 -883 55 
2652 -886 54 
2652 -890 54 
2652 -893 54 
2652 -896 54 
2637 -898 47 
2626 -904 47 
2615 -910 47 
2604 -915 47 
2594 -921 47 
2583 -926 47 
2572 -931 46 
2561 -936 46 
2550 -940 46 
2540 -945 46 
2529 -950 46 
2518 -954 46 
2507 -958 46 
2497 -963 46 
2486 -967 46 
2475 -970 46 
2464 -974 46 
2454 -978 45 
2443 -981 45 
2432 -985 45 
2422 -988 45 
2411 -991 45 
2400 -994 45 
2390 -997 45 
2380 -1000 45 
2369 -1003 45 
2359 -1006 45 
2349 -1008 45 
2339 -1010 45 
2330 -1013 45 
2320 -1015 45 
2310 -1017 45 
2301 -1019 45 
2292 -1021 44 
2283 -1022 44 
2274 -1024 44 
2265 -1025 44 
2256 -1027 44 
2247 -1028 44 
2239 -1029 44 
2230 -1030 44 
2222 -1031 44 
2214 -1032 44 
2206 -1032 44 
2198 -1033 43 
2190 -1033 43 
2182 -1034 43 
2175 -1034 43 
2167 -1034 43 
2159 -1034 42 
2152 -1034 42 
2145 -1034 42 
2138 -1034 43 
2132 -1034 43 
2125 -1034 44 
2118 -1033 44 
2112 -1033 44 
2106 -1032 44 
2099 -1031 45 
2093 -1031 45 
2087 -1030 45 
2081 -1029 45 
2075 -1028 45 
2069 -1026 46 
2064 -1025 46 
2058 -1024 46 
2053 -1022 46 
2047 -1020 46 
2042 -1019 47 
2037 -1017 47 
2032 -1015 47 
2027 -1013 47 
2022 -1011 47 
2017 -1009 47 
2012 -1006 48 
2008 -1004 48 
2003 -1002 48 
1999 -999 48 
1994 -996 48 
1990 -994 48 
1986 -991 48 
1982 -988 49 
1978 -985 49 
1974 -982 49 
1970 -979 49 
1967 -975 49 
1963 -972 49 
1959 -969 49 
1956 -965 50 
1953 -961 50 
1949 -958 50 
1946 -954 50 
1943 -950 50 
1940 -946 50 
1937 -942 50 
1934 -938 51 
1931 -934 51 
1929 -929 51 
1926 -925 51 
1923 -920 51 
1921 -916 51 
1919 -911 51 
1916 -906 51 
1914 -902 52 
1912 -897 52 
1910 -892 52 
1908 -887 52 
1906 -882 52 
1904 -876 52 
1902 -871 52 
1901 -866 53 
1899 -860 53 
1898 -855 53 
1896 -849 53 
1895 -844 53 
1893 -838 53 
1892 -832 53 
1891 -826 53 
1889 -820 53 
1888 -814 53 
1886 -808 53 
1885 -802 53 
1880 -798 46 
1879 -798 46 
1878 -798 46 
1877 -798 46 
1876 -798 46 
1875 -798 47 
1874 -798 47 
1873 -798 47 
1873 -798 47 
1872 -798 47 
1871 -798 47 
1871 -798 47 
1870 -798 47 
1869 -798 47 
1869 -798 47 
1868 -798 47 
1868 -798 47 
1868 -799 48 
1867 -799 48 
1867 -799 48 
1867 -799 48 
1866 -799 48 
1866 -799 48 
1866 -799 48 
1865 -799 48 
1865 -799 48 
1865 -799 48 
1865 -799 48 
1865 -799 48 
1864 -799 48 
1864 -799 48 
1864 -799 48 
1864 -799 48 
1864 -799 48 
1864 -799 48 
1864 -799 48 
1863 -799 48 
1863 -799 48 
1863 -799 48 
1863 -799 49 
1863 -799 49 
1863 -799 49 
1863 -799 49 
1863 -799 49 
1863 -799 49 
1863 -799 49 
1863 -799 49 
1863 -799 49 
1863 -799 49 
1862 -799 49 
1862 -799 49 
1862 -799 49 
1862 -799 49 
1866 -809 56 
1866 -814 56 
1866 -820 56 
1865 -825 56 
1865 -830 55 
1865 -835 55 
1864 -840 55 
1864 -845 54 
1863 -850 54 
1863 -855 54 
1862 -859 54 
1861 -863 54 
1861 -868 53 
1860 -872 53 
1859 -876 53 
1858 -880 53 
1857 -883 53 
1856 -887 52 
1855 -890 52 
1854 -894 52 
1852 -897 52 
1851 -900 52 
1850 -903 51 
1848 -906 51 
1847 -909 51 
1846 -912 51 
1844 -914 51 
1842 -917 51 
1841 -919 50 
1839 -921 50 
1837 -923 50 
1835 -925 50 
1834 -927 50 
1832 -929 49 
1830 -930 49 
1828 -932 49 
1826 -933 49 
1823 -935 49 
1821 -936 49 
1819 -937 48 
1817 -938 48 
1814 -939 48 
1812 -939 48 
1809 -940 47 
1807 -940 47 
1804 -941 47 
1802 -941 47 
1799 -941 46 
1796 -941 46 
1793 -941 46 
1790 -941 45 
1788 -941 46 
1785 -941 46 
1783 -941 46 
1780 -941 46 
1777 -940 47 
1774 -940 47 
1771 -939 47 
1768 -938 47 
1765 -937 47 
1762 -936 47 
1759 -935 47 
1756 -934 47 
1753 -933 48 
1749 -931 48 
1746 -930 48 
1743 -928 48 
1739 -927 48 
1736 -925 48 
1732 -923 48 
1729 -921 48 
1725 -919 48 
1722 -917 48 
1718 -915 48 
1714 -912 48 
1711 -910 48 
1707 -908 48 
1703 -905 48 
1699 -902 49 
1695 -899 49 
1691 -897 49 
1687 -894 49 
1683 -890 49 
1679 -887 49 
1675 -884 49 
1671 -881 49 
1667 -877 49 
1663 -874 49 
1658 -870 49 
1654 -867 49 
1650 -863 49 
1645 -859 49 
1641 -855 49 
1637 -851 49 
1629 -846 43 
1625 -846 43 
1620 -846 43 
1616 -846 43 
1611 -846 43 
1606 -846 43 
1602 -846 43 
1597 -846 43 
1593 -846 43 
1588 -846 43 
1583 -846 43 
1579 -846 43 
1574 -846 43 
1569 -846 43 
1564 -846 43 
1560 -846 43 
1555 -846 43 
1550 -846 43 
1546 -846 43 
1541 -846 43 
1536 -846 43 
1531 -846 43 
1527 -846 43 
1522 -846 43 
1517 -846 43 
1512 -846 43 
1507 -846 43 
1503 -846 43 
1498 -846 43 
1493 -846 43 
1488 -846 43 
1483 -846 43 
1479 -846 43 
1474 -846 43 
1469 -846 43 
1464 -846 43 
1459 -846 43 
1454 -846 43 
1450 -846 43 
1445 -846 43 
1440 -846 43 
1435 -846 43 
1430 -846 43 
1425 -846 43 
1421 -846 43 
1416 -846 43 
1411 -846 43 
1406 -846 43 
1401 -846 43 
1396 -846 43 
1392 -846 43 
1387 -846 43 
1382 -846 43 
1377 -846 43 
1372 -846 43 
1367 -846 43 
1362 -846 43 
1358 -846 43 
1353 -846 43 
1348 -846 43 
1343 -846 43 
1338 -846 43 
1333 -846 43 
1328 -846 43 
1324 -846 43 
1319 -846 43 
1314 -846 43 
1309 -846 43 
1304 -846 43 
1299 -846 43 
1294 -846 43 
1290 -846 43 
1285 -846 43 
1280 -846 43 
1275 -846 43 
1270 -846 43 
1265 -846 43 
1260 -846 43 
1256 -846 43 
1251 -846 43 
1246 -846 43 
1241 -846 43 
1236 -846 43 
1231 -846 43 
1226 -846 43 
1222 -846 43 
1217 -846 43 
1212 -846 43 
1207 -846 43 
1202 -846 43 
1197 -846 43 
1192 -846 43 
1188 -846 43 
1183 -846 43 
1178 -846 43 
1173 -846 43 
1168 -846 43 
1163 -846 43 
1158 -846 43 
1153 -846 43 
1149 -846 43 
1144 -846 43 
1139 -846 43 
1134 -846 43 
3807 -774 43 
3804 -775 44 
3800 -775 44 
3796 -775 44 
3792 -775 44 
3788 -775 44 
3784 -775 44 
3780 -775 44 
3776 -775 44 
3773 -775 44 
3769 -775 44 
3765 -775 44 
3761 -774 44 
3758 -774 44 
3754 -774 44 
3750 -774 45 
3747 -774 45 
3744 -774 45 
3740 -774 45 
3737 -774 45 
3734 -774 45 
3731 -774 45 
3728 -774 45 
3725 -774 45 
3722 -774 45 
3719 -774 45 
3717 -774 45 
3714 -774 45 
3712 -774 46 
3709 -774 46 
3707 -774 46 
3705 -774 46 
3703 -774 46 
3701 -774 46 
3699 -774 46 
3700 -776 50 
3700 -775 50 
3700 -775 50 
3700 -775 50 
3700 -775 50 
3700 -775 50 
3700 -775 50 
3700 -775 50 
3700 -775 50 
3700 -775 50 
3700 -775 50 
3700 -775 50 
3700 -774 50 
3700 -774 50 
3700 -774 50 
3701 -774 50 
3701 -774 50 
3701 -774 50 
3701 -774 50 
3701 -774 49 
3701 -774 49 
3701 -773 49 
3701 -773 49 
3702 -773 49 
3702 -773 49 
3702 -773 49 
3702 -772 48 
3703 -772 48 
3703 -772 48 
3704 -772 48 
3705 -772 48 
3705 -772 48 
3706 -771 48 
3707 -771 48 
3708 -771 48 
3708 -771 48 
3709 -771 47 
3711 -771 47 
3712 -771 47 
3713 -770 47 
3714 -770 47 
3715 -770 47 
3717 -770 47 
3718 -770 47 
3719 -770 47 
3721 -770 47 
3722 -769 47 
3724 -769 47 
3726 -769 47 
3727 -769 47 
3729 -769 46 
3731 -769 46 
3733 -769 46 
3735 -769 46 
3737 -768 46 
3739 -768 46 
3741 -768 46 
3743 -768 46 
3745 -768 46 
3747 -768 46 
3750 -768 46 
3752 -767 46 
3754 -767 46 
3757 -767 46 
3759 -767 46 
3762 -767 46 
3764 -767 46 
3767 -767 46 
3769 -767 46 
3772 -767 46 
3774 -766 46 
3777 -766 46 
3779 -766 46 
3782 -766 46 
3785 -766 46 
3787 -766 46 
3790 -766 45 
3793 -765 45 
3796 -765 45 
3799 -765 45 
3802 -765 45 
3805 -765 45 
3808 -765 45 
3811 -765 45 
3814 -765 45 
3817 -764 45 
3820 -764 45 
3824 -764 45 
3827 -764 45 
3830 -764 45 
3834 -764 45 
3837 -764 45 
3841 -764 45 
3844 -763 45 
3848 -763 45 
3852 -763 45 
3855 -763 45 
3859 -763 45 
3863 -763 45 
3866 -763 45 
3870 -763 45 
3874 -762 45 
3878 -762 45 
3882 -762 45 
3886 -762 45 
3890 -762 44 
3894 -762 44 
3898 -762 44 
3902 -762 44 
3906 -761 44 
3911 -761 44 
3915 -761 44 
3919 -761 44 
3923 -761 44 
3928 -761 44 
3932 -761 44 
3937 -761 44 
3941 -760 44 
3946 -760 44 
3950 -760 44 
3955 -760 44 
3959 -760 44 
3964 -760 44 
3969 -760 44 
3973 -760 44 
3978 -759 44 
3983 -759 44 
3988 -759 44 
3993 -759 44 
3997 -759 44 
4002 -759 44 
4007 -759 44 
4012 -759 44 
4017 -758 44 
4022 -758 44 
4027 -758 44 
4032 -758 44 
4038 -758 44 
4043 -758 44 
4050 -761 50 
4037 -765 47 
4026 -771 47 
4016 -776 47 
4005 -781 47 
3994 -786 46 
3984 -791 46 
3974 -795 46 
3964 -800 46 
3954 -804 46 
3944 -809 46 
3935 -813 46 
3925 -817 46 
3916 -821 46 
3906 -826 46 
3897 -830 47 
3888 -834 47 
3879 -838 47 
3870 -842 47 
3862 -846 47 
3853 -850 47 
3845 -854 47 
3836 -858 47 
3828 -862 47 
3820 -865 47 
3812 -869 47 
3804 -873 47 
3797 -877 47 
3789 -880 47 
3781 -884 47 
3774 -888 47 
3767 -891 47 
3760 -895 47 
3752 -898 47 
3745 -901 47 
3739 -905 47 
3732 -908 47 
3725 -912 47 
3719 -915 47 
3712 -918 47 
3706 -921 47 
3700 -924 47 
3702 -931 54 
3702 -934 54 
3702 -937 54 
3702 -940 54 
3702 -943 54 
3702 -946 54 
3702 -949 54 
3702 -952 54 
3702 -954 54 
3702 -957 54 
3702 -960 54 
3702 -963 54 
3702 -965 54 
3702 -968 54 
3702 -971 54 
3702 -973 54 
3702 -976 54 
3702 -978 54 
3702 -981 54 
3702 -983 54 
3702 -986 53 
3701 -988 53 
3702 -990 53 
3701 -993 53 
3701 -995 53 
3701 -997 53 
3701 -1000 53 
3701 -1002 53 
3701 -1004 53 
3701 -1006 53 
3701 -1008 53 
3701 -1010 53 
3701 -1012 53 
3701 -1014 53 
3701 -1016 53 
3701 -1018 53 
3701 -1020 53 
3701 -1022 53 
3701 -1024 53 
3701 -1026 53 
3701 -1028 53 
3701 -1029 53 
3701 -1031 53 
3701 -1033 53 
3701 -1034 53 
3701 -1036 53 
3701 -1038 53 
3701 -1039 53 
3701 -1041 53 
3701 -1042 53 
3701 -1044 53 
3701 -1045 52 
3701 -1047 52 
3701 -1048 52 
3701 -1050 52 
3701 -1051 52 
3701 -1052 52 
3701 -1054 52 
3701 -1055 52 
3701 -1056 52 
3701 -1058 53 
3701 -1059 53 
3701 -1060 53 
3701 -1061 52 
3701 -1062 52 
3701 -1063 52 
3701 -1064 52 
3701 -1065 52 
3702 -1066 52 
3702 -1067 52 
3702 -1068 52 
3702 -1069 52 
3702 -1070 52 
3702 -1071 51 
3702 -1072 51 
3702 -1073 51 
3702 -1074 51 
3702 -1074 51 
3702 -1075 51 
3703 -1076 50 
3703 -1076 50 
3703 -1077 50 
3704 -1077 50 
3704 -1078 50 
3705 -1079 50 
3705 -1079 49 
3706 -1080 49 
3707 -1080 49 
3707 -1081 49 
3708 -1081 49 
3709 -1082 49 
3710 -1082 49 
3711 -1082 48 
3712 -1083 48 
3713 -1083 48 
3714 -1083 48 
3716 -1084 48 
3717 -1084 48 
3718 -1084 48 
3720 -1084 48 
3721 -1085 47 
3723 -1085 47 
3724 -1085 47 
3726 -1085 47 
3728 -1085 47 
3729 -1085 47 
3731 -1085 47 
3733 -1086 46 
3735 -1086 46 
3737 -1086 46 
3739 -1086 46 
3741 -1085 46 
3743 -1085 46 
3745 -1085 45 
3747 -1085 45 
3749 -1085 46 
3752 -1085 46 
3754 -1085 46 
3757 -1085 46 
3759 -1085 46 
3762 -1085 46 
3764 -1085 46 
3767 -1085 46 
3770 -1084 46 
3773 -1084 46 
3775 -1084 46 
3778 -1084 46 
3781 -1083 46 
3784 -1083 46 
3787 -1083 46 
3790 -1083 46 
3793 -1082 46 
3796 -1082 46 
3799 -1081 46 
3802 -1081 46 
3806 -1081 46 
3809 -1080 46 
3812 -1080 46 
3816 -1079 46 
3819 -1079 46 
3822 -1078 46 
3826 -1078 46 
3829 -1077 46 
3833 -1076 46 
3837 -1076 46 
3840 -1075 46 
3844 -1075 46 
3848 -1074 46 
3851 -1073 46 
3855 -1073 46 
3859 -1072 46 
3863 -1071 46 
3867 -1070 46 
3871 -1070 46 
3875 -1069 46 
3879 -1068 46 
3883 -1067 46 
3887 -1066 46 
3891 -1066 46 
3896 -1065 46 
3900 -1064 46 
3904 -1063 46 
3908 -1062 46 
3912 -1061 46 
3917 -1060 46 
3921 -1059 46 
3925 -1058 46 
3929 -1057 46 
3933 -1056 46 
3937 -1055 47 
3941 -1054 47 
3945 -1053 47 
3949 -1052 47 
3953 -1051 47 
3956 -1050 47 
3960 -1049 47 
3964 -1048 47 
3967 -1047 47 
3970 -1046 47 
3974 -1045 47 
3977 -1044 47 
3980 -1043 48 
3983 -1041 48 
3986 -1040 48 
3989 -1039 48 
3992 -1038 48 
3994 -1036 48 
3997 -1035 48 
4000 -1034 48 
4002 -1033 48 
4004 -1031 48 
4007 -1030 48 
4009 -1029 49 
4011 -1027 49 
4013 -1026 49 
4015 -1025 49 
4017 -1023 49 
4019 -1022 49 
4021 -1021 49 
4023 -1019 49 
4024 -1018 49 
4026 -1016 49 
4027 -1015 50 
4029 -1013 50 
4030 -1012 50 
4031 -1010 50 
4033 -1009 50 
4034 -1007 50 
4035 -1006 50 
4036 -1004 50 
4037 -1003 51 
4038 -1001 51 
4038 -1000 51 
4039 -998 51 
4040 -997 51 
4040 -995 51 
4041 -993 51 
4041 -992 52 
4042 -990 52 
4042 -988 52 
4042 -987 52 
4043 -985 52 
4043 -984 53 
4043 -982 53 
4043 -980 53 
4043 -978 52 
4042 -976 52 
4042 -974 52 
4042 -972 52 
4041 -970 52 
4041 -968 52 
4040 -967 51 
4039 -965 51 
4039 -963 51 
4038 -961 51 
4037 -959 51 
4036 -957 51 
4036 -955 51 
4035 -953 51 
4034 -951 51 
4032 -949 51 
4031 -947 51 
4030 -945 51 
4029 -943 50 
4028 -941 50 
4026 -939 50 
4025 -936 50 
4023 -934 50 
4022 -932 50 
4020 -930 50 
4019 -928 50 
4017 -926 50 
4015 -924 50 
4014 -922 50 
4012 -920 50 
4010 -917 50 
4008 -915 50 
4006 -913 50 
4004 -911 50 
4002 -909 50 
4000 -906 50 
3998 -904 50 
3995 -902 49 
3993 -900 49 
3991 -897 49 
3988 -895 49 
3986 -893 49 
3983 -891 49 
3981 -888 49 
3978 -886 49 
3976 -884 49 
3973 -881 49 
3970 -879 49 
3968 -877 49 
3965 -874 49 
3962 -872 49 
3959 -870 49 
3956 -867 49 
3953 -865 49 
3950 -863 49 
3948 -860 49 
3945 -858 49 
3942 -856 49 
3940 -853 49 
3937 -851 49 
3935 -848 50 
3933 -846 50 
3930 -844 50 
3928 -841 50 
3926 -839 50 
3924 -836 50 
3922 -834 50 
3921 -831 50 
3919 -829 50 
3917 -827 50 
3916 -824 50 
3914 -822 51 
3913 -819 51 
3911 -817 51 
3910 -814 51 
3909 -812 51 
3908 -809 51 
3907 -807 51 
3906 -804 51 
3905 -802 51 
3904 -799 51 
3903 -796 52 
3902 -794 52 
3902 -792 52 
3901 -789 52 
3900 -787 52 
3900 -785 52 
3900 -783 52 
3899 -781 52 
3899 -779 52 
3899 -778 52 
3898 -776 52 
3898 -774 52 
3898 -772 52 
3897 -771 52 
3897 -769 51 
3896 -767 51 
3896 -766 51 
3895 -764 51 
3894 -763 51 
3894 -762 50 
3893 -760 50 
3892 -759 50 
3891 -758 50 
3890 -756 50 
3889 -755 50 
3888 -754 50 
3887 -753 49 
3886 -752 49 
3884 -751 49 
3883 -750 49 
3880 -748 46 
3881 -757 53 
3879 -762 52 
3877 -768 52 
3875 -773 52 
3873 -778 52 
3871 -782 52 
3869 -787 52 
3866 -791 51 
3864 -795 51 
3862 -799 51 
3859 -803 51 
3857 -807 51 
3854 -811 51 
3852 -815 51 
3849 -819 51 
3847 -822 51 
3844 -826 50 
3841 -830 50 
3839 -833 50 
3836 -837 50 
3833 -840 50 
3830 -844 50 
3827 -847 50 
3824 -851 50 
3821 -854 50 
3818 -858 50 
3815 -861 50 
3812 -864 50 
3809 -867 50 
3805 -871 50 
3802 -874 49 
3799 -877 49 
3795 -880 49 
3792 -883 49 
3788 -886 49 
3785 -889 49 
3781 -892 49 
3778 -895 49 
3774 -898 49 
3771 -901 49 
3767 -904 49 
3763 -906 49 
3760 -909 49 
3756 -912 49 
3753 -915 49 
3749 -917 49 
3746 -920 49 
3743 -923 49 
3740 -925 49 
3736 -928 49 
3733 -930 49 
3731 -933 49 
3728 -935 49 
3725 -938 49 
3722 -940 49 
3720 -942 49 
3717 -945 49 
3715 -947 49 
3712 -949 49 
3710 -952 49 
3708 -954 49 
3706 -956 50 
3704 -958 50 
3702 -960 50 
3700 -962 50 
3710 -967 47 
3721 -973 47 
3732 -979 47 
3743 -984 47 
3754 -990 47 
3765 -996 47 
3776 -1002 47 
3787 -1007 47 
3798 -1013 47 
3809 -1018 47 
3820 -1024 47 
3831 -1029 47 
3842 -1034 46 
3853 -1040 46 
3864 -1045 46 
3875 -1050 46 
3886 -1055 46 
3897 -1061 46 
3908 -1066 46 
3919 -1071 46 
3930 -1076 46 
3941 -1081 46 
3952 -1086 46 
3963 -1090 46 
3974 -1095 46 
3985 -1100 46 
3996 -1105 46 
4007 -1109 46 
4017 -1114 46 
4028 -1119 46 
4039 -1123 46 
4050 -1128 46 
4061 -1132 46 
4072 -1137 46 
4083 -1141 46 
4094 -1145 46 
4105 -1150 46 
4115 -1154 46 
4126 -1158 46 
4137 -1162 46 
4148 -1166 46 
4159 -1171 46 
4170 -1175 46 
4180 -1179 46 
4191 -1183 46 
4202 -1187 46 
4213 -1190 46 
4224 -1194 46 
4235 -1198 46 
4245 -1202 45 
4256 -1206 45 
4267 -1209 45 
4278 -1213 45 
4289 -1217 45 
4299 -1220 45 
4310 -1224 45 
4321 -1227 45 
4332 -1231 45 
4342 -1234 45 
4353 -1238 45 
4364 -1241 45 
4375 -1244 45 
4385 -1248 45 
4396 -1251 45 
4407 -1254 45 
4418 -1257 45 
4428 -1260 45 
4439 -1263 45 
4450 -1266 45 
4460 -1270 45 
4471 -1273 45 
4482 -1275 45 
4493 -1278 45 
4503 -1281 45 
4514 -1284 45 
4525 -1287 45 
4535 -1290 45 
4546 -1293 45 
4557 -1295 45 
4567 -1298 45 
4578 -1301 45 
4589 -1303 45 
4599 -1306 45 
4610 -1308 45 
4621 -1311 44 
4631 -1313 44 
4642 -1316 44 
4653 -1318 44 
4663 -1321 44 
4674 -1323 44 
4685 -1325 44 
4695 -1328 44 
4706 -1330 44 
4716 -1332 44 
4727 -1334 44 
4738 -1336 44 
4748 -1339 44 
4759 -1341 44 
4769 -1343 44 
4780 -1345 44 
4791 -1347 44 
4801 -1349 44 
4812 -1351 44 
4822 -1353 44 
4833 -1355 44 
4844 -1356 44 
4854 -1358 44 
4865 -1360 44 
4875 -1362 44 
4886 -1364 44 
4896 -1365 44 
4907 -1367 44 
4917 -1369 44 
4928 -1370 44 
4939 -1372 44 
4949 -1373 44 
4960 -1375 43 
4970 -1376 43 
4981 -1378 43 
4991 -1379 43 
5002 -1381 43 
5012 -1382 43 
5023 -1384 43 
5033 -1385 43 
5044 -1386 43 
5054 -1388 43 
5065 -1389 43 
5075 -1390 43 
5086 -1391 43 
5096 -1392 43 
5107 -1394 43 
5117 -1395 43 
5128 -1396 43 
5138 -1397 43 
5149 -1398 43 
5159 -1399 43 
5170 -1400 43 
5180 -1401 43 
5191 -1402 43 
5201 -1403 43 
5212 -1404 43 
5222 -1405 43 
5233 -1405 43 
5243 -1406 43 
5253 -1407 43 
5264 -1408 42 
5274 -1409 42 
5285 -1409 42 
5295 -1410 42 
5306 -1411 42 
5316 -1411 42 
5327 -1412 42 
5337 -1413 42 
5347 -1413 42 
5358 -1414 42 
5368 -1414 42 
5379 -1415 42 
5389 -1415 42 
5400 -1416 42 
5410 -1416 42 
5420 -1417 42 
5431 -1417 42 
5441 -1417 42 
5452 -1418 42 
5462 -1418 42 
5472 -1418 42 
5483 -1419 41 
5493 -1419 41 
5504 -1419 41 
5514 -1419 41 
5524 -1419 41 
5535 -1420 41 
5545 -1420 41 
5555 -1420 41 
5566 -1420 41 
5576 -1420 41 
5587 -1420 41 
5599 -1424 50 
5599 -1424 49 
5599 -1424 49 
5599 -1424 49 
5599 -1424 49 
5599 -1424 49 
5599 -1424 50 
5600 -1424 50 
5600 -1424 50 
5587 -1429 47 
5576 -1435 47 
5566 -1441 47 
5555 -1446 47 
5544 -1452 47 
5534 -1458 47 
5523 -1463 47 
5513 -1469 47 
5502 -1475 47 
5492 -1480 47 
5482 -1486 47 
5472 -1491 47 
5462 -1496 47 
5452 -1502 47 
5442 -1507 47 
5432 -1512 47 
5422 -1517 47 
5412 -1523 47 
5403 -1528 47 
5393 -1533 47 
5384 -1538 47 
5375 -1543 47 
5366 -1548 47 
5357 -1553 47 
5348 -1557 47 
5340 -1562 47 
5331 -1567 47 
5323 -1572 47 
5314 -1576 47 
5306 -1581 47 
5298 -1586 47 
5290 -1590 47 
5282 -1595 47 
5275 -1599 47 
5267 -1604 48 
5259 -1608 48 
5252 -1612 48 
5245 -1617 48 
5238 -1621 48 
5231 -1625 48 
5224 -1629 48 
5217 -1633 48 
5210 -1637 48 
5203 -1641 48 
5197 -1645 48 
5190 -1649 48 
5184 -1653 48 
5178 -1657 48 
5172 -1661 48 
5166 -1665 48 
5160 -1669 48 
5154 -1672 48 
5148 -1676 48 
5143 -1680 48 
5137 -1683 48 
5132 -1687 48 
5126 -1690 48 
5121 -1694 48 
5116 -1697 48 
5111 -1701 48 
5106 -1704 48 
5101 -1708 48 
5097 -1711 48 
5092 -1714 48 
5088 -1717 48 
5083 -1721 49 
5079 -1724 49 
5074 -1727 49 
5070 -1730 49 
5066 -1733 49 
5062 -1736 49 
5058 -1739 49 
5054 -1742 49 
5051 -1745 49 
5047 -1748 49 
5044 -1751 49 
5040 -1754 49 
5037 -1756 49 
5033 -1759 49 
5030 -1762 49 
5027 -1765 49 
5024 -1767 49 
5021 -1770 49 
5018 -1772 49 
5015 -1775 49 
5013 -1778 49 
5010 -1780 49 
5008 -1783 49 
5005 -1785 49 
5003 -1787 49 
5000 -1790 50 
4998 -1792 50 
4996 -1794 50 
4994 -1797 50 
4992 -1799 50 
4990 -1801 50 
4988 -1803 50 
4986 -1805 50 
4985 -1807 50 
4983 -1810 50 
4982 -1812 50 
4980 -1814 50 
4979 -1816 50 
4977 -1818 50 
4976 -1820 50 
4975 -1821 50 
4974 -1823 50 
4973 -1825 50 
4972 -1827 51 
4971 -1829 51 
4970 -1831 51 
4969 -1832 51 
4969 -1834 51 
4968 -1836 51 
4968 -1837 51 
4967 -1839 51 
4967 -1841 51 
4967 -1842 51 
4966 -1844 52 
4966 -1845 52 
4966 -1847 52 
4966 -1848 52 
4966 -1850 52 
4966 -1851 53 
4966 -1853 52 
4966 -1854 52 
4966 -1855 52 
4966 -1856 51 
4967 -1857 51 
4967 -1858 51 
4967 -1859 51 
4968 -1860 51 
4968 -1861 50 
4969 -1862 50 
4969 -1863 50 
4970 -1864 50 
4971 -1865 50 
4972 -1866 50 
4972 -1867 50 
4973 -1868 49 
4974 -1869 49 
4975 -1870 49 
4977 -1870 49 
4978 -1871 49 
4979 -1872 49 
4980 -1873 49 
4982 -1873 49 
4983 -1874 48 
4984 -1875 48 
4986 -1875 48 
4987 -1876 48 
4989 -1877 48 
4991 -1877 48 
4992 -1878 48 
4994 -1878 48 
4996 -1879 48 
4998 -1879 48 
5000 -1880 47 
5002 -1880 47 
5004 -1881 47 
5006 -1881 47 
5008 -1881 47 
5010 -1882 47 
5012 -1882 47 
5015 -1882 47 
5017 -1883 47 
5019 -1883 46 
5022 -1883 46 
5024 -1883 46 
5027 -1883 46 
5029 -1884 46 
5032 -1884 46 
5034 -1884 46 
5037 -1884 46 
5039 -1884 46 
5042 -1884 46 
5044 -1884 46 
5047 -1884 46 
5049 -1884 45 
5052 -1884 45 
5054 -1884 45 
5056 -1884 45 
5059 -1884 45 
5061 -1884 46 
5064 -1884 46 
5066 -1884 46 
5069 -1884 46 
5071 -1884 46 
5074 -1884 46 
5076 -1884 46 
5078 -1883 46 
5081 -1883 46 
5083 -1883 46 
5086 -1883 46 
5089 -1882 46 
5091 -1882 46 
5094 -1882 46 
5097 -1882 46 
5100 -1881 46 
5102 -1881 46 
5105 -1880 46 
5108 -1880 46 
5111 -1880 46 
5114 -1879 46 
5117 -1879 47 
5120 -1878 47 
5122 -1878 47 
5125 -1877 47 
5128 -1877 47 
5130 -1876 47 
5132 -1876 47 
5135 -1875 47 
5137 -1875 47 
5139 -1874 48 
5141 -1874 48 
5143 -1873 48 
5145 -1872 48 
5147 -1872 48 
5149 -1871 48 
5151 -1870 48 
5152 -1870 48 
5154 -1869 48 
5155 -1868 49 
5157 -1867 49 
5158 -1867 49 
5159 -1866 49 
5161 -1865 49 
5162 -1864 49 
5163 -1863 49 
5164 -1863 49 
5165 -1862 50 
5166 -1861 50 
5166 -1860 50 
5167 -1859 50 
5168 -1858 50 
5168 -1857 50 
5169 -1856 51 
5169 -1855 51 
5170 -1854 51 
5170 -1853 51 
5170 -1853 51 
5171 -1852 52 
5171 -1851 52 
5171 -1850 52 
5171 -1849 52 
5171 -1847 53 
5171 -1846 53 
5171 -1845 53 
5171 -1844 52 
5171 -1842 52 
5171 -1841 52 
5171 -1840 51 
5171 -1838 51 
5172 -1837 51 
5172 -1836 51 
5173 -1834 51 
5173 -1833 51 
5174 -1831 51 
5174 -1830 51 
5175 -1829 50 
5176 -1827 50 
5176 -1826 50 
5177 -1824 50 
5178 -1823 50 
5179 -1821 50 
5180 -1820 50 
5181 -1818 50 
5183 -1817 50 
5184 -1815 50 
5185 -1814 50 
5186 -1812 50 
5188 -1811 50 
5189 -1809 50 
5191 -1808 50 
5192 -1806 49 
5194 -1804 49 
5196 -1803 49 
5197 -1801 49 
5199 -1799 49 
5201 -1798 49 
5203 -1796 49 
5205 -1794 49 
5207 -1793 49 
5209 -1791 49 
5211 -1789 49 
5213 -1788 49 
5215 -1786 49 
5217 -1784 49 
5220 -1782 49 
5222 -1781 49 
5224 -1779 49 
5227 -1777 49 
5229 -1775 49 
5232 -1773 49 
5235 -1771 49 
5237 -1770 49 
5240 -1768 49 
5243 -1766 49 
5245 -1764 49 
5248 -1762 49 
5251 -1760 49 
5254 -1758 49 
5257 -1756 48 
5260 -1754 48 
5263 -1752 48 
5266 -1750 48 
5269 -1749 48 
5272 -1747 48 
5276 -1745 48 
5279 -1743 48 
5282 -1741 48 
5285 -1738 48 
5289 -1736 48 
5292 -1734 48 
5296 -1732 48 
5299 -1730 48 
5303 -1728 48 
5306 -1726 48 
5310 -1724 48 
5314 -1722 48 
5317 -1720 48 
5321 -1718 48 
5325 -1715 48 
5329 -1713 48 
5333 -1711 48 
5337 -1709 48 
5341 -1707 48 
5345 -1705 48 
5349 -1702 48 
5353 -1700 48 
5357 -1698 48 
5361 -1696 48 
5365 -1693 48 
5369 -1691 48 
5374 -1689 48 
5378 -1687 48 
5382 -1684 48 
5387 -1682 48 
5391 -1680 48 
5396 -1677 48 
5400 -1675 48 
5405 -1673 48 
5409 -1670 48 
5414 -1668 48 
5418 -1666 48 
5423 -1663 48 
5428 -1661 48 
5432 -1658 48 
5437 -1656 48 
5442 -1654 48 
5447 -1651 48 
5452 -1649 48 
5457 -1646 48 
5462 -1644 48 
5466 -1641 48 
5471 -1639 47 
5477 -1637 47 
5482 -1634 47 
5487 -1632 47 
5492 -1629 47 
5497 -1627 47 
5502 -1624 47 
5507 -1622 47 
5513 -1619 47 
5518 -1616 47 
5523 -1614 47 
5528 -1611 47 
5534 -1609 47 
5539 -1606 47 
5545 -1604 47 
5550 -1601 47 
5555 -1598 47 
5561 -1596 47 
5566 -1593 47 
5571 -1591 48 
5576 -1588 48 
5581 -1585 48 
5586 -1583 48 
5592 -1580 48 
5597 -1578 48 
5602 -1578 54 
5602 -1575 54 
5602 -1573 54 
5602 -1570 54 
5602 -1567 54 
5602 -1564 54 
5602 -1562 54 
5602 -1559 54 
5602 -1556 54 
5587 -1559 47 
5576 -1565 47 
5565 -1570 47 
5554 -1576 47 
5543 -1582 47 
5532 -1588 47 
5521 -1593 47 
5509 -1599 47 
5498 -1604 47 
5487 -1610 47 
5476 -1615 47 
5465 -1621 47 
5454 -1626 46 
5443 -1632 46 
5432 -1637 46 
5421 -1642 46 
5410 -1647 46 
5399 -1652 46 
5388 -1657 46 
5377 -1662 46 
5366 -1667 46 
5355 -1672 46 
5344 -1677 46 
5333 -1682 46 
5322 -1687 46 
5311 -1692 46 
5300 -1696 46 
5289 -1701 46 
5279 -1706 46 
5268 -1710 46 
5257 -1715 46 
5246 -1719 46 
5235 -1724 46 
5224 -1728 46 
5213 -1733 46 
5202 -1737 46 
5191 -1741 46 
5180 -1746 46 
5169 -1750 46 
5159 -1754 46 
5148 -1758 46 
5137 -1762 46 
5126 -1766 46 
5115 -1770 46 
5104 -1774 46 
5093 -1778 46 
5083 -1782 46 
5072 -1786 46 
5061 -1790 46 
5050 -1794 45 
5039 -1797 45 
5028 -1801 45 
5018 -1805 45 
5007 -1808 45 
4996 -1812 45 
4986 -1816 45 
4975 -1819 45 
4965 -1823 45 
4955 -1826 45 
4944 -1829 45 
4934 -1833 45 
4924 -1836 46 
4915 -1840 46 
4905 -1843 46 
4895 -1846 46 
4886 -1849 46 
4877 -1852 46 
4867 -1856 46 
4858 -1859 46 
4849 -1862 46 
4841 -1865 46 
4832 -1868 46 
4823 -1871 46 
4815 -1874 46 
4807 -1876 46 
4798 -1879 46 
4790 -1882 46 
4782 -1885 46 
4774 -1888 46 
4767 -1890 46 
4759 -1893 46 
4751 -1896 46 
4744 -1898 46 
4737 -1901 46 
4729 -1904 46 
4722 -1906 46 
4715 -1909 46 
4708 -1911 46 
4702 -1913 46 
4695 -1916 46 
4688 -1918 46 
4682 -1920 46 
4676 -1923 46 
4669 -1925 46 
4663 -1927 47 
4657 -1929 47 
4651 -1932 47 
4645 -1934 32 
4640 -1936 32 
4634 -1938 32 
4628 -1940 32 
4623 -1942 32 
4618 -1944 32 
4612 -1945 32 
4607 -1947 32 
4602 -1949 32 
4597 -1951 32 
4592 -1952 32 
4588 -1954 32 
4583 -1955 32 
4578 -1957 32 
4574 -1958 32 
4569 -1960 32 
4565 -1961 32 
4561 -1962 32 
4557 -1963 32 
4553 -1965 32 
4549 -1966 32 
4545 -1967 32 
4541 -1968 32 
4537 -1969 32 
4534 -1970 32 
4530 -1971 32 
4527 -1971 32 
4524 -1972 32 
4520 -1973 32 
4517 -1974 32 
4514 -1974 32 
4511 -1975 32 
4508 -1976 32 
4505 -1976 32 
4502 -1977 32 
4500 -1977 32 
4497 -1977 32 
4495 -1978 32 
4492 -1978 32 
4490 -1978 31 
4487 -1979 31 
4485 -1979 31 
4483 -1979 31 
4481 -1979 31 
4479 -1979 31 
4477 -1979 31 
4475 -1979 31 
4474 -1979 31 
4472 -1979 32 
4471 -1979 32 
4469 -1979 32 
4468 -1979 32 
4467 -1979 33 
4465 -1979 33 
4464 -1978 33 
4463 -1978 33 
4462 -1978 33 
4461 -1977 33 
4459 -1977 33 
4458 -1976 33 
4457 -1976 33 
4456 -1975 34 
4455 -1974 34 
4453 -1974 34 
4452 -1973 34 
4451 -1972 34 
4450 -1972 34 
4449 -1971 34 
4448 -1970 34 
4446 -1969 34 
4445 -1968 34 
4443 -1967 34 
4442 -1966 34 
4440 -1965 34 
4439 -1964 34 
4437 -1963 34 
4436 -1961 34 
4434 -1960 34 
4432 -1959 34 
4430 -1958 34 
4428 -1956 34 
4426 -1955 34 
4424 -1954 34 
4422 -1952 34 
4420 -1951 34 
4418 -1949 34 
4416 -1948 34 
4414 -1946 34 
4411 -1945 34 
4409 -1943 34 
4407 -1941 34 
4404 -1940 34 
4402 -1938 34 
4399 -1936 34 
4396 -1934 34 
4394 -1932 34 
4391 -1931 34 
4388 -1929 34 
4386 -1927 34 
4383 -1925 34 
4380 -1923 34 
4377 -1921 34 
4374 -1919 34 
4371 -1917 34 
4368 -1915 34 
4365 -1912 34 
4362 -1910 34 
4359 -1908 34 
4355 -1906 34 
4352 -1903 34 
4349 -1901 34 
4346 -1899 34 
4342 -1897 34 
4339 -1894 34 
4336 -1892 34 
4333 -1889 34 
4330 -1887 34 
4327 -1884 34 
4324 -1882 34 
4322 -1879 34 
4319 -1877 34 
4317 -1874 35 
4314 -1872 35 
4312 -1869 35 
4309 -1866 35 
4307 -1864 35 
4305 -1861 35 
4303 -1858 35 
4301 -1855 35 
4299 -1853 35 
4297 -1850 35 
4296 -1847 36 
4294 -1844 36 
4292 -1841 36 
4291 -1838 36 
4289 -1835 36 
4288 -1832 36 
4287 -1829 36 
4285 -1826 36 
4284 -1823 36 
4283 -1820 37 
4282 -1817 37 
4281 -1814 37 
4280 -1811 37 
4280 -1807 37 
4279 -1804 37 
4278 -1801 37 
4278 -1798 38 
4277 -1794 38 
4277 -1791 38 
4276 -1788 38 
4276 -1784 38 
4276 -1781 38 
4275 -1778 39 
4275 -1774 39 
4275 -1771 39 
4276 -1768 39 
4276 -1764 40 
4276 -1760 39 
4276 -1757 39 
4276 -1753 39 
4276 -1749 39 
4276 -1745 39 
4276 -1741 38 
4277 -1738 38 
4277 -1734 38 
4278 -1730 38 
4278 -1726 38 
4279 -1722 38 
4280 -1718 38 
4280 -1715 38 
4281 -1711 38 
4281 -1707 38 
4282 -1703 38 
4283 -1699 38 
4283 -1695 38 
4284 -1691 38 
4284 -1687 38 
4285 -1683 38 
4286 -1679 38 
4286 -1675 38 
4287 -1670 38 
4287 -1666 38 
4288 -1662 38 
4288 -1658 38 
4289 -1654 38 
4290 -1649 38 
4290 -1645 38 
4291 -1641 53 
4288 -1648 47 
4289 -1648 47 
4289 -1649 48 
4290 -1649 47 
4290 -1649 48 
4291 -1649 48 
4291 -1649 48 
4292 -1649 48 
4292 -1649 48 
4292 -1649 48 
4292 -1649 48 
4293 -1649 48 
4293 -1649 48 
4293 -1649 48 
4294 -1649 49 
4294 -1649 48 
4294 -1649 49 
4294 -1649 48 
4294 -1649 48 
4295 -1649 49 
4295 -1649 48 
4295 -1649 49 
4295 -1649 48 
4295 -1649 48 
4295 -1649 49 
4295 -1649 49 
4296 -1649 49 
4295 -1649 49 
4296 -1649 49 
4296 -1649 49 
4296 -1649 49 
4296 -1649 49 
4296 -1649 49 
4296 -1649 49 
4296 -1649 49 
4296 -1649 49 
4296 -1649 49 
4296 -1649 49 
4297 -1649 49 
4296 -1649 49 
4296 -1649 49 
4297 -1649 49 
4297 -1649 49 
4297 -1649 49 
4297 -1649 49 
4297 -1649 49 
4297 -1649 49 
4297 -1649 49 
4297 -1649 49 
4297 -1649 49 
4297 -1649 49 
4297 -1649 49 
4297 -1649 49 
4297 -1650 50 
4297 -1649 49 
4297 -1650 50 
4297 -1649 49 
4297 -1649 49 
4297 -1650 50 
4297 -1649 49 
4297 -1650 50 
4297 -1649 49 
4297 -1650 50 
4297 -1649 49 
4301 -1659 57 
4301 -1665 57 
4301 -1671 56 
4301 -1676 56 
4301 -1682 56 
4301 -1688 56 
4301 -1693 55 
4301 -1699 55 
4301 -1704 55 
4301 -1709 55 
4302 -1715 55 
4302 -1720 54 
4303 -1725 54 
4303 -1731 54 
4304 -1736 54 
4304 -1741 54 
4305 -1746 54 
4306 -1751 54 
4307 -1756 53 
4308 -1761 53 
4309 -1766 53 
4310 -1771 53 
4311 -1776 53 
4312 -1781 53 
4313 -1786 53 
4314 -1790 53 
4316 -1795 53 
4317 -1800 52 
4319 -1804 52 
4320 -1809 52 
4322 -1813 52 
4323 -1818 52 
4325 -1822 52 
4327 -1827 52 
4328 -1831 52 
4330 -1835 52 
4332 -1840 37 
4334 -1844 36 
4336 -1848 36 
4338 -1852 36 
4340 -1856 36 
4342 -1860 36 
4344 -1864 36 
4347 -1868 36 
4349 -1872 36 
4351 -1875 36 
4354 -1879 36 
4356 -1883 36 
4358 -1886 35 
4361 -1890 35 
4363 -1893 35 
4366 -1896 35 
4369 -1900 35 
4371 -1903 35 
4374 -1906 35 
4377 -1909 35 
4380 -1912 35 
4383 -1915 35 
4386 -1918 35 
4389 -1921 34 
4392 -1924 34 
4395 -1927 34 
4398 -1930 34 
4401 -1932 34 
4404 -1935 34 
4407 -1938 34 
4411 -1940 34 
4414 -1943 34 
4417 -1945 34 
4421 -1947 34 
4424 -1950 33 
4428 -1952 33 
4431 -1954 33 
4435 -1956 33 
4439 -1959 33 
4442 -1961 33 
4446 -1963 33 
4450 -1965 33 
4453 -1966 33 
4457 -1968 33 
4460 -1970 33 
4464 -1972 33 
4467 -1974 33 
4471 -1975 33 
4474 -1977 33 
4478 -1979 33 
4481 -1980 33 
4485 -1982 33 
4488 -1983 33 
4491 -1984 33 
4495 -1986 32 
4498 -1987 32 
4501 -1988 32 
4505 -1989 32 
4508 -1991 32 
4511 -1992 32 
4514 -1993 32 
4517 -1994 32 
4520 -1995 32 
4523 -1996 32 
4525 -1997 32 
4528 -1997 32 
4531 -1998 32 
4532 -1997 30 
4535 -1997 30 
4537 -1997 31 
4539 -1998 31 
4542 -1997 31 
4544 -1997 32 
4546 -1997 32 
4548 -1997 32 
4550 -1997 32 
4552 -1997 32 
4554 -1996 32 
4555 -1996 33 
4557 -1995 33 
4559 -1995 33 
4560 -1995 33 
4562 -1994 33 
4563 -1993 34 
4564 -1993 34 
4565 -1992 34 
4567 -1992 34 
4568 -1991 34 
4569 -1990 34 
4569 -1989 35 
4570 -1989 35 
4571 -1988 35 
4572 -1987 35 
4573 -1986 35 
4573 -1985 35 
4574 -1984 36 
4574 -1983 36 
4575 -1982 36 
4575 -1981 36 
4575 -1980 37 
4575 -1979 37 
4576 -1977 37 
4576 -1976 37 
4576 -1975 37 
4576 -1973 37 
4576 -1972 38 
4576 -1971 38 
4576 -1969 38 
4576 -1968 38 
4576 -1966 38 
4576 -1964 38 
4576 -1963 38 
4576 -1961 38 
4576 -1959 38 
4576 -1958 38 
4577 -1956 38 
4577 -1954 38 
4577 -1952 38 
4577 -1950 38 
4577 -1949 38 
4577 -1947 38 
4577 -1944 38 
4577 -1942 38 
4577 -1940 37 
4577 -1938 37 
4577 -1936 37 
4578 -1934 37 
4578 -1931 37 
4579 -1929 37 
4579 -1927 37 
4580 -1925 37 
4580 -1922 37 
4581 -1920 37 
4581 -1918 37 
4582 -1915 37 
4582 -1913 37 
4583 -1911 37 
4583 -1908 37 
4584 -1906 37 
4584 -1903 37 
4585 -1901 37 
4586 -1898 37 
4586 -1896 37 
4587 -1893 37 
4587 -1890 37 
4588 -1888 37 
4588 -1885 37 
4588 -1882 37 
4589 -1879 37 
4589 -1877 37 
4590 -1874 38 
4590 -1871 38 
4591 -1868 38 
4591 -1865 38 
4592 -1862 38 
4592 -1859 38 
4593 -1856 38 
4593 -1853 38 
4594 -1850 38 
4594 -1847 38 
4595 -1844 38 
4595 -1841 38 
4595 -1838 38 
4596 -1834 38 
4596 -1831 38 
4597 -1828 53 
4597 -1825 53 
4598 -1821 53 
4598 -1818 53 
4598 -1815 53 
4599 -1812 53 
4599 -1808 53 
4600 -1805 53 
4600 -1802 53 
4600 -1798 53 
4601 -1795 53 
4601 -1792 53 
4602 -1788 53 
4603 -1785 52 
4603 -1782 52 
4604 -1778 52 
4605 -1775 52 
4606 -1772 52 
4607 -1768 52 
4608 -1765 52 
4609 -1761 52 
4610 -1758 52 
4611 -1755 52 
4612 -1751 52 
4614 -1748 52 
4615 -1744 51 
4617 -1741 51 
4618 -1738 51 
4620 -1734 51 
4621 -1731 51 
4623 -1727 51 
4624 -1724 51 
4626 -1721 51 
4628 -1717 51 
4630 -1714 51 
4632 -1710 51 
4634 -1707 51 
4636 -1703 51 
4638 -1700 51 
4640 -1696 51 
4642 -1693 51 
4644 -1690 51 
4646 -1686 51 
4648 -1683 51 
4650 -1679 51 
4652 -1676 51 
4654 -1672 51 
4656 -1669 51 
4658 -1665 51 
4660 -1662 51 
4662 -1658 51 
4664 -1655 51 
4666 -1652 51 
4668 -1648 51 
4670 -1645 51 
4672 -1641 51 
4674 -1638 51 
4676 -1634 51 
4678 -1631 51 
4680 -1627 51 
4682 -1624 51 
4684 -1620 51 
4685 -1617 51 
4687 -1613 51 
4689 -1610 51 
4691 -1606 51 
4693 -1602 51 
4692 -1598 45 
4693 -1598 46 
4695 -1598 46 
4697 -1598 46 
4698 -1598 46 
4699 -1598 46 
4701 -1598 46 
4702 -1598 47 
4703 -1598 46 
4704 -1598 47 
4705 -1598 47 
4706 -1598 47 
4707 -1598 47 
4708 -1598 47 
4709 -1598 47 
4709 -1598 47 
4710 -1598 47 
4711 -1599 48 
4711 -1598 47 
4712 -1599 48 
4712 -1598 47 
4713 -1599 48 
4713 -1598 47 
4714 -1598 47 
4715 -1598 47 
4716 -1598 46 
4718 -1598 46 
4720 -1597 45 
4725 -1607 53 
4727 -1613 52 
4729 -1619 52 
4731 -1624 52 
4734 -1630 52 
4736 -1636 52 
4738 -1641 52 
4741 -1647 52 
4743 -1653 52 
4746 -1658 52 
4748 -1663 52 
4751 -1669 52 
4753 -1674 52 
4756 -1679 52 
4759 -1685 51 
4761 -1690 51 
4764 -1695 51 
4767 -1700 51 
4770 -1705 51 
4773 -1710 51 
4776 -1715 51 
4779 -1720 51 
4782 -1725 51 
4785 -1730 51 
4788 -1735 51 
4791 -1739 51 
4794 -1744 51 
4798 -1749 51 
4801 -1753 50 
4804 -1758 50 
4808 -1763 50 
4811 -1767 50 
4815 -1771 50 
4818 -1776 50 
4822 -1780 50 
4826 -1785 50 
4829 -1789 50 
4833 -1793 50 
4837 -1797 50 
4840 -1801 50 
4844 -1806 50 
4848 -1810 50 
4852 -1814 50 
4856 -1818 50 
4860 -1822 49 
4864 -1826 49 
4868 -1829 49 
4872 -1833 34 
4876 -1837 34 
4880 -1841 34 
4885 -1844 34 
4889 -1848 34 
4893 -1852 34 
4897 -1855 34 
4902 -1858 34 
4906 -1862 34 
4911 -1865 34 
4915 -1868 34 
4920 -1872 34 
4924 -1875 33 
4929 -1878 33 
4933 -1881 33 
4938 -1884 33 
4942 -1887 33 
4947 -1890 33 
4952 -1892 33 
4956 -1895 33 
4961 -1898 33 
4965 -1901 33 
4969 -1903 33 
4974 -1906 33 
4978 -1908 48 
4982 -1911 48 
4986 -1913 48 
4990 -1916 48 
4993 -1918 48 
4997 -1920 48 
5001 -1923 48 
5004 -1925 48 
5007 -1927 48 
5011 -1930 49 
5014 -1932 49 
5017 -1934 49 
5020 -1936 49 
5023 -1938 49 
5026 -1940 49 
5029 -1942 49 
5032 -1944 49 
5034 -1946 49 
5037 -1948 49 
5039 -1950 49 
5042 -1952 49 
5044 -1954 49 
5046 -1956 49 
5049 -1958 49 
5051 -1959 49 
5053 -1961 49 
5055 -1963 49 
5057 -1965 49 
5058 -1966 49 
5060 -1968 49 
5062 -1970 49 
5063 -1971 50 
5065 -1973 50 
5066 -1974 50 
5068 -1976 50 
5069 -1977 50 
5070 -1979 50 
5071 -1980 50 
5072 -1982 50 
5073 -1983 50 
5074 -1984 50 
5075 -1985 50 
5076 -1987 50 
5077 -1988 50 
5079 -1989 50 
5080 -1990 49 
5081 -1991 49 
5082 -1992 49 
5083 -1993 49 
5085 -1994 49 
5086 -1995 49 
5088 -1996 49 
5089 -1997 49 
5091 -1998 49 
5091 -1998 46 
5093 -1998 46 
5095 -1998 46 
5097 -1998 46 
5099 -1998 46 
5101 -1998 46 
5103 -1997 46 
5105 -1997 46 
5107 -1997 46 
5109 -1997 31 
5111 -1997 31 
5113 -1997 32 
5116 -1996 32 
5118 -1996 32 
5121 -1996 32 
5123 -1995 32 
5126 -1995 32 
5128 -1994 32 
5131 -1994 32 
5133 -1993 32 
5136 -1993 32 
5139 -1992 32 
5142 -1991 32 
5144 -1991 32 
5147 -1990 32 
5150 -1989 32 
5153 -1988 32 
5156 -1987 32 
5159 -1986 32 
5162 -1985 32 
5166 -1984 32 
5169 -1983 32 
5172 -1982 32 
5175 -1981 32 
5179 -1980 32 
5182 -1979 47 
5185 -1978 47 
5189 -1977 47 
5192 -1975 47 
5196 -1974 47 
5199 -1973 47 
5203 -1972 47 
5207 -1970 47 
5210 -1969 47 
5214 -1968 47 
5218 -1966 47 
5222 -1965 47 
5225 -1964 47 
5229 -1962 47 
5233 -1961 47 
5237 -1959 47 
5241 -1958 47 
5245 -1957 47 
5249 -1955 47 
5253 -1954 47 
5258 -1952 47 
5262 -1951 47 
5266 -1949 47 
5270 -1948 47 
5275 -1946 47 
5279 -1945 47 
5283 -1943 47 
5288 -1942 47 
5292 -1940 47 
5297 -1938 47 
5301 -1937 47 
5306 -1935 47 
5310 -1934 47 
5315 -1932 47 
5319 -1930 47 
5323 -1929 47 
5328 -1927 47 
5332 -1925 47 
5337 -1924 47 
5341 -1922 47 
5345 -1920 47 
5349 -1919 47 
5354 -1917 47 
5358 -1915 47 
5362 -1913 47 
5366 -1912 47 
5370 -1910 47 
5374 -1908 47 
5378 -1906 48 
5382 -1904 48 
5386 -1903 48 
5390 -1901 48 
5394 -1899 48 
5397 -1897 48 
5401 -1895 48 
5404 -1893 48 
5408 -1891 48 
5411 -1890 48 
5414 -1888 48 
5417 -1886 48 
5420 -1884 49 
1228 -873 49 
1231 -871 49 
1234 -869 49 
1237 -867 49 
1239 -865 49 
1242 -862 49 
1244 -860 50 
1247 -857 50 
1249 -855 50 
1251 -852 50 
1251 -847 45 
1253 -847 45 
1255 -847 45 
1257 -847 45 
1259 -848 46 
1261 -848 46 
1262 -848 46 
1264 -848 46 
1265 -848 46 
1267 -848 46 
1268 -848 46 
1269 -848 46 
1270 -848 46 
1271 -848 47 
1272 -848 47 
1273 -848 47 
1274 -848 47 
1275 -848 47 
1275 -848 47 
1276 -848 47 
1277 -848 47 
1277 -848 47 
1278 -848 47 
1278 -848 47 
1279 -848 47 
1279 -848 47 
1280 -848 46 
1281 -848 46 
1283 -848 46 
1284 -848 46 
1286 -847 45 
1288 -847 45 
1290 -847 45 
1292 -847 45 
1295 -847 45 
1298 -847 45 
1300 -847 44 
1303 -847 44 
1306 -847 44 
1309 -847 44 
1313 -847 44 
1316 -847 44 
1319 -847 44 
1323 -847 44 
1327 -847 44 
1330 -847 44 
1334 -847 44 
1338 -847 44 
1342 -847 44 
1346 -847 44 
1350 -847 43 
1354 -847 43 
1358 -846 43 
1362 -846 43 
1366 -846 43 
1371 -846 43 
1375 -846 43 
1379 -846 43 
1383 -846 43 
1388 -846 43 
1392 -846 43 
1397 -846 43 
1401 -846 43 
1406 -846 43 
1410 -846 43 
1415 -846 43 
1419 -846 43 
1424 -846 43 
1428 -846 43 
1433 -846 43 
1438 -846 43 
1442 -846 43 
1447 -846 43 
1452 -846 43 
1456 -846 43 
1461 -846 43 
1466 -846 43 
1470 -846 43 
1475 -846 43 
1480 -846 43 
1485 -846 43 
1489 -846 43 
1494 -846 43 
1499 -846 43 
1504 -846 43 
1508 -846 43 
1513 -846 43 
1518 -846 43 
1523 -846 43 
1528 -846 43 
1532 -846 43 
1537 -846 43 
1542 -846 43 
1547 -846 43 
1552 -846 43 
1556 -846 43 
1561 -846 43 
1566 -846 43 
1571 -846 43 
1576 -846 43 
1581 -846 43 
1585 -846 43 
1590 -846 43 
1595 -846 43 
1600 -846 43 
1605 -846 43 
1610 -846 43 
1614 -846 43 
1619 -846 43 
1624 -846 43 
1629 -846 43 
1634 -846 43 
1639 -846 43 
1643 -846 43 
1648 -846 43 
1653 -846 43 
1658 -846 43 
1663 -846 43 
1668 -846 43 
1673 -846 43 
1677 -846 43 
1682 -846 43 
1687 -846 43 
1692 -846 43 
1697 -846 43 
1702 -846 43 
1707 -846 43 
1711 -846 43 
1716 -846 43 
1721 -846 43 
1726 -846 43 
1731 -846 43 
1736 -846 43 
1741 -846 43 
1745 -846 43 
1750 -846 43 
1755 -846 43 
1760 -846 43 
1765 -846 43 
1770 -846 43 
1775 -846 43 
1779 -846 43 
1784 -846 43 
1789 -846 43 
1794 -846 43 
1799 -846 43 
1804 -846 43 
1809 -846 43 
1813 -846 43 
1818 -846 43 
1823 -846 43 
1828 -846 43 
1833 -846 43 
1838 -847 44 
1843 -847 44 
1848 -846 45 
1853 -846 45 
1859 -846 45 
1864 -845 45 
1869 -845 45 
1874 -844 45 
1879 -843 46 
1884 -842 46 
1889 -841 46 
1895 -840 46 
1899 -839 46 
1904 -837 47 
1909 -836 47 
1914 -834 47 
1918 -833 47 
1923 -831 47 
1927 -829 47 
1932 -827 48 
1936 -825 48 
1940 -823 48 
1944 -821 48 
1948 -819 48 
1952 -817 48 
1955 -814 49 
1959 -812 49 
1963 -809 49 
1966 -806 49 
1970 -803 49 
1973 -800 49 
1976 -797 49 
1979 -794 50 
1982 -791 50 
1985 -788 50 
1988 -784 50 
1991 -781 50 
1994 -777 50 
1996 -774 50 
1999 -770 51 
2002 -766 51 
2004 -762 51 
2006 -758 51 
2009 -754 51 
2011 -750 51 
2013 -746 51 
2015 -742 51 
2017 -737 51 
2019 -733 52 
2022 -728 52 
2024 -724 52 
2026 -719 52 
2028 -714 52 
2030 -709 52 
2032 -704 52 
2034 -699 52 
2037 -694 52 
2039 -688 52 
2041 -683 52 
2044 -678 52 
2046 -672 52 
2049 -667 52 
2051 -661 52 
2054 -655 52 
2057 -649 52 
2059 -644 52 
2062 -638 52 
2065 -632 52 
2068 -626 52 
2071 -619 52 
2074 -613 52 
2077 -607 52 
2080 -600 52 
2083 -594 52 
