266 2022-06-17
1455 241 50 
1455 240 50 
1455 240 50 
1455 241 50 
1455 241 50 
1455 241 50 
1455 241 50 
1455 241 50 
1455 241 50 
1456 242 50 
1456 242 50 
1456 242 50 
1456 243 50 
1456 243 50 
1457 243 50 
1457 244 50 
1457 244 50 
1458 245 50 
1458 245 50 
1458 246 50 
1459 246 50 
1459 247 50 
1459 248 50 
1460 248 50 
1460 249 50 
1459 251 46 
1460 251 46 
1460 251 46 
1462 251 47 
1462 251 46 
1463 251 46 
1464 252 45 
1465 251 46 
1466 252 45 
1467 252 45 
1468 252 45 
1470 251 46 
1471 252 45 
1472 252 45 
1473 252 45 
1475 252 45 
1476 252 45 
1478 252 45 
1479 252 44 
1481 252 44 
1483 252 44 
1485 252 45 
1486 252 44 
1488 252 44 
1489 252 44 
1491 252 45 
1493 252 44 
1495 252 44 
1497 252 44 
1499 252 45 
1501 252 44 
1502 252 44 
1504 252 44 
1507 252 44 
1508 252 44 
1511 252 44 
1513 252 44 
1515 252 44 
1520 246 51 
1523 242 51 
1525 239 51 
1527 236 51 
1529 233 51 
1531 230 51 
1533 227 51 
1535 224 50 
1538 222 50 
1540 219 50 
1542 216 50 
1544 213 50 
1546 210 50 
1549 208 50 
1551 205 50 
1553 202 50 
1555 200 50 
1558 197 50 
1560 195 50 
1562 192 50 
1565 190 50 
1567 188 50 
1569 185 50 
1572 183 49 
1574 181 49 
1576 178 49 
1579 176 49 
1581 174 49 
1583 172 49 
1586 170 49 
1588 168 49 
1591 166 49 
1593 164 49 
1596 162 49 
1598 160 49 
1601 158 49 
1603 156 49 
1606 154 49 
1608 153 48 
1611 151 48 
1613 149 48 
1616 148 48 
1618 146 48 
1621 144 48 
1623 143 48 
1626 141 48 
1628 140 48 
1631 138 48 
1634 137 48 
1636 136 48 
1639 134 48 
1641 133 48 
1644 132 48 
1647 130 47 
1649 129 47 
1652 128 47 
1655 127 47 
1657 126 47 
1660 125 47 
1663 124 47 
1665 123 47 
1668 122 47 
1671 121 47 
1674 120 47 
1676 119 47 
1679 118 47 
1682 117 46 
1685 116 46 
1687 116 46 
1690 115 46 
1693 114 46 
1696 114 46 
1699 113 46 
1701 112 46 
1704 112 46 
1707 111 46 
1710 111 46 
1713 110 45 
1716 110 45 
1718 110 45 
1721 109 45 
1724 109 45 
1727 109 45 
1730 108 45 
1733 108 45 
1736 108 45 
1739 108 44 
1742 108 44 
1744 108 44 
1747 108 44 
1750 108 44 
1753 108 43 
1756 108 43 
1759 108 42 
1762 108 43 
1765 108 43 
1768 108 44 
1772 108 44 
1775 108 44 
1778 108 44 
1781 108 44 
1784 108 44 
1787 109 44 
1791 109 45 
1794 109 45 
1797 109 45 
1800 110 45 
1803 110 45 
1807 110 45 
1810 111 45 
1813 111 45 
1816 112 45 
1819 112 45 
1823 113 45 
1826 114 45 
1829 114 45 
1832 115 46 
1836 116 46 
1839 116 46 
1842 117 46 
1845 118 46 
1849 119 46 
1852 119 46 
1855 120 46 
1859 121 46 
1862 122 46 
1865 123 46 
1869 124 46 
1872 125 46 
1875 126 46 
1879 127 46 
1882 128 46 
1885 129 46 
1889 130 46 
1892 131 46 
1895 133 47 
1899 134 47 
1902 135 47 
1906 136 47 
1909 138 47 
1912 139 47 
1916 140 47 
1919 142 47 
1923 143 47 
1926 145 47 
1930 146 47 
1933 148 47 
1937 149 47 
1940 151 47 
1944 152 47 
1947 154 47 
1951 155 47 
1954 157 47 
1958 159 47 
1961 160 47 
1965 162 47 
1968 164 47 
1972 166 47 
1975 167 47 
1979 169 47 
1982 171 47 
1986 173 47 
1989 175 47 
1993 177 48 
1997 179 48 
2000 181 48 
2004 183 48 
2007 185 48 
2011 187 48 
2014 189 48 
2018 191 48 
2022 193 48 
2025 195 48 
2029 198 48 
2033 200 48 
2036 202 48 
2040 204 48 
2044 207 48 
2047 209 48 
2051 211 48 
2055 214 48 
2058 216 48 
2062 218 48 
2066 221 48 
2069 223 48 
