144 2022-06-20
1500 315 50 
1500 314 50 
1500 314 51 
1500 314 51 
1500 315 51 
1500 315 51 
1500 316 51 
1500 317 51 
1501 318 51 
1501 319 51 
1501 320 51 
1502 321 51 
1502 322 51 
1503 323 51 
1504 325 51 
1504 326 51 
1505 328 51 
1506 329 51 
1507 331 51 
1508 333 51 
1509 335 51 
1510 337 51 
1511 339 51 
1512 341 51 
1513 344 51 
1514 346 51 
1516 349 51 
1517 351 51 
1518 354 51 
1520 357 51 
1521 360 51 
1523 363 51 
1525 366 51 
1526 369 51 
1528 372 51 
1530 376 51 
1532 379 51 
1534 383 51 
1536 386 51 
1538 390 51 
1540 394 51 
1542 398 51 
1541 402 45 
1544 402 45 
1546 402 45 
1549 402 45 
1552 402 44 
1554 402 44 
1557 402 44 
1561 402 44 
1564 402 44 
1567 402 44 
1571 402 44 
1574 402 44 
1578 402 44 
1582 402 44 
1589 393 51 
1593 387 51 
1597 382 51 
1603 374 56 
1603 368 56 
1603 363 56 
1603 358 56 
1602 353 55 
1602 348 55 
1602 344 55 
1602 339 55 
1602 335 55 
1602 331 55 
1602 326 55 
1602 322 55 
1602 318 55 
1602 315 55 
1602 311 55 
1602 307 55 
1602 304 55 
1602 300 55 
1587 299 47 
1576 293 47 
1565 287 47 
1553 282 47 
1542 277 46 
1531 271 46 
1520 266 46 
1509 262 46 
1498 257 46 
1487 252 46 
1476 248 46 
1465 243 46 
1454 239 46 
1443 235 46 
1432 231 46 
1421 227 46 
1409 223 45 
1398 219 45 
1387 216 45 
1376 212 45 
1365 209 45 
1354 206 45 
1343 203 45 
1332 200 45 
1321 197 45 
1310 194 45 
1299 192 44 
1288 189 44 
1277 187 44 
1266 185 44 
1255 183 44 
1244 181 44 
1234 179 44 
1223 177 44 
1212 175 44 
1201 174 43 
1190 172 43 
1179 171 43 
1168 170 43 
1157 169 43 
1146 168 43 
1135 167 43 
1124 166 42 
1113 165 42 
1102 165 42 
1091 164 42 
1080 164 42 
1069 164 41 
1058 164 41 
1047 164 41 
1036 164 40 
1026 164 41 
1015 164 41 
1005 164 41 
994 165 42 
983 165 42 
972 165 42 
962 166 42 
951 167 42 
940 168 43 
930 169 43 
919 170 43 
908 171 43 
898 172 43 
887 173 43 
876 175 43 
866 176 43 
855 178 44 
844 180 44 
834 182 44 
823 184 44 
812 186 44 
802 188 44 
791 190 44 
780 192 44 
770 195 44 
759 197 44 
748 200 45 
738 202 45 
727 205 45 
716 208 45 
706 211 45 
695 214 45 
684 217 45 
674 220 45 
663 224 45 
653 227 45 
642 231 45 
631 234 45 
621 238 46 
610 242 31 
600 246 31 
590 250 31 
579 254 31 
569 258 31 
559 263 31 
549 268 32 
539 273 32 
529 278 32 
520 283 32 
510 289 32 
501 295 32 
492 301 33 
482 307 33 
473 313 33 
464 319 33 
456 326 33 
447 333 33 
438 340 34 
430 347 34 
422 354 34 
413 362 34 
405 369 34 
397 377 34 
390 385 35 
382 393 35 
374 402 35 
367 410 35 
359 419 35 
352 428 35 
345 437 35 
338 446 36 
331 455 36 
324 465 36 
317 474 36 
310 484 36 
304 494 36 
297 504 36 
291 515 37 
285 525 37 
279 536 37 
273 547 37 
267 557 37 
261 569 37 
255 580 37 
250 591 38 
244 603 38 
239 614 38 
233 626 38 
228 638 38 
229 644 35 
239 654 35 
248 663 35 
258 673 35 
268 683 35 
277 692 35 
287 702 35 
297 712 35 
307 722 35 
317 732 35 
328 743 35 
335 735 34 
343 728 34 
351 721 34 
359 714 34 
367 707 34 
375 701 34 
382 695 33 
390 689 33 
398 683 33 
406 678 33 
414 673 33 
422 668 33 
430 663 33 
438 659 47 
446 655 47 
454 650 47 
462 646 47 
470 642 47 
478 638 47 
486 635 47 
494 631 47 
502 628 47 
510 624 46 
518 621 46 
527 618 46 
535 615 46 
543 612 46 
551 609 46 
559 607 46 
567 604 46 
575 602 46 
581 604 41 
590 603 42 
599 603 42 
607 604 43 
615 604 43 
624 604 43 
632 605 43 
641 605 43 
649 606 44 
658 607 44 
666 608 44 
674 609 44 
683 610 44 
691 611 44 
700 613 44 
708 614 44 
717 616 45 
725 617 45 
734 619 45 
742 621 45 
751 623 45 
759 625 45 
768 627 45 
776 629 45 
785 632 45 
794 634 45 
802 636 46 
811 639 46 
819 642 46 
828 645 46 
837 647 46 
845 650 46 
854 653 46 
862 657 46 
871 660 46 
880 663 46 
888 666 46 
897 670 46 
906 674 46 
914 677 46 
923 681 47 
932 685 47 
941 689 47 
949 693 47 
958 697 47 
967 701 47 
975 705 47 
984 710 47 
993 714 47 
1002 719 47 
1011 723 47 
1019 728 47 
1028 733 47 
1037 737 47 
1046 742 47 
1054 747 47 
1063 752 47 
1072 758 47 
1081 763 47 
1090 768 48 
1099 773 48 
1108 779 48 
1116 784 48 
1125 790 48 
1134 796 48 
1143 802 48 
1152 807 48 
1161 813 48 
1170 819 48 
1179 825 48 
1188 832 48 
1197 838 48 
1206 844 48 
1211 854 41 
1219 854 41 
1228 854 41 
1236 854 41 
1244 854 41 
1252 854 41 
1260 854 41 
1267 854 41 
1275 854 41 
1282 853 41 
1289 853 42 
1296 853 42 
1303 853 42 
1309 853 42 
1316 853 42 
1322 853 42 
1329 853 42 
1335 853 42 
1341 853 42 
1347 853 42 
1353 853 42 
1359 853 42 
1365 853 42 
1371 853 42 
1377 853 42 
1382 853 42 
1388 853 42 
1393 853 42 
1399 853 42 
1405 853 42 
1410 853 42 
1415 853 43 
1421 853 43 
1426 853 43 
1432 853 43 
1437 853 43 
1442 853 43 
1447 853 43 
1453 853 43 
1458 853 43 
1463 853 43 
1468 853 43 
1473 853 43 
1478 853 28 
1484 852 29 
1490 853 30 
1495 853 30 
1500 854 30 
1506 854 31 
1511 856 31 
1516 857 31 
1521 858 32 
1526 860 32 
1531 862 32 
1536 864 32 
1541 866 33 
1546 869 33 
1551 872 33 
1556 874 33 
1560 877 34 
1565 881 34 
1569 884 34 
1573 888 34 
1577 892 34 
1582 896 35 
1586 900 35 
1589 904 35 
1593 909 35 
1597 914 35 
1601 919 36 
1604 924 36 
1608 929 36 
1611 935 36 
1614 941 36 
1618 947 37 
1621 953 37 
1624 959 37 
1627 965 37 
1630 972 37 
1632 979 37 
1635 986 38 
1638 993 38 
1640 1000 38 
1643 1008 38 
1645 1015 38 
1647 1023 38 
1650 1031 39 
1652 1039 39 
1654 1047 39 
1656 1056 39 
1658 1065 39 
1660 1073 39 
1662 1082 40 
1663 1092 40 
1665 1101 40 
1666 1110 40 
1668 1120 40 
1669 1130 40 
1671 1140 41 
1672 1150 41 
1673 1160 41 
1674 1171 41 
1675 1181 41 
1676 1192 42 
1677 1203 42 
1678 1214 42 
1679 1225 42 
1675 1239 35 
1666 1247 35 
1658 1256 35 
1650 1264 35 
1641 1273 35 
1633 1281 35 
1624 1290 35 
1615 1299 35 
1607 1307 35 
1593 1319 26 
1588 1310 33 
1580 1304 33 
1571 1299 33 
1562 1294 32 
1554 1289 47 
1545 1284 47 
1536 1280 47 
1528 1276 47 
1519 1271 47 
1510 1267 47 
1501 1263 47 
1493 1259 47 
1484 1255 47 
1475 1252 46 
1466 1248 46 
1458 1245 46 
1449 1241 46 
1440 1238 46 
1431 1235 46 
1423 1232 46 
1414 1229 46 
1405 1227 46 
1396 1224 45 
1387 1222 45 
1378 1219 45 
1370 1217 45 
1361 1215 45 
1352 1213 45 
1343 1211 45 
1334 1209 45 
1325 1208 45 
1316 1206 44 
1307 1205 44 
1298 1203 44 
1289 1202 44 
1280 1201 44 
1272 1200 44 
1263 1199 43 
1254 1199 43 
1245 1198 43 
1236 1197 43 
1226 1197 43 
1217 1197 42 
1208 1196 42 
1199 1196 42 
1190 1197 41 
1181 1197 41 
1172 1197 42 
1163 1197 42 
1155 1197 42 
1146 1197 42 
1137 1197 43 
1128 1198 43 
1119 1199 43 
1110 1199 43 
1101 1200 43 
1092 1201 44 
1083 1202 44 
1074 1203 44 
1065 1205 44 
1056 1206 44 
1047 1207 44 
1038 1209 44 
1029 1211 44 
1020 1212 44 
1011 1214 45 
1002 1216 45 
993 1218 45 
984 1220 45 
975 1223 45 
966 1225 45 
957 1227 45 
948 1230 45 
939 1232 45 
930 1235 45 
921 1238 45 
911 1241 46 
902 1244 46 
893 1247 46 
884 1250 46 
875 1253 46 
866 1256 46 
857 1260 46 
847 1263 46 
838 1267 46 
829 1271 46 
820 1274 46 
811 1278 46 
802 1282 46 
792 1286 46 
783 1290 46 
774 1294 47 
765 1299 47 
752 1304 40 
744 1304 41 
735 1304 41 
726 1304 41 
718 1304 41 
710 1304 41 
702 1304 41 
695 1304 41 
687 1304 41 
680 1304 41 
673 1304 41 
666 1303 42 
659 1303 42 
652 1303 42 
646 1303 42 
639 1303 42 
633 1303 42 
627 1303 42 
620 1303 42 
614 1303 42 
608 1303 42 
602 1303 42 
596 1303 42 
590 1303 42 
585 1303 42 
579 1303 42 
573 1303 42 
568 1303 42 
562 1303 42 
557 1303 42 
552 1303 43 
546 1303 44 
541 1303 44 
535 1303 44 
530 1303 45 
524 1304 30 
519 1305 30 
514 1305 31 
509 1307 31 
503 1308 31 
498 1309 31 
493 1311 32 
488 1313 32 
483 1315 32 
478 1317 32 
473 1320 33 
468 1322 33 
463 1325 33 
458 1328 33 
453 1332 33 
449 1335 34 
445 1339 34 
440 1343 34 
436 1347 34 
432 1351 35 
428 1355 35 
424 1360 35 
420 1365 35 
416 1370 35 
412 1375 36 
409 1380 36 
405 1386 36 
402 1392 36 
398 1397 36 
395 1404 36 
392 1410 37 
389 1416 37 
385 1423 37 
383 1430 37 
380 1437 37 
377 1444 37 
374 1451 38 
371 1458 38 
369 1466 38 
366 1474 38 
364 1482 38 
362 1490 38 
359 1498 39 
357 1507 39 
355 1516 39 
353 1524 39 
351 1533 39 
349 1542 39 
348 1552 40 
346 1561 40 
344 1571 40 
343 1581 40 
341 1591 40 
340 1601 40 
339 1611 41 
337 1621 41 
336 1632 41 
335 1643 41 
336 1651 35 
344 1659 35 
352 1667 35 
360 1675 35 
369 1683 35 
377 1692 35 
385 1700 35 
394 1709 35 
401 1701 34 
409 1694 34 
417 1687 34 
425 1680 49 
433 1673 49 
441 1667 49 
449 1660 49 
456 1654 49 
464 1648 48 
472 1642 48 
480 1636 48 
488 1630 48 
496 1624 48 
504 1619 48 
512 1614 48 
520 1608 48 
528 1603 48 
536 1598 48 
544 1593 48 
552 1589 48 
561 1584 47 
569 1580 47 
577 1575 47 
585 1571 47 
593 1567 47 
601 1563 47 
609 1559 47 
617 1555 47 
626 1552 47 
634 1548 47 
642 1545 46 
650 1542 46 
658 1539 46 
667 1536 46 
675 1533 46 
683 1530 46 
691 1527 46 
700 1525 46 
708 1523 46 
716 1520 45 
724 1518 45 
733 1516 45 
741 1514 45 
749 1512 45 
758 1511 45 
766 1509 45 
774 1507 45 
783 1506 44 
791 1505 44 
800 1504 44 
808 1503 44 
815 1504 41 
824 1504 42 
832 1504 42 
841 1504 42 
850 1504 43 
858 1504 43 
867 1505 43 
876 1506 43 
884 1506 43 
893 1507 44 
902 1508 44 
910 1509 44 
919 1510 44 
928 1511 44 
936 1513 44 
945 1514 44 
954 1516 44 
962 1517 45 
971 1519 45 
980 1521 45 
988 1523 45 
997 1525 45 
1006 1527 45 
1015 1529 45 
1023 1532 45 
1032 1534 45 
1041 1537 45 
1050 1539 46 
1058 1542 46 
1067 1545 46 
1076 1547 46 
1085 1550 46 
1093 1553 46 
1102 1557 46 
1111 1560 46 
1120 1563 46 
1129 1567 46 
1138 1570 46 
1146 1574 46 
1155 1577 46 
1164 1581 46 
1173 1585 46 
1182 1589 47 
1191 1593 47 
1200 1597 47 
1209 1601 47 
1217 1605 47 
1226 1610 47 
1235 1614 47 
1244 1619 47 
1253 1623 47 
1262 1628 47 
1271 1633 47 
1280 1637 47 
1289 1642 47 
1298 1647 47 
1307 1652 47 
1316 1658 47 
1325 1663 47 
1334 1668 47 
1343 1674 47 
1352 1679 48 
1361 1685 48 
1370 1690 48 
1379 1696 48 
1388 1702 48 
1397 1707 48 
1406 1713 48 
1415 1719 48 
1424 1726 48 
1433 1732 48 
1442 1738 48 
1451 1744 48 
1457 1754 40 
1466 1754 41 
1474 1754 41 
1483 1754 41 
1491 1754 41 
1502 1744 48 
1510 1738 48 
1518 1733 48 
1526 1727 48 
1534 1722 48 
1542 1717 48 
1550 1712 48 
1558 1707 48 
1566 1702 48 
1574 1698 48 
1582 1693 47 
1590 1689 47 
1598 1684 47 
1606 1680 47 
1614 1676 47 
1622 1672 47 
1630 1669 47 
1638 1665 47 
1646 1661 47 
1654 1658 47 
1662 1655 46 
1671 1651 46 
1679 1648 46 
1687 1645 46 
1695 1643 46 
1703 1640 46 
1711 1637 46 
1720 1635 46 
1728 1633 46 
1736 1630 45 
1744 1628 45 
1751 1622 53 
1751 1620 53 
1751 1619 53 
1737 1616 47 
1726 1610 47 
1716 1604 47 
1705 1599 47 
1695 1594 47 
1684 1588 47 
1674 1583 47 
1664 1578 47 
1654 1574 47 
1644 1569 47 
1634 1564 47 
1625 1560 46 
1615 1556 46 
1605 1552 46 
1595 1547 46 
1585 1544 46 
1575 1540 46 
1565 1536 46 
1556 1533 46 
1546 1529 46 
1536 1526 46 
1526 1523 45 
1516 1520 45 
1506 1517 45 
1496 1514 45 
1487 1511 45 
1477 1509 45 
1467 1506 45 
1457 1504 45 
1445 1504 40 
1435 1504 41 
1426 1504 42 
1416 1504 42 
1407 1504 42 
1398 1505 42 
1389 1505 43 
1379 1506 43 
1370 1506 43 
1362 1507 43 
1353 1508 44 
1344 1509 44 
1336 1510 44 
1327 1511 44 
1319 1513 44 
1311 1514 45 
1303 1516 45 
1295 1517 45 
1287 1519 45 
1279 1521 45 
1272 1523 45 
1264 1525 46 
1257 1527 46 
1250 1529 46 
1243 1531 46 
1235 1534 46 
1228 1536 46 
1222 1539 46 
1215 1541 47 
1208 1544 47 
1201 1547 47 
1194 1550 47 
1187 1553 47 
1181 1556 47 
1174 1559 47 
1167 1563 47 
1161 1566 47 
1154 1569 47 
1147 1573 47 
1140 1577 47 
1134 1580 48 
1127 1584 48 
1120 1588 48 
1113 1592 48 
1106 1596 48 
1100 1600 48 
1093 1605 48 
1086 1609 48 
1079 1614 48 
1072 1618 48 
1065 1623 48 
1058 1627 48 
1051 1632 48 
1044 1637 48 
1037 1642 48 
1030 1647 48 
1023 1652 48 
1016 1657 48 
1008 1662 48 
1001 1668 48 
994 1673 48 
987 1678 48 
980 1684 49 
973 1690 49 
965 1695 49 
958 1701 49 
951 1707 49 
943 1713 49 
936 1719 49 
929 1725 49 
922 1731 49 
914 1737 49 
907 1744 49 
896 1754 41 
892 1744 49 
885 1738 49 
877 1733 49 
870 1727 48 
863 1722 48 
855 1717 48 
848 1712 48 
840 1707 48 
833 1702 48 
826 1697 48 
818 1693 48 
811 1689 48 
803 1684 48 
796 1680 47 
788 1676 47 
780 1672 47 
773 1668 47 
765 1665 47 
758 1661 47 
750 1658 47 
742 1655 47 
735 1651 47 
727 1648 47 
719 1645 46 
712 1643 46 
704 1640 46 
696 1637 46 
688 1635 46 
681 1632 46 
673 1630 46 
665 1628 46 
657 1626 45 
649 1624 45 
642 1622 45 
634 1621 45 
626 1619 45 
618 1618 45 
610 1616 45 
602 1615 44 
594 1614 44 
586 1613 44 
578 1612 44 
570 1612 44 
562 1611 44 
554 1610 43 
546 1610 43 
538 1610 43 
530 1610 43 
522 1610 42 
514 1610 42 
505 1610 41 
497 1610 42 
490 1610 42 
482 1610 43 
474 1610 43 
466 1611 43 
458 1611 43 
450 1612 44 
442 1613 44 
434 1613 44 
426 1614 44 
418 1615 44 
409 1617 44 
401 1618 44 
393 1619 44 
385 1621 45 
377 1622 45 
369 1624 45 
361 1626 45 
352 1627 45 
344 1629 45 
336 1631 45 
331 1631 50 
336 1625 50 
341 1619 50 
347 1613 50 
352 1608 50 
357 1602 50 
362 1597 50 
367 1592 49 
373 1587 49 
378 1583 49 
383 1578 49 
388 1573 49 
394 1569 49 
399 1565 49 
404 1561 49 
410 1557 49 
415 1553 48 
420 1549 48 
426 1545 48 
431 1542 48 
437 1538 48 
442 1535 48 
448 1532 48 
454 1529 48 
459 1526 48 
465 1523 47 
470 1520 47 
476 1518 47 
482 1515 47 
488 1513 47 
493 1511 47 
499 1509 47 
505 1507 47 
511 1505 46 
517 1503 46 
523 1501 46 
529 1500 46 
535 1498 46 
541 1497 46 
547 1496 45 
553 1495 45 
557 1503 42 
564 1503 43 
570 1503 43 
576 1503 44 
583 1503 44 
589 1504 44 
596 1504 44 
602 1505 45 
608 1506 45 
615 1506 45 
621 1507 45 
627 1508 45 
633 1510 45 
639 1511 46 
645 1512 46 
651 1513 46 
657 1515 46 
663 1517 46 
669 1518 46 
675 1520 47 
680 1522 47 
685 1524 47 
691 1526 47 
696 1528 47 
701 1531 47 
706 1533 48 
711 1535 48 
716 1538 48 
721 1541 48 
725 1543 48 
730 1546 48 
734 1549 48 
739 1552 49 
743 1555 49 
747 1558 49 
751 1562 49 
755 1565 49 
759 1568 49 
763 1572 49 
766 1576 50 
770 1579 50 
774 1583 50 
777 1587 50 
781 1591 50 
784 1595 50 
787 1599 50 
790 1603 50 
793 1608 51 
796 1612 51 
799 1617 51 
802 1621 51 
805 1626 51 
807 1631 51 
810 1635 51 
812 1640 52 
815 1645 52 
817 1650 52 
819 1655 52 
821 1660 52 
823 1666 52 
825 1671 52 
827 1677 52 
829 1682 53 
831 1688 53 
833 1693 53 
834 1699 53 
836 1705 53 
837 1711 53 
839 1717 53 
840 1723 54 
841 1729 54 
843 1735 54 
844 1741 54 
841 1751 47 
842 1751 47 
843 1750 48 
843 1750 49 
842 1750 48 
841 1751 47 
840 1751 47 
839 1751 46 
837 1751 46 
836 1751 46 
834 1751 46 
832 1752 45 
829 1752 45 
827 1752 45 
825 1752 45 
822 1752 45 
819 1752 45 
816 1752 44 
813 1752 44 
810 1752 44 
807 1752 44 
803 1752 44 
800 1752 44 
796 1752 44 
793 1752 44 
789 1752 44 
785 1752 44 
781 1752 44 
777 1752 44 
773 1752 44 
769 1752 43 
765 1753 43 
761 1753 43 
757 1753 43 
753 1753 43 
748 1753 43 
744 1753 43 
740 1753 43 
735 1753 43 
731 1753 43 
727 1753 43 
722 1753 43 
718 1753 43 
713 1753 43 
709 1753 43 
704 1753 43 
700 1753 43 
695 1753 43 
690 1753 43 
686 1753 43 
681 1753 43 
677 1753 43 
672 1753 43 
667 1753 43 
663 1753 43 
658 1753 43 
653 1753 43 
648 1753 43 
644 1753 43 
639 1753 43 
634 1753 43 
629 1753 43 
625 1753 43 
620 1753 43 
615 1753 43 
610 1753 43 
606 1753 43 
601 1753 43 
596 1753 43 
591 1753 43 
586 1753 43 
582 1753 43 
581 1743 50 
576 1738 50 
571 1732 50 
566 1727 50 
561 1721 50 
556 1716 50 
551 1711 50 
546 1706 49 
540 1701 49 
535 1697 49 
530 1692 49 
525 1688 49 
520 1684 49 
514 1679 49 
509 1675 49 
504 1672 49 
498 1668 48 
493 1664 48 
488 1661 48 
482 1657 48 
477 1654 48 
471 1651 48 
466 1648 48 
460 1645 48 
454 1642 48 
449 1639 47 
443 1637 47 
437 1634 47 
432 1632 47 
426 1630 47 
420 1628 47 
414 1626 47 
408 1624 46 
403 1622 46 
397 1620 46 
391 1619 46 
385 1617 46 
379 1616 46 
373 1615 46 
367 1614 45 
361 1613 45 
355 1612 45 
348 1611 45 
342 1610 45 
336 1610 44 
330 1610 44 
324 1609 44 
318 1609 44 
312 1609 44 
306 1609 43 
304 1604 50 
309 1598 51 
313 1592 51 
317 1587 51 
320 1581 51 
324 1576 51 
328 1571 50 
332 1566 50 
336 1561 50 
339 1556 50 
343 1551 50 
347 1547 50 
351 1542 50 
355 1538 50 
359 1534 50 
364 1530 49 
368 1526 49 
372 1522 49 
376 1519 49 
380 1515 49 
385 1512 49 
389 1508 49 
393 1505 49 
398 1502 48 
402 1499 48 
407 1496 48 
411 1494 48 
416 1491 48 
420 1489 48 
425 1486 48 
430 1484 48 
434 1482 47 
439 1480 47 
444 1478 47 
449 1476 47 
453 1475 47 
458 1473 47 
463 1472 47 
468 1471 46 
473 1469 46 
478 1468 46 
483 1467 46 
488 1466 46 
493 1466 45 
498 1465 45 
503 1465 45 
508 1464 45 
513 1464 45 
518 1464 44 
524 1464 44 
529 1464 44 
534 1464 43 
539 1464 44 
545 1464 44 
536 1457 47 
525 1451 47 
514 1445 47 
503 1440 47 
493 1434 47 
482 1429 47 
472 1424 47 
462 1419 47 
452 1414 46 
441 1410 46 
431 1405 46 
421 1401 46 
411 1397 46 
401 1392 46 
391 1388 46 
381 1384 46 
371 1381 46 
361 1377 46 
350 1373 46 
340 1370 46 
330 1367 45 
320 1364 45 
310 1361 45 
300 1358 45 
290 1355 45 
280 1352 45 
270 1349 45 
260 1347 45 
249 1345 45 
239 1342 45 
229 1340 44 
219 1338 44 
209 1336 44 
199 1335 44 
189 1333 44 
179 1331 44 
169 1330 44 
159 1329 44 
149 1327 43 
151 1322 52 
159 1319 47 
170 1313 47 
181 1307 47 
192 1302 47 
203 1297 47 
213 1291 47 
224 1286 46 
235 1282 46 
245 1277 46 
256 1272 46 
267 1268 46 
277 1263 46 
288 1259 46 
299 1255 46 
309 1251 46 
320 1247 46 
331 1243 46 
341 1239 45 
352 1236 45 
363 1232 45 
373 1229 45 
384 1226 45 
395 1223 45 
405 1220 45 
416 1217 45 
426 1214 45 
437 1212 45 
448 1209 44 
458 1207 44 
469 1205 44 
479 1203 44 
490 1201 44 
501 1199 44 
511 1197 44 
522 1195 44 
532 1194 44 
543 1192 43 
553 1191 43 
564 1190 43 
574 1189 43 
585 1188 43 
596 1187 43 
606 1186 42 
617 1185 42 
627 1185 42 
638 1184 42 
648 1184 42 
658 1184 41 
669 1184 41 
679 1184 41 
689 1184 40 
700 1184 41 
711 1184 41 
722 1184 41 
733 1185 42 
743 1185 42 
754 1186 42 
765 1186 42 
775 1187 42 
786 1188 43 
796 1189 43 
807 1190 43 
818 1191 43 
828 1192 43 
839 1193 43 
850 1195 43 
860 1196 44 
871 1198 44 
881 1200 44 
892 1202 44 
902 1204 44 
913 1206 44 
924 1208 44 
934 1210 44 
945 1212 44 
955 1215 44 
966 1217 45 
976 1220 45 
987 1222 45 
997 1225 45 
1008 1228 45 
1018 1231 45 
1029 1234 45 
1039 1237 45 
1050 1240 45 
1060 1244 45 
1071 1247 45 
1081 1251 45 
1092 1254 45 
1102 1258 46 
1113 1262 46 
1123 1266 46 
1134 1269 46 
1144 1273 46 
1155 1278 46 
1165 1282 46 
1176 1286 46 
1186 1290 46 
1197 1295 46 
1207 1299 46 
1218 1293 47 
1228 1287 47 
1238 1282 47 
1248 1276 47 
1258 1271 47 
1268 1266 47 
1278 1261 47 
1288 1256 47 
1298 1251 47 
1308 1246 46 
1318 1242 46 
1328 1237 46 
1338 1233 46 
1349 1229 46 
1359 1225 46 
1369 1221 46 
1379 1217 46 
1389 1214 46 
1399 1210 46 
1409 1207 46 
1419 1203 45 
1429 1200 45 
1439 1197 45 
1449 1194 45 
1459 1191 45 
1469 1189 45 
1479 1186 45 
1489 1184 45 
1499 1181 45 
1509 1179 45 
1519 1177 44 
1529 1175 44 
1539 1173 44 
1549 1171 44 
1559 1170 44 
1569 1168 44 
1579 1167 44 
1589 1165 44 
1599 1164 43 
1609 1163 43 
1619 1162 43 
1629 1161 43 
1639 1160 43 
1649 1160 43 
1659 1159 42 
1669 1159 42 
1679 1158 42 
1689 1158 42 
1699 1158 41 
1709 1158 41 
1719 1159 40 
1729 1158 41 
1739 1158 41 
1749 1150 50 
1742 1145 49 
1735 1139 49 
1729 1133 49 
1723 1128 49 
1716 1123 49 
1710 1117 49 
1703 1112 49 
1697 1107 49 
1690 1103 48 
1683 1098 48 
1677 1093 48 
1670 1089 48 
1663 1085 48 
1657 1081 48 
1650 1077 48 
1643 1073 48 
1637 1069 48 
1630 1065 48 
1623 1062 47 
1616 1058 47 
1609 1055 47 
1603 1052 47 
1596 1049 47 
1589 1046 47 
1582 1043 47 
1575 1040 47 
1568 1038 46 
1561 1035 46 
1554 1033 46 
1547 1031 46 
1540 1029 46 
1533 1027 46 
1526 1025 46 
1519 1023 46 
1512 1021 45 
1504 1020 45 
1501 1015 52 
1509 1012 47 
1520 1006 47 
1531 1000 47 
1542 995 47 
1552 990 47 
1563 984 47 
1573 979 46 
1584 974 46 
1595 970 46 
1605 965 46 
1616 961 46 
1626 956 46 
1637 952 46 
1647 948 46 
1658 944 46 
1668 940 46 
1679 936 46 
1689 932 46 
1700 929 45 
1711 925 45 
1721 922 45 
1732 919 45 
1742 916 45 
1753 913 45 
1763 910 45 
1774 907 45 
1784 905 45 
1795 902 45 
1805 900 44 
1816 898 44 
1826 896 44 
1837 894 44 
1847 892 44 
1857 890 44 
1868 888 44 
1878 887 44 
1889 885 44 
1901 879 52 
1887 876 47 
1876 871 47 
1865 865 47 
1854 860 47 
1844 854 47 
1833 849 47 
1822 844 46 
1812 839 46 
1801 834 46 
1791 830 46 
1780 825 46 
1770 821 46 
1760 816 46 
1749 812 46 
1739 808 46 
1729 804 46 
1718 800 46 
1708 797 46 
1698 793 46 
1687 790 45 
1677 787 45 
1667 783 45 
1656 780 45 
1646 777 45 
1636 775 45 
1626 772 45 
1615 769 45 
1605 767 45 
1595 764 45 
1584 762 44 
1574 760 44 
1564 758 44 
1553 756 44 
1543 754 44 
1533 753 44 
1522 751 44 
1512 750 44 
1502 748 43 
1491 747 43 
1481 746 43 
1471 745 43 
1460 744 43 
1450 744 43 
1440 743 42 
1429 742 42 
1419 742 42 
1409 742 42 
1398 741 42 
1388 741 41 
1378 742 41 
1367 742 40 
1357 742 41 
1347 742 41 
1337 742 42 
1327 742 42 
1317 743 42 
1307 743 42 
1296 744 42 
1286 744 43 
1276 745 43 
1266 746 43 
1256 747 43 
1246 748 43 
1236 750 43 
1225 751 43 
1215 752 44 
1205 754 44 
1195 756 44 
1185 757 44 
1175 759 44 
1164 761 44 
1154 763 44 
1144 765 44 
1134 768 44 
1124 770 45 
1114 772 45 
1103 775 45 
1093 777 45 
1083 780 45 
1073 783 45 
1063 786 45 
1053 789 45 
1042 792 45 
1032 795 45 
1022 798 45 
1012 801 45 
1002 805 45 
992 808 46 
981 812 46 
971 815 46 
961 819 46 
951 823 46 
941 827 46 
931 831 46 
920 835 46 
910 839 46 
900 844 46 
890 848 46 
877 854 40 
871 845 47 
861 839 47 
851 833 47 
841 828 47 
831 823 47 
821 818 47 
811 812 47 
801 808 47 
791 803 47 
781 798 47 
771 794 46 
762 789 46 
752 785 46 
742 781 46 
732 777 46 
722 773 46 
712 769 46 
702 765 46 
692 762 46 
682 758 46 
672 755 46 
662 752 45 
652 749 45 
642 746 45 
632 743 45 
622 740 45 
613 738 45 
603 735 45 
593 733 45 
583 731 45 
573 729 44 
563 727 44 
553 725 44 
543 723 44 
533 721 44 
523 720 44 
513 718 44 
503 717 44 
493 716 43 
483 715 43 
473 714 43 
463 713 43 
453 712 43 
443 711 43 
433 711 42 
423 711 42 
413 710 42 
403 710 42 
393 710 41 
383 710 41 
373 710 40 
363 710 41 
353 710 41 
344 710 42 
334 711 42 
325 711 42 
315 712 43 
306 712 43 
305 705 50 
311 699 49 
317 693 49 
323 688 49 
330 682 49 
336 677 49 
342 672 49 
349 667 49 
355 662 49 
362 657 48 
368 652 48 
375 648 48 
381 643 48 
388 639 48 
394 635 48 
401 631 48 
407 627 48 
414 623 48 
421 620 48 
427 616 47 
434 613 47 
441 609 47 
448 606 47 
454 603 47 
461 600 47 
468 597 47 
475 595 47 
481 592 46 
488 590 46 
495 587 46 
502 585 46 
509 583 46 
516 581 46 
523 579 46 
530 577 46 
537 576 45 
544 574 45 
551 569 52 
551 568 52 
551 567 52 
551 565 52 
537 562 47 
526 556 47 
515 551 47 
504 545 47 
493 540 47 
482 535 46 
471 530 46 
460 525 46 
449 520 46 
438 516 46 
427 511 46 
416 507 46 
405 502 46 
395 498 46 
384 494 46 
373 490 46 
362 486 45 
351 483 45 
340 479 45 
329 476 45 
318 473 45 
307 469 45 
296 466 45 
285 463 45 
275 461 45 
264 458 45 
253 455 45 
242 453 44 
231 450 44 
220 448 44 
209 446 44 
198 444 44 
188 442 44 
177 440 44 
166 439 44 
155 437 44 
151 431 52 
159 428 47 
170 422 47 
181 417 47 
192 411 47 
203 406 47 
213 401 47 
224 396 46 
234 391 46 
245 386 46 
255 381 46 
265 377 46 
276 372 46 
286 368 46 
296 364 46 
306 360 46 
317 356 46 
327 352 46 
337 349 46 
347 345 46 
358 342 45 
368 338 45 
378 335 45 
388 332 45 
398 329 45 
409 326 45 
419 324 45 
429 321 45 
439 319 45 
449 316 45 
460 314 44 
470 312 44 
480 310 44 
490 308 44 
500 306 44 
511 305 44 
521 303 44 
531 302 44 
541 300 43 
551 299 43 
562 298 43 
572 297 43 
582 296 43 
592 295 43 
602 295 42 
612 294 42 
623 294 42 
633 294 42 
643 293 42 
653 293 41 
663 293 41 
673 294 40 
683 293 41 
694 294 41 
704 294 42 
715 294 42 
725 294 42 
735 295 42 
746 296 42 
756 296 43 
766 297 43 
776 298 43 
787 299 43 
797 300 43 
807 301 43 
818 303 43 
828 304 44 
838 306 44 
848 307 44 
859 309 44 
869 311 44 
879 313 44 
889 315 44 
900 317 44 
910 319 44 
920 322 45 
931 324 45 
941 327 45 
951 329 45 
961 332 45 
972 335 45 
982 338 45 
992 340 45 
1002 344 45 
1012 347 45 
1023 350 45 
1033 353 45 
1043 357 45 
1053 360 46 
1064 364 46 
1074 367 46 
1084 371 46 
1094 375 46 
1105 379 46 
1115 383 46 
1125 387 46 
1135 391 46 
1145 395 46 
1156 400 46 
1166 393 47 
1176 388 47 
1186 382 47 
1196 377 47 
1205 371 47 
1215 366 47 
1225 361 47 
1235 356 47 
1245 351 47 
1255 347 47 
1264 342 46 
1274 338 46 
1284 334 46 
1294 329 46 
1304 325 46 
1314 321 46 
1323 318 46 
1333 314 46 
1343 310 46 
1353 307 46 
1363 304 46 
1373 301 45 
1382 297 45 
1392 295 45 
1402 292 45 
1412 289 45 
1422 286 45 
1432 284 45 
1441 282 45 
1451 279 45 
1461 277 44 
1471 275 44 
1481 273 44 
1491 272 44 
1500 270 44 
1510 268 44 
1520 267 44 
1530 266 44 
1540 264 43 
1550 263 43 
1559 262 43 
1569 261 43 
1579 261 43 
1589 260 43 
1599 260 42 
1609 259 42 
1618 259 42 
1628 259 42 
1638 259 41 
1648 259 41 
1657 259 40 
1667 259 41 
1678 259 41 
1688 259 42 
1698 259 42 
1708 260 42 
1718 260 42 
1728 261 43 
1738 262 43 
1748 262 43 
1758 263 43 
1768 264 43 
1778 266 43 
1788 267 43 
1798 268 44 
1808 270 44 
1818 271 44 
1828 273 44 
1838 275 44 
1848 276 44 
1858 278 44 
1868 280 44 
1878 282 44 
1888 285 45 
1901 283 53 
1901 285 53 
1902 288 54 
1902 290 54 
1902 293 54 
1902 296 54 
1902 298 54 
1902 301 54 
1902 304 54 
1902 308 54 
1902 311 54 
1902 314 54 
1902 318 54 
1887 315 47 
1876 310 47 
1865 304 47 
1854 299 47 
1843 293 47 
1833 288 46 
1822 283 46 
1811 278 46 
1800 274 46 
1789 269 46 
1778 264 46 
1768 260 46 
1757 256 46 
1746 251 46 
1735 247 46 
1724 244 46 
1714 240 46 
1703 236 45 
1692 233 45 
1681 229 45 
1670 226 45 
1660 223 45 
1649 220 45 
1638 217 45 
1627 214 45 
1616 211 45 
1606 209 45 
1595 206 44 
1584 204 44 
1573 201 44 
1563 199 44 
1552 197 44 
1541 195 44 
1530 194 44 
1520 192 44 
1509 190 44 
1498 189 43 
1487 188 43 
1477 187 43 
1466 185 43 
1455 184 43 
1444 184 43 
1434 183 42 
1423 182 42 
1412 182 42 
1401 181 42 
1391 181 42 
1380 181 41 
1369 181 41 
1358 181 41 
1347 181 40 
1337 181 41 
1327 181 41 
1316 181 41 
1306 181 42 
1295 182 42 
1285 182 42 
1274 183 42 
1264 184 42 
1253 184 43 
1243 185 43 
1232 186 43 
1222 188 43 
1211 189 43 
1201 190 43 
1190 192 43 
1180 193 44 
1169 195 44 
1159 197 44 
1148 198 44 
1138 200 44 
1127 202 44 
1117 205 44 
1106 207 44 
1096 209 44 
1085 211 44 
1075 214 45 
1064 217 45 
1054 219 45 
1043 222 45 
1033 225 45 
1022 228 45 
1012 231 45 
1001 234 45 
991 237 45 
980 241 45 
970 244 45 
959 247 45 
949 251 45 
938 255 46 
928 258 46 
917 262 46 
907 266 46 
896 270 46 
886 274 46 
876 278 46 
865 283 46 
855 287 46 
844 292 46 
834 296 46 
823 301 46 
813 305 46 
802 310 46 
792 315 46 
782 320 46 
771 325 47 
761 330 47 
750 335 47 
740 340 47 
729 346 47 
719 351 47 
709 356 47 
698 362 47 
688 368 47 
677 373 47 
667 379 47 
657 385 47 
646 391 47 
636 397 47 
622 404 40 
612 404 40 
602 404 40 
593 404 40 
583 404 40 
575 404 41 
566 404 41 
558 404 41 
550 403 42 
542 403 42 
534 404 43 
526 404 43 
518 404 43 
510 405 28 
501 405 29 
493 406 29 
485 407 29 
477 409 30 
469 410 30 
461 412 30 
453 414 30 
446 416 31 
438 418 31 
430 421 31 
422 423 31 
415 426 31 
407 429 32 
399 433 32 
392 436 32 
384 440 32 
377 444 32 
370 448 32 
363 452 33 
356 456 33 
349 461 33 
342 466 33 
335 471 33 
328 476 34 
321 481 34 
315 487 34 
308 493 34 
302 499 34 
295 505 34 
289 511 34 
283 517 35 
277 524 35 
270 531 35 
264 538 35 
258 545 35 
253 552 35 
247 560 35 
241 567 36 
235 575 36 
230 583 36 
224 591 36 
219 600 36 
213 608 36 
208 617 36 
207 622 35 
214 629 35 
222 637 35 
229 644 35 
237 652 35 
245 660 35 
252 667 35 
260 675 35 
268 683 35 
276 691 35 
284 699 35 
293 708 35 
301 716 35 
309 724 35 
318 733 35 
326 741 35 
335 750 50 
351 751 50 
359 759 50 
367 754 48 
375 748 48 
383 743 48 
392 737 48 
400 732 48 
408 727 48 
416 722 48 
425 717 48 
433 712 47 
441 708 47 
450 703 47 
458 699 47 
466 694 47 
475 690 47 
483 686 47 
491 682 47 
500 679 47 
508 675 47 
516 671 46 
525 668 46 
533 665 46 
542 661 46 
550 658 46 
558 655 46 
567 653 46 
575 650 46 
584 647 46 
592 645 46 
601 643 45 
609 640 45 
618 638 45 
626 636 45 
635 634 45 
643 633 45 
652 631 45 
660 629 45 
669 628 44 
677 627 44 
686 625 44 
695 624 44 
703 623 44 
712 622 44 
720 622 43 
729 621 43 
737 621 43 
746 620 43 
755 620 43 
763 620 42 
772 620 42 
780 620 42 
789 620 41 
798 620 42 
807 620 42 
816 620 42 
825 620 43 
833 621 43 
842 621 43 
851 622 43 
860 623 43 
869 623 43 
878 624 44 
887 625 44 
896 627 44 
905 628 44 
914 629 44 
922 631 44 
931 632 44 
940 634 44 
949 636 45 
958 637 45 
967 639 45 
976 641 45 
985 643 45 
994 646 45 
1003 648 45 
1012 650 45 
1021 653 45 
1030 656 45 
1039 658 45 
1048 661 46 
1057 664 46 
1066 667 46 
1075 670 46 
1084 673 46 
1093 676 46 
1102 680 46 
1111 683 46 
1120 686 46 
1129 690 46 
1138 694 46 
1147 697 46 
1156 701 46 
1165 705 46 
1175 709 47 
1184 713 47 
1193 718 47 
1202 722 47 
1211 726 47 
1220 731 47 
1229 735 47 
1238 740 47 
1247 744 47 
1257 749 47 
1266 754 47 
1275 759 47 
1284 764 47 
1293 769 47 
1302 774 47 
1311 779 47 
1321 785 47 
1330 790 47 
1339 796 47 
1348 801 47 
1357 807 48 
1367 812 48 
1376 818 48 
1385 824 48 
1394 830 48 
1403 836 48 
1413 842 48 
1422 848 48 
1427 854 40 
1436 854 41 
1445 854 41 
1454 854 41 
1462 854 41 
1470 854 41 
1478 854 41 
1486 853 42 
1494 853 43 
1502 853 43 
1510 854 28 
1518 854 29 
1525 855 29 
1533 856 29 
1541 857 30 
1549 858 30 
1556 859 30 
1564 861 30 
1572 863 31 
1579 865 31 
1587 867 31 
1594 870 31 
1601 873 31 
1609 876 32 
1616 879 32 
1623 882 32 
1630 886 32 
1637 889 32 
1644 893 33 
1651 897 33 
1658 901 33 
1664 906 33 
1671 910 33 
1677 915 34 
1683 920 34 
1689 925 34 
1695 931 34 
1701 936 34 
1707 942 35 
1713 948 35 
1718 954 35 
1724 960 35 
1729 967 35 
1735 973 35 
1740 980 36 
1745 987 36 
1750 994 36 
1755 1001 36 
1760 1009 36 
1765 1016 36 
1769 1024 37 
1774 1032 37 
1778 1040 37 
1783 1049 37 
1787 1057 37 
1791 1066 37 
1795 1075 37 
1799 1084 38 
1803 1093 38 
1807 1102 38 
1805 1109 35 
1798 1116 35 
1790 1124 35 
1783 1131 35 
1775 1139 35 
1767 1147 35 
1759 1155 35 
1751 1162 35 
1743 1170 35 
1735 1179 35 
1727 1187 35 
1719 1195 35 
1711 1203 35 
1702 1212 35 
1694 1220 35 
1685 1229 35 
1676 1238 35 
1667 1246 35 
1659 1255 50 
1650 1249 50 
1642 1257 50 
1635 1264 50 
1628 1271 50 
1621 1278 50 
1613 1286 50 
1606 1293 50 
1595 1303 42 
1588 1303 42 
1582 1303 42 
1575 1303 42 
1569 1303 42 
1562 1303 42 
1556 1303 42 
1550 1303 42 
1544 1303 42 
1538 1303 42 
1532 1303 42 
1526 1303 42 
1520 1303 42 
1514 1303 42 
1508 1303 42 
1503 1303 42 
1497 1303 42 
1492 1303 42 
1486 1303 42 
1481 1303 42 
1475 1303 42 
1470 1303 43 
1464 1303 43 
1459 1303 43 
1454 1303 43 
1448 1303 43 
1443 1303 43 
1438 1303 43 
1433 1303 43 
1428 1303 43 
1422 1303 43 
1417 1303 43 
1412 1303 43 
1407 1303 43 
1402 1303 43 
1397 1303 43 
1392 1303 43 
1387 1303 43 
1382 1303 43 
1377 1303 43 
1372 1303 43 
1367 1303 43 
1361 1303 43 
1357 1303 43 
1352 1303 43 
1347 1303 43 
1342 1303 43 
1337 1303 43 
1332 1303 43 
1327 1303 43 
1322 1303 43 
1317 1303 43 
1315 1293 50 
1310 1288 50 
1305 1282 50 
1300 1277 50 
1295 1271 50 
1290 1266 50 
1285 1261 49 
1280 1256 49 
1274 1252 49 
1269 1247 49 
1264 1242 49 
1258 1238 49 
1253 1234 49 
1248 1230 49 
1242 1225 49 
1237 1222 48 
1231 1218 48 
1226 1214 48 
1220 1211 48 
1215 1207 48 
1209 1204 48 
1203 1201 48 
1198 1198 48 
1192 1195 48 
1186 1192 47 
1181 1189 47 
1175 1187 47 
1169 1184 47 
1163 1182 47 
1157 1180 47 
1151 1178 47 
1145 1176 47 
1139 1174 46 
1134 1172 46 
1128 1170 46 
1121 1169 46 
1115 1167 46 
1109 1166 46 
1103 1165 46 
1097 1164 45 
1091 1163 45 
1085 1162 45 
1078 1161 45 
1072 1160 45 
1066 1160 44 
1060 1160 44 
1053 1159 44 
1047 1159 44 
1040 1159 43 
1034 1159 43 
1027 1160 42 
1021 1159 43 
1015 1159 43 
1009 1159 44 
1002 1160 44 
996 1160 44 
990 1161 44 
983 1161 44 
977 1162 45 
970 1163 45 
964 1164 45 
957 1165 45 
951 1166 45 
944 1167 45 
938 1169 45 
931 1170 45 
924 1172 46 
918 1173 46 
911 1175 46 
904 1177 46 
897 1179 46 
891 1181 46 
884 1183 46 
877 1185 46 
870 1188 46 
863 1190 46 
857 1193 46 
850 1195 46 
843 1198 47 
836 1201 47 
829 1203 47 
822 1206 47 
815 1210 47 
808 1213 47 
801 1216 47 
794 1219 47 
787 1223 47 
780 1226 47 
773 1230 47 
765 1233 47 
758 1237 47 
751 1241 47 
744 1245 47 
737 1249 47 
730 1253 48 
722 1257 48 
715 1261 48 
708 1266 48 
701 1270 48 
693 1275 48 
686 1279 48 
679 1284 48 
671 1289 48 
664 1294 48 
656 1299 48 
646 1304 41 
639 1303 41 
632 1303 42 
625 1303 42 
618 1303 42 
612 1303 42 
605 1303 42 
599 1303 42 
593 1303 42 
586 1303 42 
580 1303 42 
574 1303 42 
568 1303 42 
563 1303 42 
557 1303 42 
551 1303 43 
546 1303 44 
540 1303 44 
534 1303 44 
529 1304 44 
523 1304 45 
517 1305 45 
511 1305 45 
505 1306 45 
499 1307 45 
493 1308 45 
487 1309 45 
481 1311 46 
475 1312 46 
469 1314 31 
463 1315 31 
457 1317 31 
451 1319 31 
445 1321 32 
439 1323 32 
434 1326 32 
428 1329 32 
422 1332 33 
416 1335 33 
411 1338 33 
405 1342 33 
399 1346 33 
394 1350 33 
389 1354 34 
383 1358 34 
378 1363 34 
373 1367 34 
368 1372 34 
363 1377 35 
358 1382 35 
353 1388 35 
349 1393 35 
344 1399 35 
340 1405 35 
335 1411 36 
331 1418 36 
327 1424 36 
323 1431 36 
319 1438 36 
315 1445 37 
311 1452 37 
307 1459 37 
304 1467 37 
300 1474 37 
297 1482 37 
293 1490 37 
290 1499 38 
287 1507 38 
284 1516 38 
281 1524 38 
278 1533 38 
275 1542 38 
272 1551 39 
269 1561 39 
267 1570 39 
265 1580 35 
272 1587 35 
279 1594 35 
287 1602 35 
294 1609 35 
302 1617 35 
310 1625 35 
317 1632 35 
325 1640 35 
333 1648 35 
341 1656 50 
357 1657 50 
365 1665 50 
372 1660 48 
380 1654 48 
388 1648 48 
395 1643 48 
403 1638 48 
411 1632 48 
419 1627 48 
427 1623 48 
435 1618 48 
442 1613 48 
450 1609 47 
458 1604 47 
466 1600 47 
474 1596 47 
482 1592 47 
490 1588 47 
498 1584 47 
506 1580 47 
514 1577 47 
522 1573 47 
530 1570 46 
538 1567 46 
546 1564 46 
554 1561 46 
562 1558 46 
570 1555 46 
578 1553 46 
586 1550 46 
594 1548 46 
602 1546 45 
610 1544 45 
618 1542 45 
627 1540 45 
635 1538 45 
643 1536 45 
651 1535 45 
659 1533 45 
667 1532 44 
676 1531 44 
684 1530 44 
692 1529 44 
700 1528 44 
708 1527 44 
717 1527 43 
725 1526 43 
733 1526 43 
741 1525 43 
750 1525 42 
758 1525 42 
766 1525 42 
774 1526 41 
783 1525 42 
791 1525 42 
800 1525 42 
809 1526 43 
817 1526 43 
826 1527 43 
834 1527 43 
843 1528 43 
851 1529 44 
860 1530 44 
869 1531 44 
877 1532 44 
886 1533 44 
894 1535 44 
903 1536 44 
912 1538 45 
920 1539 45 
929 1541 45 
937 1543 45 
946 1545 45 
955 1547 45 
963 1549 45 
972 1551 45 
981 1554 45 
989 1556 45 
998 1558 45 
1007 1561 46 
1016 1564 46 
1024 1567 46 
1033 1569 46 
1042 1572 46 
1050 1575 46 
1059 1579 46 
1068 1582 46 
1077 1585 46 
1085 1588 46 
1094 1592 46 
1103 1596 46 
1112 1599 46 
1121 1603 46 
1129 1607 47 
1138 1611 47 
1147 1615 47 
1156 1619 47 
1165 1623 47 
1174 1627 47 
1182 1632 47 
1191 1636 47 
1200 1641 47 
1209 1645 47 
1218 1650 47 
1227 1655 47 
1236 1659 47 
1245 1664 47 
1254 1669 47 
1263 1674 47 
1271 1680 47 
1280 1685 47 
1289 1690 47 
1298 1696 48 
1307 1701 48 
1316 1707 48 
1325 1712 48 
1334 1718 48 
1343 1724 48 
1352 1730 48 
1361 1736 48 
1370 1742 48 
1379 1748 48 
1384 1754 41 
1393 1754 41 
1402 1754 41 
1410 1754 41 
1418 1754 41 
1426 1754 41 
1434 1754 41 
1441 1754 41 
1449 1754 41 
1456 1753 41 
1463 1753 42 
1470 1753 42 
1477 1753 42 
1484 1753 42 
1490 1753 42 
1497 1753 42 
1503 1753 42 
1509 1753 42 
1516 1753 42 
1522 1753 42 
1528 1753 42 
1534 1753 42 
1540 1753 42 
1545 1753 42 
1551 1753 42 
1557 1753 42 
1563 1753 42 
1568 1753 42 
1574 1753 42 
1579 1753 42 
1585 1753 42 
1590 1753 43 
1596 1753 43 
1601 1753 43 
1606 1753 43 
1612 1753 43 
1617 1753 43 
1622 1753 43 
1627 1753 43 
1633 1753 43 
1638 1753 43 
1643 1753 43 
1648 1753 43 
1653 1753 43 
1658 1753 43 
1663 1753 43 
1669 1753 43 
1677 1743 50 
1682 1738 50 
1687 1732 50 
1692 1727 50 
1698 1721 50 
1703 1716 49 
1708 1711 49 
1713 1706 49 
1718 1701 49 
1724 1697 49 
1729 1692 49 
1734 1688 49 
1740 1684 49 
1745 1680 49 
1751 1675 49 
1756 1672 48 
1762 1668 48 
1767 1664 48 
1773 1661 48 
1778 1657 48 
1784 1654 48 
1790 1651 48 
1795 1648 48 
1801 1645 47 
1807 1642 47 
1812 1639 47 
1818 1637 47 
1824 1634 47 
1830 1632 47 
1836 1630 47 
1841 1628 47 
1847 1626 46 
1853 1624 46 
1859 1622 46 
1865 1620 46 
1871 1619 46 
1877 1617 46 
1883 1616 46 
1889 1615 45 
1895 1614 45 
1901 1613 45 
