144 2022-06-26
4174 -272 50 
4174 -272 50 
4173 -271 50 
4173 -271 50 
4173 -271 50 
4173 -270 50 
4172 -270 50 
4172 -269 50 
4172 -268 50 
4171 -267 50 
4170 -266 50 
4170 -265 50 
4169 -264 50 
4168 -263 50 
4167 -261 50 
4166 -260 50 
4166 -258 50 
4164 -256 50 
4163 -255 50 
4162 -253 50 
4161 -251 50 
4157 -248 46 
4156 -248 46 
4154 -248 45 
4152 -247 45 
4149 -247 45 
4147 -247 45 
4144 -247 45 
4141 -247 45 
4139 -247 44 
4136 -247 44 
4133 -247 44 
4129 -247 44 
4126 -247 44 
4123 -247 44 
4119 -247 44 
4115 -247 44 
4112 -247 44 
4108 -247 44 
4104 -247 44 
4100 -247 44 
4096 -247 44 
4093 -247 44 
4088 -247 43 
4084 -246 43 
4080 -246 43 
4076 -246 43 
4072 -246 43 
4068 -246 43 
4063 -246 43 
4059 -246 43 
4055 -246 43 
4050 -246 43 
4046 -246 43 
4041 -246 43 
4037 -246 43 
4032 -246 43 
4028 -246 43 
4023 -246 43 
4019 -246 43 
4014 -246 43 
4009 -246 43 
4005 -246 43 
4000 -246 43 
3996 -246 43 
3991 -246 43 
3986 -246 43 
3982 -246 43 
3980 -256 50 
3976 -261 50 
3971 -267 50 
3966 -272 50 
3961 -278 50 
3956 -283 50 
3951 -288 50 
3946 -293 50 
3941 -298 49 
3936 -302 49 
3931 -307 49 
3926 -311 49 
3921 -315 49 
3916 -320 49 
3911 -324 49 
3905 -328 49 
3900 -331 49 
3895 -335 48 
3889 -338 48 
3884 -342 48 
3879 -345 48 
3873 -348 48 
3865 -346 43 
3860 -346 43 
3855 -346 44 
3850 -346 44 
3844 -346 44 
3839 -345 45 
3833 -345 45 
3828 -344 45 
3822 -344 45 
3817 -343 45 
3811 -342 45 
3805 -341 45 
3800 -340 46 
3794 -338 46 
3788 -337 46 
3782 -336 46 
3777 -334 46 
3771 -332 46 
3765 -331 46 
3759 -329 46 
3753 -327 46 
3747 -325 46 
3741 -323 47 
3735 -320 47 
3729 -318 47 
3723 -316 47 
3717 -313 47 
3711 -311 47 
3705 -308 47 
3699 -305 47 
3693 -302 47 
3686 -299 47 
3680 -296 47 
3674 -293 47 
3668 -290 47 
3661 -287 47 
3655 -283 48 
3649 -280 48 
3642 -276 48 
3636 -272 48 
3630 -269 48 
3623 -265 48 
3617 -261 48 
3610 -257 48 
3604 -253 48 
3597 -249 48 
3591 -244 48 
3581 -246 42 
3574 -246 42 
3568 -246 42 
3562 -246 42 
3556 -246 42 
3549 -246 42 
3543 -246 42 
3537 -246 42 
3532 -246 42 
3526 -246 42 
3520 -246 42 
3514 -246 42 
3509 -246 42 
3503 -246 42 
3497 -246 42 
3492 -246 42 
3486 -246 42 
3481 -246 42 
3476 -246 43 
3470 -246 43 
3465 -246 43 
3460 -246 43 
3454 -246 43 
3449 -246 43 
3444 -246 43 
3439 -246 43 
3433 -246 43 
3428 -246 43 
3423 -246 43 
3418 -246 43 
3413 -246 43 
3408 -246 43 
3403 -246 43 
3401 -256 50 
3396 -261 50 
3391 -267 50 
3386 -272 50 
3381 -278 50 
3375 -283 49 
3370 -288 49 
3365 -293 49 
3359 -297 49 
3354 -302 49 
3348 -307 49 
3343 -311 49 
3338 -315 49 
3333 -320 49 
3327 -324 49 
3322 -328 49 
3317 -331 49 
3312 -335 49 
3307 -339 48 
3302 -342 48 
3297 -345 48 
3292 -348 48 
3287 -352 48 
3282 -354 48 
3277 -357 48 
3272 -360 48 
3267 -363 48 
3262 -365 48 
3258 -367 48 
3253 -370 48 
3248 -372 47 
3243 -374 47 
3239 -376 47 
3234 -378 47 
3229 -379 47 
3225 -381 47 
3220 -382 47 
3216 -384 47 
3211 -385 47 
3207 -386 46 
3202 -387 46 
3198 -388 46 
3193 -388 46 
3189 -389 46 
3185 -390 46 
3180 -390 45 
3176 -390 45 
3172 -391 45 
3167 -391 45 
3163 -391 44 
3159 -390 44 
3155 -390 44 
3151 -390 45 
3147 -390 45 
3143 -390 45 
3139 -390 46 
3136 -389 46 
3132 -389 46 
3128 -388 46 
3124 -387 46 
3120 -386 47 
3116 -385 47 
3112 -384 47 
3108 -382 47 
3104 -381 47 
3100 -380 47 
3096 -378 47 
3091 -376 47 
3087 -375 47 
3083 -373 47 
3078 -371 47 
3074 -369 48 
3070 -367 48 
3065 -364 48 
3061 -362 48 
3056 -360 48 
3052 -357 48 
3047 -355 48 
3042 -352 48 
3038 -349 48 
3033 -346 48 
3028 -343 48 
3024 -340 48 
3019 -337 48 
3014 -334 48 
3009 -331 48 
3004 -327 48 
2999 -324 48 
2994 -320 49 
2989 -316 49 
2984 -313 49 
2979 -309 49 
2974 -305 49 
2969 -301 49 
2964 -297 49 
2959 -292 49 
2954 -288 49 
2948 -284 49 
2943 -279 49 
2938 -275 49 
2932 -270 49 
2927 -266 49 
2922 -261 49 
2916 -256 49 
2911 -251 49 
2906 -257 50 
2900 -263 50 
2894 -268 50 
2889 -274 49 
2883 -279 49 
2878 -284 49 
2872 -289 49 
2866 -294 49 
2861 -299 49 
2855 -304 49 
2849 -308 49 
2843 -313 49 
2837 -317 49 
2832 -321 48 
2826 -325 48 
2820 -329 48 
2814 -333 48 
2808 -336 48 
2802 -340 48 
2796 -343 48 
2790 -347 48 
2784 -350 48 
2778 -353 47 
2771 -356 47 
2765 -359 47 
2759 -361 47 
2753 -364 47 
2747 -366 47 
2740 -369 47 
2734 -371 47 
2728 -373 46 
2722 -375 46 
2715 -377 46 
2709 -379 46 
2702 -380 46 
2696 -382 46 
2689 -383 46 
2683 -385 45 
2677 -386 45 
2670 -387 45 
2663 -388 45 
2657 -389 45 
2650 -389 45 
2644 -390 44 
2637 -391 44 
2630 -391 44 
2623 -391 44 
2617 -391 43 
2610 -392 43 
2603 -391 43 
2596 -391 42 
2590 -391 43 
2583 -391 43 
2576 -391 43 
2570 -391 44 
2563 -390 44 
2556 -390 44 
2550 -389 44 
2543 -389 44 
2536 -388 45 
2529 -387 45 
2522 -386 45 
2515 -385 45 
2508 -383 45 
2502 -382 45 
2495 -380 45 
2488 -379 45 
2481 -377 45 
2474 -376 46 
2467 -374 46 
2459 -372 46 
2452 -370 46 
2445 -368 46 
2438 -365 46 
2431 -363 46 
2424 -361 46 
2417 -358 46 
2410 -355 46 
2402 -353 46 
2395 -350 46 
2388 -347 47 
2381 -344 47 
2373 -341 47 
2366 -338 47 
2359 -335 47 
2351 -331 47 
2344 -328 47 
2337 -325 47 
2329 -321 47 
2322 -317 47 
2314 -314 47 
2307 -310 47 
2299 -306 47 
2292 -302 47 
2285 -298 47 
2277 -293 47 
2269 -289 47 
2262 -285 48 
2254 -280 48 
2247 -276 48 
2239 -271 48 
2232 -267 48 
2224 -262 48 
2216 -257 48 
2209 -252 48 
2198 -245 41 
2190 -245 41 
2187 -255 49 
2179 -261 49 
2172 -266 48 
2164 -272 48 
2157 -277 48 
2149 -282 48 
2142 -287 48 
2134 -292 48 
2127 -297 48 
2119 -301 48 
2112 -306 48 
2104 -310 48 
2096 -315 47 
2089 -319 47 
2081 -323 47 
2074 -327 47 
2066 -331 47 
2058 -334 47 
2050 -338 47 
2043 -341 47 
2035 -344 47 
2027 -348 47 
2020 -351 46 
2012 -354 46 
2004 -356 46 
1996 -359 46 
1988 -362 46 
1980 -364 46 
1973 -367 46 
1965 -369 46 
1957 -371 46 
1949 -373 45 
1941 -375 45 
1933 -377 45 
1925 -378 45 
1917 -380 45 
1909 -381 45 
1901 -382 45 
1893 -384 44 
1885 -385 44 
1877 -386 44 
1869 -387 44 
1861 -387 44 
1853 -388 44 
1845 -389 43 
1837 -389 43 
1829 -389 43 
1820 -389 43 
1812 -389 42 
1804 -389 42 
1795 -389 41 
1788 -389 42 
1780 -389 42 
1772 -389 43 
1764 -389 43 
1756 -388 43 
1748 -388 43 
1740 -387 43 
1731 -386 44 
1723 -386 44 
1715 -385 44 
1707 -384 44 
1699 -382 44 
1691 -381 44 
1682 -380 44 
1674 -378 45 
1666 -377 45 
1658 -375 45 
1649 -373 45 
1641 -372 45 
1633 -370 45 
1625 -368 45 
1616 -366 45 
1608 -363 45 
1600 -361 45 
1591 -359 46 
1583 -356 46 
1575 -353 46 
1566 -351 46 
1558 -348 46 
1549 -345 46 
1541 -342 46 
1533 -339 46 
1524 -336 46 
1516 -333 46 
1507 -329 46 
1499 -326 46 
1490 -323 46 
1482 -319 46 
1473 -315 47 
1465 -312 47 
1456 -308 47 
1448 -304 47 
1440 -300 47 
1431 -296 47 
1423 -292 47 
1415 -287 47 
1407 -283 47 
1398 -279 47 
1390 -274 47 
1382 -269 47 
1374 -265 48 
1366 -260 48 
1359 -255 48 
1351 -250 48 
1344 -245 48 
1336 -240 48 
1329 -235 48 
1322 -230 48 
1315 -225 48 
1308 -219 49 
1301 -214 49 
1294 -208 49 
1292 -207 50 
1298 -201 50 
1301 -196 42 
1307 -196 42 
1313 -196 42 
1319 -196 42 
1325 -196 42 
1330 -196 42 
1336 -196 42 
1342 -196 42 
1351 -205 50 
1357 -211 50 
1363 -217 49 
1368 -222 49 
1374 -227 49 
1380 -233 49 
1385 -238 49 
1391 -243 49 
1397 -247 49 
1403 -252 49 
1409 -256 49 
1415 -261 49 
1421 -265 48 
1427 -269 48 
1433 -273 48 
1439 -277 48 
1445 -281 48 
1451 -285 48 
1457 -288 48 
1463 -292 48 
1469 -295 48 
1475 -298 47 
1481 -301 47 
1487 -304 47 
1494 -307 47 
1500 -310 47 
1506 -312 47 
1512 -315 47 
1519 -317 47 
1525 -319 46 
1531 -321 46 
1538 -323 46 
1544 -325 46 
1551 -327 46 
1557 -329 46 
1564 -330 46 
1570 -332 45 
1577 -333 45 
1583 -334 45 
1590 -335 45 
1596 -336 45 
1603 -337 45 
1609 -338 44 
1616 -338 44 
1623 -339 44 
1629 -339 44 
1636 -340 44 
1642 -340 43 
1649 -340 43 
1655 -340 43 
1661 -339 42 
1668 -340 43 
1675 -340 43 
1681 -340 44 
1687 -339 44 
1694 -339 44 
1700 -338 44 
1706 -338 45 
1712 -337 45 
1718 -336 45 
1724 -335 45 
1729 -334 46 
1735 -333 46 
1740 -332 46 
1746 -331 46 
1751 -329 46 
1756 -328 47 
1761 -326 47 
1766 -324 47 
1771 -323 47 
1776 -321 47 
1780 -319 47 
1785 -317 48 
1789 -314 48 
1794 -312 48 
1798 -310 48 
1802 -307 48 
1806 -305 48 
1810 -302 48 
1815 -299 48 
1819 -296 49 
1823 -293 49 
1827 -290 49 
1831 -287 49 
1836 -284 49 
1840 -281 49 
1844 -277 49 
1849 -274 49 
1853 -270 49 
1858 -266 49 
1862 -263 49 
1867 -259 49 
1872 -255 49 
1876 -251 49 
1881 -257 50 
1886 -263 50 
1891 -269 50 
1895 -274 50 
1900 -279 50 
1905 -285 50 
1910 -290 50 
1914 -294 50 
1919 -299 49 
1924 -304 49 
1929 -308 49 
1934 -313 49 
1939 -317 49 
1944 -321 49 
1949 -325 49 
1954 -329 49 
1959 -333 49 
1964 -337 48 
1969 -340 48 
1975 -343 48 
1980 -347 48 
1985 -350 48 
1990 -353 48 
1996 -356 48 
2001 -359 48 
2006 -361 47 
2012 -364 47 
2017 -367 47 
2022 -369 47 
2028 -371 47 
2033 -373 47 
2038 -375 47 
2043 -377 47 
2048 -379 47 
2053 -381 47 
2058 -382 47 
2063 -384 46 
2068 -385 46 
2073 -386 46 
2078 -387 46 
2083 -388 46 
2088 -389 46 
2092 -390 46 
2097 -391 46 
2101 -391 46 
2106 -392 45 
2110 -392 45 
2114 -392 45 
2118 -392 45 
2122 -392 44 
2126 -392 44 
2130 -392 45 
2134 -392 45 
2138 -392 45 
2142 -392 46 
2146 -391 46 
2149 -391 46 
2153 -390 46 
2157 -389 46 
2161 -389 47 
2165 -388 47 
2168 -387 47 
2172 -386 47 
2176 -384 47 
2179 -383 47 
2183 -382 48 
2186 -380 48 
2190 -378 48 
2194 -377 48 
2197 -375 48 
2201 -373 48 
2205 -371 48 
2209 -369 48 
2212 -366 48 
2216 -364 48 
2220 -362 48 
2224 -359 48 
2228 -356 48 
2232 -354 48 
2236 -351 49 
2240 -348 49 
2244 -345 49 
2249 -342 49 
2253 -339 49 
2257 -336 49 
2261 -332 49 
2266 -329 49 
2270 -325 49 
2274 -322 49 
2279 -318 49 
2283 -314 49 
2288 -311 49 
2292 -307 49 
2297 -303 49 
2301 -298 49 
2306 -294 49 
2311 -290 49 
2315 -286 49 
2320 -281 49 
2325 -277 49 
2330 -272 49 
2335 -267 49 
2339 -263 49 
2344 -258 49 
2349 -253 50 
2351 -246 43 
2359 -256 50 
2364 -261 50 
2369 -267 50 
2374 -272 50 
2379 -278 50 
2384 -283 50 
2389 -288 49 
2395 -293 49 
2400 -298 49 
2405 -302 49 
2410 -307 49 
2415 -311 49 
2421 -315 49 
2426 -320 49 
2431 -324 49 
2437 -327 48 
2442 -331 48 
2447 -335 48 
2453 -338 48 
2458 -342 48 
2464 -345 48 
2469 -348 48 
2475 -351 48 
2480 -354 48 
2486 -357 47 
2492 -360 47 
2497 -362 47 
2503 -365 47 
2509 -367 47 
2514 -369 47 
2520 -371 47 
2526 -373 47 
2532 -375 46 
2538 -377 46 
2544 -379 46 
2549 -380 46 
2555 -382 46 
2561 -383 46 
2567 -384 46 
2573 -385 45 
2579 -386 45 
2585 -387 45 
2591 -388 45 
2597 -389 45 
2603 -389 45 
2609 -390 44 
2615 -390 44 
2621 -390 44 
2626 -390 44 
2632 -390 43 
2637 -390 43 
2644 -390 43 
2649 -390 44 
2655 -390 44 
2661 -389 44 
2667 -389 45 
2672 -389 45 
2678 -388 45 
2684 -387 45 
2689 -386 45 
2695 -385 46 
2700 -384 46 
2706 -383 46 
2711 -382 46 
2716 -381 46 
2722 -379 46 
2727 -378 46 
2732 -376 47 
2738 -374 47 
2743 -373 47 
2748 -371 47 
2753 -369 47 
2758 -367 47 
2763 -364 47 
2768 -362 47 
2773 -360 48 
2778 -357 48 
2783 -355 48 
2788 -352 48 
2793 -349 48 
2798 -346 48 
2803 -343 48 
2808 -340 48 
2813 -337 48 
2818 -334 48 
2823 -330 48 
2828 -327 48 
2833 -324 48 
2838 -320 48 
2843 -316 48 
2849 -312 48 
2854 -309 49 
2859 -305 49 
2865 -301 49 
2870 -297 49 
2875 -292 49 
2881 -288 49 
2886 -284 49 
2892 -279 49 
2897 -275 49 
2903 -270 49 
2908 -266 49 
2914 -261 49 
2920 -256 49 
2925 -251 49 
2931 -257 50 
2937 -263 50 
2942 -268 49 
2948 -274 49 
2954 -279 49 
2959 -284 49 
2965 -289 49 
2971 -294 49 
2976 -299 49 
2982 -304 49 
2988 -308 49 
2994 -313 49 
3000 -317 48 
3006 -321 48 
3012 -325 48 
3017 -329 48 
3023 -333 48 
3029 -336 48 
3035 -340 48 
3041 -343 48 
3048 -347 48 
3054 -350 47 
3060 -353 47 
3066 -356 47 
3071 -359 47 
3077 -361 47 
3083 -364 47 
3089 -366 47 
3095 -369 47 
3101 -371 47 
3106 -373 47 
3112 -375 47 
3117 -377 47 
3123 -379 46 
3129 -381 46 
3134 -382 46 
3140 -384 46 
3145 -385 46 
3150 -386 46 
3156 -387 46 
3161 -388 46 
3166 -389 45 
3172 -390 45 
3177 -390 45 
3182 -391 45 
3187 -391 45 
3192 -392 45 
3197 -392 44 
3202 -392 44 
3207 -392 44 
3212 -392 43 
3217 -392 44 
3222 -392 44 
3228 -392 45 
3233 -391 45 
3238 -391 45 
3243 -391 45 
3248 -390 45 
3252 -389 46 
3257 -388 46 
3262 -387 46 
3267 -386 46 
3272 -385 46 
3276 -384 46 
3281 -383 47 
3286 -381 47 
3290 -380 47 
3295 -378 47 
3300 -376 47 
3304 -374 47 
3309 -373 47 
3313 -371 48 
3318 -368 48 
3322 -366 48 
3327 -364 48 
3331 -361 48 
3336 -359 48 
3340 -356 48 
3345 -354 48 
3349 -351 48 
3354 -348 48 
3359 -345 48 
3363 -342 48 
3368 -339 48 
3373 -336 48 
3378 -332 48 
3382 -329 48 
3387 -325 49 
3392 -322 49 
3397 -318 49 
3402 -314 49 
3407 -310 49 
3412 -306 49 
3417 -302 49 
3422 -298 49 
3427 -294 49 
3433 -290 49 
3438 -286 49 
3443 -281 49 
3448 -277 49 
3454 -272 49 
3459 -267 49 
3464 -263 49 
3470 -258 49 
3475 -253 49 
3477 -246 43 
3486 -256 50 
3492 -261 50 
3497 -267 50 
3502 -272 50 
3508 -278 49 
3513 -283 49 
3519 -288 49 
3524 -293 49 
3529 -297 49 
3535 -302 49 
3540 -307 49 
3545 -311 49 
3550 -315 49 
3555 -320 49 
3561 -324 49 
3566 -328 49 
3571 -331 49 
3576 -335 49 
3581 -339 48 
3586 -342 48 
3591 -345 48 
3596 -348 48 
3598 -346 43 
3603 -347 44 
3608 -347 44 
3613 -346 45 
3618 -346 45 
3623 -346 45 
3628 -345 45 
3633 -345 46 
3637 -344 46 
3642 -343 46 
3647 -342 46 
3651 -341 46 
3656 -340 46 
3661 -339 47 
3665 -337 47 
3670 -336 47 
3674 -334 47 
3679 -333 47 
3683 -331 47 
3687 -329 48 
3691 -327 48 
3695 -325 48 
3699 -323 48 
3703 -321 48 
3707 -319 48 
3710 -317 49 
3714 -314 49 
3717 -312 49 
3721 -309 49 
3724 -306 49 
3727 -303 49 
3731 -300 49 
3734 -297 49 
3737 -294 49 
3740 -291 50 
3744 -288 50 
3747 -284 50 
3750 -281 50 
3754 -277 50 
3757 -273 50 
3760 -270 50 
3764 -266 50 
3767 -262 50 
3771 -258 50 
3775 -254 50 
3775 -247 44 
3779 -247 44 
3783 -247 44 
3786 -247 44 
3790 -247 44 
3794 -247 44 
3798 -247 43 
3802 -246 43 
3807 -246 43 
3811 -246 43 
3815 -246 43 
3819 -246 43 
3823 -246 43 
3828 -246 43 
3832 -246 43 
3837 -246 43 
3841 -246 43 
3845 -246 43 
3850 -246 43 
3854 -246 43 
3859 -246 43 
3867 -256 50 
3872 -262 50 
3876 -267 50 
3881 -272 50 
3885 -278 50 
3890 -283 50 
3895 -288 50 
3899 -293 50 
3904 -298 50 
3909 -302 49 
3914 -307 49 
3919 -311 49 
3924 -315 49 
3929 -320 49 
3933 -324 49 
3938 -328 49 
3943 -331 49 
3949 -335 48 
3954 -339 48 
3959 -342 48 
3964 -345 48 
3969 -348 48 
3974 -351 48 
3979 -354 48 
3985 -357 48 
3990 -360 48 
3995 -362 47 
4001 -365 47 
4006 -367 47 
4012 -369 47 
4017 -372 47 
4022 -374 47 
4028 -375 47 
4033 -377 46 
4039 -379 46 
4045 -380 46 
4050 -382 46 
4056 -383 46 
4061 -384 46 
4067 -385 46 
4073 -386 45 
4079 -387 45 
4084 -388 45 
4090 -389 45 
4096 -389 45 
4102 -390 44 
4106 -396 42 
4112 -396 42 
4118 -396 42 
4124 -396 42 
4130 -396 42 
4135 -396 42 
4141 -396 42 
4147 -396 42 
4152 -396 42 
4158 -396 42 
4163 -396 43 
4168 -396 43 
4174 -396 43 
4179 -396 43 
4184 -396 43 
4190 -396 43 
4195 -396 43 
4200 -396 43 
4205 -396 43 
4211 -396 43 
4216 -396 43 
4221 -396 43 
4226 -396 43 
4231 -396 43 
4236 -396 43 
4241 -396 43 
4245 -396 43 
4249 -397 44 
4253 -397 44 
4256 -397 44 
4258 -397 45 
4261 -397 45 
4262 -398 46 
4264 -398 46 
4265 -398 47 
4266 -399 48 
4266 -399 49 
4266 -399 48 
4265 -398 47 
4264 -398 47 
4263 -398 46 
4261 -398 46 
4260 -398 46 
4258 -398 46 
4256 -397 45 
4254 -397 45 
4251 -397 45 
4249 -397 45 
4246 -397 45 
4243 -397 45 
4241 -397 44 
4238 -397 44 
4234 -397 44 
4231 -397 44 
4228 -397 44 
4224 -397 44 
4221 -397 44 
4217 -397 44 
4214 -397 44 
4210 -397 44 
4206 -397 44 
4202 -397 44 
4198 -397 44 
4194 -397 44 
4190 -397 43 
4190 -406 51 
4186 -412 51 
4181 -417 50 
4177 -423 50 
4173 -428 50 
4168 -433 50 
4164 -438 50 
4160 -443 50 
4155 -448 50 
4151 -452 50 
4146 -457 50 
4142 -461 49 
4137 -466 49 
4132 -470 49 
4128 -474 49 
4123 -478 49 
4118 -481 49 
4114 -485 49 
4109 -489 49 
4104 -492 49 
4099 -495 48 
4094 -499 48 
4089 -502 48 
4084 -505 48 
4079 -507 48 
4074 -510 48 
4069 -513 48 
4064 -515 48 
4059 -517 47 
4054 -520 47 
4049 -522 47 
4043 -524 47 
4038 -526 47 
4033 -527 47 
4028 -529 47 
4022 -531 46 
4017 -532 46 
4011 -533 46 
4006 -534 46 
4001 -536 46 
3995 -537 46 
3989 -537 45 
3984 -538 45 
3978 -539 45 
3973 -539 45 
3967 -540 45 
3961 -540 44 
3955 -540 44 
3950 -540 44 
3944 -540 43 
3938 -540 43 
3932 -540 43 
3927 -540 44 
3921 -540 44 
3915 -539 44 
3910 -539 44 
3904 -539 45 
3898 -538 45 
3892 -537 45 
3886 -536 45 
3880 -535 45 
3874 -534 45 
3868 -533 45 
3862 -532 46 
3856 -530 46 
3850 -529 46 
3844 -527 46 
3838 -526 46 
3832 -524 46 
3826 -522 46 
3820 -520 46 
3813 -518 46 
3807 -516 46 
3801 -514 46 
3795 -512 47 
3788 -509 47 
3782 -507 47 
3776 -504 47 
3769 -501 47 
3763 -499 47 
3756 -496 47 
3750 -493 47 
3743 -490 47 
3737 -487 47 
3730 -483 47 
3724 -480 47 
3717 -477 47 
3711 -473 47 
3704 -469 47 
3697 -466 48 
3691 -462 48 
3684 -458 48 
3677 -454 48 
3671 -450 48 
3665 -457 49 
3658 -462 49 
3651 -468 49 
3644 -473 49 
3638 -479 49 
3631 -484 49 
3624 -489 48 
3617 -494 48 
3610 -499 48 
3603 -503 48 
3596 -508 48 
3590 -512 48 
3583 -517 48 
3576 -521 48 
3569 -525 48 
3562 -529 48 
3555 -532 47 
3548 -536 47 
3541 -540 47 
3533 -543 47 
3526 -546 47 
3519 -549 47 
3512 -552 47 
3505 -555 47 
3498 -558 47 
3491 -561 46 
3483 -564 46 
3476 -566 46 
3469 -568 46 
3462 -571 46 
3454 -573 46 
3447 -575 46 
3440 -577 46 
3432 -578 45 
3425 -580 45 
3418 -582 45 
3410 -583 45 
3403 -584 45 
3395 -585 45 
3388 -587 45 
3380 -588 44 
3373 -588 44 
3365 -589 44 
3358 -590 44 
3350 -590 44 
3342 -591 43 
3335 -591 43 
3327 -591 43 
3319 -591 43 
3312 -591 42 
3304 -591 41 
3297 -591 42 
3289 -591 43 
3282 -591 43 
3274 -591 43 
3267 -590 43 
3259 -590 44 
3251 -589 44 
3244 -588 44 
3236 -587 44 
3229 -586 44 
3221 -585 44 
3213 -584 44 
3206 -583 45 
3198 -582 45 
3190 -580 45 
3182 -579 45 
3175 -577 45 
3167 -575 45 
3159 -573 45 
3151 -571 45 
3143 -569 45 
3135 -567 45 
3128 -565 46 
3120 -563 46 
3112 -560 46 
3104 -558 46 
3096 -555 46 
3088 -553 46 
3080 -550 46 
3070 -545 41 
3062 -545 41 
3055 -545 41 
3048 -545 41 
3040 -546 41 
3034 -546 42 
3027 -546 42 
3020 -546 42 
3013 -546 42 
3007 -546 42 
3001 -546 42 
2994 -546 42 
2988 -546 42 
2982 -546 42 
2976 -546 42 
2974 -555 49 
2967 -561 49 
2961 -567 49 
2955 -572 49 
2949 -577 49 
2943 -582 49 
2937 -588 49 
2931 -592 49 
2924 -597 49 
2918 -602 49 
2910 -597 45 
2904 -597 45 
2898 -597 45 
2891 -597 45 
2885 -597 45 
2878 -597 45 
2872 -597 45 
2866 -597 45 
2859 -597 45 
2853 -597 45 
2846 -597 45 
2840 -597 45 
2833 -597 45 
2827 -597 45 
2820 -597 45 
2814 -597 45 
2807 -597 45 
2800 -597 45 
2794 -597 45 
2787 -597 45 
2780 -597 45 
2774 -597 45 
2767 -597 45 
2760 -597 45 
2753 -597 45 
2746 -597 45 
2740 -597 45 
2733 -597 45 
2726 -597 45 
2719 -597 45 
2712 -597 45 
2705 -597 45 
2698 -597 45 
2691 -597 45 
2684 -597 45 
2677 -597 45 
2670 -597 45 
2663 -597 45 
2656 -597 45 
2649 -597 45 
2642 -597 45 
2635 -597 44 
2628 -597 44 
2621 -597 44 
2613 -597 44 
2606 -597 44 
2599 -597 44 
2592 -597 44 
2584 -597 44 
2577 -597 44 
2570 -597 44 
2563 -597 44 
2555 -597 44 
2548 -597 44 
2541 -597 44 
2533 -597 44 
2526 -597 44 
2518 -597 44 
2511 -597 44 
2504 -597 44 
2496 -597 44 
2489 -597 44 
2481 -597 44 
2474 -597 44 
2466 -597 44 
2459 -597 44 
2451 -597 44 
2443 -597 44 
2436 -597 44 
2428 -597 44 
2421 -597 44 
2413 -597 44 
2405 -597 44 
2398 -597 44 
2390 -597 44 
2382 -597 44 
2375 -597 44 
2367 -597 44 
2359 -597 44 
2351 -597 44 
2344 -597 44 
2336 -597 44 
2328 -597 44 
2320 -597 44 
2312 -597 44 
2305 -597 44 
2297 -597 44 
2289 -597 44 
2281 -597 44 
2273 -597 44 
2265 -597 44 
2257 -597 44 
2249 -597 44 
2241 -597 44 
2233 -597 44 
2225 -597 44 
2217 -597 44 
2209 -597 44 
2201 -597 44 
2193 -597 44 
2185 -597 44 
2177 -597 44 
2169 -597 44 
2161 -597 44 
2153 -597 44 
2145 -597 44 
2137 -597 44 
2129 -597 44 
2121 -597 44 
2112 -597 44 
2104 -597 44 
2096 -597 44 
2088 -597 44 
2080 -597 44 
2071 -597 44 
2063 -597 44 
2055 -597 44 
2047 -597 44 
2038 -597 44 
2030 -597 44 
2022 -597 44 
2014 -597 44 
2005 -597 44 
1997 -597 44 
1989 -597 44 
1980 -597 44 
1972 -597 44 
1964 -597 44 
1955 -597 44 
1947 -597 44 
1941 -593 48 
1932 -587 48 
1924 -581 48 
1915 -575 48 
1907 -569 48 
1899 -563 48 
1890 -556 48 
1882 -550 48 
1870 -545 41 
1862 -545 41 
1854 -545 41 
1846 -545 41 
1839 -545 41 
1832 -545 41 
1825 -546 41 
1818 -546 42 
1811 -546 42 
1804 -546 42 
1797 -546 42 
1791 -546 42 
1784 -546 42 
1778 -546 42 
1772 -546 42 
