144 0 
0 0 
1050 1365 
1050 1365 
1050 1365 
1050 1366 
1050 1366 
1050 1367 
1050 1367 
1050 1368 
1050 1369 
1050 1370 
1050 1371 
1050 1372 
1050 1374 
1050 1375 
1050 1377 
1050 1378 
1050 1380 
1050 1382 
1050 1384 
1050 1386 
1050 1388 
1050 1390 
1050 1392 
1050 1394 
1050 1397 
1050 1399 
1050 1402 
1050 1405 
1050 1408 
1050 1411 
1050 1414 
1050 1417 
1050 1420 
1050 1423 
1050 1426 
1050 1430 
1050 1433 
1050 1437 
1050 1441 
1050 1444 
1050 1448 
1050 1449 
1050 1449 
1050 1449 
1050 1449 
1050 1449 
1050 1449 
1050 1449 
1050 1449 
1050 1449 
1050 1449 
1050 1449 
1050 1449 
1050 1449 
1050 1449 
1050 1449 
1050 1449 
1050 1449 
1050 1449 
1050 1449 
1050 1449 
1050 1449 
1050 1449 
1050 1449 
1050 1449 
1050 1449 
1050 1449 
1050 1449 
1050 1449 
1050 1449 
1050 1449 
1050 1449 
1050 1449 
1050 1449 
1050 1449 
1050 1449 
1051 1449 
1052 1449 
1053 1449 
1054 1449 
1055 1449 
1056 1449 
1057 1449 
1058 1449 
1060 1449 
1061 1449 
1063 1449 
1064 1449 
1066 1449 
1068 1449 
1070 1449 
1071 1449 
1073 1449 
1075 1449 
1077 1449 
1079 1449 
1081 1449 
1083 1449 
1086 1449 
1088 1449 
1090 1449 
1092 1449 
1094 1449 
1097 1449 
1099 1449 
1101 1449 
1104 1449 
1106 1449 
1108 1449 
1111 1449 
1113 1449 
1115 1449 
1117 1449 
1119 1449 
1121 1449 
1122 1449 
1124 1449 
1125 1449 
1126 1449 
1128 1449 
1129 1449 
1130 1449 
1131 1449 
1132 1449 
1133 1449 
1134 1449 
1135 1449 
1135 1449 
1136 1449 
1136 1449 
1136 1449 
1136 1449 
1136 1449 
1135 1449 
1134 1449 
1132 1449 
1131 1449 
1129 1449 
1127 1449 
1125 1449 
1123 1449 
1120 1449 
1118 1449 
1115 1449 
1112 1449 
1109 1449 
1106 1449 
1103 1449 
1100 1449 
1096 1449 
1093 1449 
1089 1449 
1086 1449 
1082 1449 
1078 1449 
1074 1449 
1070 1449 
1066 1449 
1062 1449 
1058 1449 
1054 1444 
1050 1438 
1045 1432 
1041 1427 
1037 1421 
1033 1416 
1028 1411 
1024 1406 
1019 1401 
1015 1397 
1010 1392 
1006 1388 
1001 1383 
997 1379 
992 1375 
987 1371 
983 1367 
978 1364 
973 1360 
968 1356 
963 1353 
959 1350 
954 1347 
949 1344 
944 1341 
939 1338 
934 1336 
929 1333 
924 1331 
919 1328 
914 1326 
909 1324 
904 1322 
900 1320 
900 1319 
900 1317 
900 1315 
900 1314 
900 1313 
900 1312 
900 1311 
900 1310 
900 1309 
900 1308 
911 1302 
922 1296 
933 1291 
944 1285 
955 1280 
966 1275 
977 1270 
988 1265 
999 1260 
1010 1255 
1021 1251 
1032 1246 
1044 1242 
1055 1238 
1066 1234 
1077 1230 
1088 1226 
1098 1222 
1109 1219 
1120 1215 
1131 1212 
1142 1208 
1153 1205 
1164 1202 
1175 1199 
1186 1197 
1197 1194 
1208 1192 
1219 1189 
1230 1187 
1241 1185 
1252 1183 
1263 1181 
1274 1179 
1284 1177 
1295 1176 
1299 1174 
1299 1173 
1299 1171 
1288 1165 
1277 1160 
1267 1154 
1256 1149 
1245 1143 
1234 1138 
1224 1133 
1213 1128 
1203 1123 
1192 1119 
1182 1114 
1172 1110 
1161 1105 
1151 1101 
1141 1097 
1131 1093 
1121 1089 
1110 1085 
1100 1082 
1090 1078 
1080 1075 
1069 1072 
1059 1069 
1049 1066 
1039 1063 
1029 1060 
1018 1057 
1008 1055 
998 1052 
988 1050 
978 1048 
967 1046 
957 1044 
947 1042 
937 1040 
927 1039 
916 1037 
906 1036 
900 1035 
911 1029 
922 1023 
932 1017 
943 1012 
954 1007 
965 1001 
975 996 
986 991 
996 987 
1007 982 
1017 977 
1028 973 
1038 969 
1049 964 
1059 960 
1070 956 
1080 952 
1091 949 
1101 945 
1111 942 
1122 938 
1132 935 
1143 932 
1153 929 
1164 926 
1174 923 
1185 921 
1195 918 
1205 916 
1216 914 
1226 911 
1237 909 
1247 907 
1258 905 
1268 904 
1278 902 
1289 901 
1299 899 
1299 898 
1299 897 
1288 891 
1277 885 
1267 880 
1256 874 
1245 869 
1234 864 
1224 859 
1213 854 
1203 849 
1192 844 
1182 839 
1172 835 
1161 831 
1151 826 
1141 822 
1131 818 
1120 815 
1110 811 
1100 807 
1089 804 
1079 800 
1069 797 
1059 794 
1048 791 
1038 788 
1028 786 
1018 783 
1007 780 
997 778 
987 776 
977 773 
966 771 
956 769 
946 768 
936 766 
927 764 
917 763 
907 761 
900 760 
911 754 
921 749 
932 743 
943 737 
954 732 
965 727 
976 722 
987 717 
998 712 
1008 707 
1019 703 
1030 698 
1041 694 
1052 690 
1063 686 
1073 682 
1084 678 
1095 674 
1106 671 
1117 667 
1128 664 
1138 661 
1149 657 
1160 654 
1171 652 
1181 649 
1192 646 
1203 644 
1214 641 
1225 639 
1235 637 
1246 635 
1256 633 
1267 631 
1277 629 
1288 628 
1298 626 
1287 620 
1276 615 
1265 609 
1254 603 
1244 598 
1233 593 
1222 588 
1212 583 
1201 578 
1190 573 
1180 569 
1169 564 
1159 560 
1148 556 
1137 552 
1127 548 
1116 544 
1106 540 
1095 537 
1085 533 
1074 530 
1063 527 
1053 523 
1042 520 
1032 518 
1021 515 
1011 512 
1000 510 
990 507 
979 505 
968 503 
958 501 
947 499 
937 497 
926 495 
916 494 
905 492 
900 491 
911 485 
922 479 
932 474 
943 468 
954 463 
965 457 
976 452 
987 447 
998 443 
1008 438 
1019 433 
1030 429 
1041 425 
1052 420 
1063 416 
1074 412 
1084 408 
1095 405 
1106 401 
1117 398 
1128 394 
1138 391 
1149 388 
1160 385 
1171 382 
1182 379 
1192 377 
1203 374 
1214 372 
1225 370 
1235 367 
1246 365 
1257 363 
1268 362 
1278 360 
1289 358 
1299 357 
1299 355 
1299 354 
1299 353 
1299 352 
1299 351 
1299 350 
1299 349 
1299 349 
1299 348 
1299 348 
1299 347 
1299 347 
1299 347 
1299 347 
1299 347 
1299 347 
1299 348 
1299 348 
1299 349 
1299 349 
1299 350 
1299 351 
1299 352 
1299 353 
1299 354 
1299 355 
1299 356 
1299 358 
1299 359 
1299 361 
1299 363 
1299 364 
1299 366 
1299 368 
1299 370 
1299 373 
1299 375 
1299 377 
1299 380 
1299 382 
1299 385 
1299 388 
1299 390 
1299 393 
1299 396 
1299 399 
1299 403 
1299 406 
1299 409 
1299 413 
1299 416 
1299 420 
1299 423 
1299 427 
1299 431 
1299 435 
1299 439 
1299 443 
1299 447 
1299 452 
1299 456 
1299 461 
1288 455 
1277 449 
1267 443 
1256 438 
1245 433 
1234 427 
1224 422 
1213 417 
1203 412 
1192 408 
1182 403 
1172 399 
1161 394 
1151 390 
1141 386 
1130 382 
1120 378 
1110 375 
1099 371 
1089 368 
1079 364 
1068 361 
1058 358 
1048 355 
1037 352 
1027 349 
1017 347 
1006 344 
996 342 
986 339 
975 337 
965 335 
955 333 
944 331 
934 330 
924 328 
913 327 
903 325 
900 324 
900 323 
900 322 
900 321 
900 320 
900 319 
900 319 
900 318 
900 318 
900 317 
911 311 
921 306 
932 300 
943 295 
954 289 
965 284 
976 279 
987 274 
998 269 
1008 264 
1019 260 
1030 255 
1041 251 
1052 247 
1063 243 
1073 239 
1084 235 
1095 231 
1106 228 
1117 224 
1128 221 
1138 218 
1149 215 
1160 212 
1171 209 
1181 206 
1192 203 
1203 201 
1214 198 
1225 196 
1235 194 
1246 192 
1257 190 
1268 188 
1278 186 
1289 185 
1300 183 
1310 182 
1321 181 
1332 179 
1343 178 
1353 177 
1364 177 
1375 176 
1385 175 
1396 175 
1407 174 
1417 174 
1428 174 
1439 174 
1450 174 
1460 174 
1471 174 
1482 174 
1492 175 
1503 175 
1513 176 
1524 177 
1535 177 
1545 178 
1556 179 
1567 180 
1577 182 
1588 183 
1599 184 
1609 186 
1620 188 
1630 189 
1641 191 
1652 193 
1662 195 
1673 197 
1683 199 
1694 201 
1705 204 
1715 206 
1726 209 
1736 211 
1747 214 
1757 217 
1768 220 
1779 223 
1789 226 
1800 229 
1810 232 
1821 236 
1831 239 
1842 243 
1852 246 
1863 249 
1873 244 
1883 238 
1894 232 
1904 227 
1914 221 
1924 216 
1934 211 
1944 206 
1955 201 
1965 197 
1975 192 
1985 188 
1995 183 
2005 179 
2016 175 
2026 171 
2036 167 
2046 163 
2056 160 
2067 156 
2077 153 
2087 150 
2097 147 
2107 149 
2117 149 
2128 149 
2138 149 
2148 150 
2158 150 
2168 151 
2178 152 
2189 152 
2199 153 
2209 154 
2219 155 
2229 157 
2239 158 
2250 159 
2260 161 
2270 163 
2280 164 
2290 166 
2300 168 
2310 170 
2321 172 
2331 174 
2341 176 
2351 179 
2361 181 
2371 184 
2382 186 
2392 189 
2402 192 
2412 195 
2422 198 
2432 202 
2442 206 
2453 209 
2463 214 
2473 218 
2483 222 
2493 227 
2503 232 
2514 237 
2524 242 
2534 247 
2544 253 
2554 258 
2564 264 
2574 270 
2585 277 
2595 283 
2605 290 
2615 296 
2625 303 
2635 311 
2645 318 
2649 325 
2649 333 
2649 341 
2649 349 
2649 357 
2649 365 
2649 374 
2649 382 
2649 391 
2649 400 
2649 409 
2649 419 
2649 428 
2649 438 
2649 448 
2649 458 
2649 468 
2649 478 
2649 489 
2649 499 
2649 510 
2649 521 
2649 532 
2649 543 
2649 554 
2649 564 
2649 564 
2649 559 
2649 553 
2649 548 
2648 543 
2648 538 
2648 533 
2648 529 
2647 524 
2647 520 
2646 516 
2646 512 
2645 508 
2645 504 
2644 500 
2643 497 
2643 493 
2642 490 
2641 486 
2640 483 
2639 480 
2638 478 
2637 475 
2636 472 
2634 470 
2633 467 
2632 465 
2630 463 
2629 461 
2627 459 
2626 457 
2624 455 
2622 454 
2621 452 
2619 451 
2617 449 
2615 448 
2613 447 
2611 446 
2609 445 
2607 445 
2605 444 
2603 443 
2600 443 
2598 443 
2596 443 
2593 442 
2591 442 
2589 443 
2586 443 
2583 443 
2581 444 
2578 444 
2575 445 
2573 445 
2570 446 
2567 447 
2564 448 
2561 449 
2558 450 
2555 452 
2552 453 
2549 455 
2546 456 
2542 458 
2539 460 
2536 462 
2532 464 
2529 466 
2526 468 
2522 470 
2519 473 
2515 475 
2511 478 
2508 480 
2504 483 
2500 486 
2497 489 
2493 492 
2489 495 
2485 498 
2481 501 
2477 505 
2473 508 
2469 511 
2465 515 
2461 519 
2457 523 
2453 526 
2448 530 
2444 534 
2440 539 
2435 543 
2431 547 
2427 549 
2422 549 
2418 544 
2413 538 
2409 532 
2404 527 
2399 521 
2395 516 
2390 511 
2385 506 
2381 501 
2376 497 
2371 492 
2366 488 
2361 483 
2356 479 
2352 475 
2347 471 
2342 467 
2336 463 
2331 460 
2326 456 
2321 453 
2316 450 
2311 447 
2306 449 
2300 449 
2295 449 
2290 449 
2284 450 
2279 450 
2274 451 
2268 452 
2263 452 
2257 453 
2252 454 
2246 456 
2240 457 
2235 458 
2229 459 
2224 461 
2218 463 
2212 464 
2206 466 
2201 468 
2195 470 
2189 472 
2183 474 
2177 476 
2171 479 
2165 481 
2159 484 
2153 486 
2147 489 
2141 492 
2135 495 
2129 498 
2123 501 
2117 504 
2111 507 
2105 511 
2098 514 
2092 518 
2086 521 
2080 525 
2073 529 
2067 533 
2061 537 
2054 541 
2048 545 
2041 549 
2035 543 
2029 537 
2022 532 
2016 526 
2009 521 
2003 516 
1996 511 
1990 506 
1983 501 
1977 496 
1970 491 
1964 487 
1957 483 
1951 479 
1944 474 
1937 470 
1930 467 
1924 463 
1917 459 
1910 456 
1903 453 
1897 449 
1890 446 
1883 448 
1876 448 
1869 449 
1862 449 
1855 449 
1849 450 
1842 450 
1835 451 
1828 452 
1821 453 
1813 454 
1806 455 
1799 456 
1792 458 
1785 459 
1778 461 
1771 464 
1764 466 
1756 468 
1749 471 
1742 474 
1735 477 
1728 480 
1720 484 
1713 487 
1706 491 
1698 495 
1691 500 
1684 504 
1676 509 
1669 513 
1661 518 
1654 524 
1646 529 
1639 534 
1632 540 
1624 546 
1617 552 
1609 558 
1601 565 
1594 571 
1586 578 
1579 585 
1571 592 
1563 599 
1556 607 
1548 614 
1540 622 
1533 630 
1525 638 
1517 647 
1510 655 
1502 664 
1500 673 
1500 682 
1500 691 
1500 700 
1500 710 
1500 719 
1500 729 
1500 739 
1500 749 
1500 759 
1500 770 
1500 780 
1500 791 
1500 802 
1500 813 
1500 824 
1500 836 
1500 847 
1500 859 
1500 871 
1500 883 
1500 895 
1500 907 
1500 919 
1500 932 
1500 945 
1500 957 
1500 970 
1500 984 
1500 997 
1500 1010 
1500 1024 
1500 1038 
1500 1051 
1500 1065 
1500 1080 
1500 1094 
1500 1108 
1500 1123 
1500 1138 
1500 1149 
1500 1144 
1500 1138 
1500 1132 
1501 1127 
1501 1121 
1501 1116 
1501 1111 
1502 1106 
1502 1101 
1502 1097 
1503 1092 
1504 1088 
1504 1083 
1505 1079 
1506 1075 
1506 1071 
1507 1067 
1508 1063 
1509 1060 
1510 1056 
1511 1053 
1512 1050 
1513 1047 
1515 1044 
1516 1041 
1517 1038 
1519 1035 
1520 1033 
1522 1031 
1523 1028 
1525 1026 
1527 1024 
1528 1022 
1530 1020 
1532 1019 
1534 1017 
1536 1015 
1538 1014 
1540 1013 
1542 1012 
1544 1011 
1546 1010 
1548 1009 
1551 1008 
1553 1007 
1556 1007 
1558 1006 
1560 1006 
1563 1006 
1566 1006 
1568 1006 
1571 1006 
1574 1006 
1576 1006 
1579 1007 
1582 1007 
1585 1008 
1588 1009 
1591 1010 
1594 1010 
1597 1011 
1599 1013 
1599 1014 
1599 1015 
1599 1017 
1599 1018 
1599 1020 
1599 1021 
1599 1023 
1599 1025 
1599 1027 
1599 1029 
1599 1031 
1599 1034 
1599 1036 
1599 1038 
1600 1041 
1600 1044 
1600 1046 
1600 1049 
1601 1052 
1601 1055 
1602 1058 
1602 1061 
1603 1065 
1603 1068 
1604 1071 
1605 1075 
1606 1078 
1607 1082 
1608 1086 
1609 1090 
1610 1094 
1611 1098 
1612 1102 
1613 1106 
1615 1110 
1616 1115 
1617 1119 
1619 1124 
1620 1128 
1622 1133 
1624 1138 
1625 1143 
1627 1148 
1629 1149 
1631 1149 
1633 1149 
1636 1149 
1638 1149 
1641 1149 
1644 1149 
1647 1149 
1650 1149 
1653 1149 
1657 1149 
1660 1149 
1664 1149 
1667 1149 
1671 1149 
1675 1149 
1678 1149 
1682 1149 
1686 1149 
1690 1149 
1694 1149 
1698 1149 
1703 1149 
1707 1149 
1711 1149 
1715 1149 
1720 1149 
1724 1149 
1728 1149 
1733 1149 
1737 1149 
1742 1149 
1746 1149 
1751 1144 
1755 1138 
1760 1132 
1764 1127 
1769 1121 
1774 1116 
1778 1111 
1783 1106 
1788 1101 
1793 1097 
1798 1092 
1802 1088 
1807 1083 
1812 1079 
1817 1075 
1822 1071 
1827 1067 
1832 1064 
1837 1060 
1843 1056 
1848 1053 
1853 1050 
1858 1047 
1864 1044 
1869 1041 
1874 1038 
1879 1036 
1885 1033 
1890 1031 
1896 1028 
1899 1026 
1899 1024 
1899 1022 
1899 1020 
1899 1019 
1899 1017 
1899 1015 
1899 1014 
1899 1013 
1899 1012 
1899 1011 
1899 1010 
1899 1009 
1899 1008 
1899 1007 
1888 1002 
1878 996 
1867 990 
1856 985 
1846 979 
1835 974 
1825 969 
1814 964 
1804 959 
1800 955 
1800 950 
1800 946 
1800 941 
1800 937 
1800 933 
1800 929 
1800 925 
1800 921 
1800 918 
1800 914 
1800 911 
1800 908 
1800 905 
1800 902 
1800 899 
1800 896 
1800 893 
1800 891 
1800 889 
1800 886 
1800 884 
1800 882 
1800 880 
1800 878 
1800 877 
1811 871 
1821 865 
1832 859 
1843 854 
1853 848 
1863 843 
1874 838 
1884 833 
1894 828 
1904 824 
1913 819 
1923 815 
1933 810 
1943 806 
1952 802 
1962 798 
1971 794 
1981 791 
1990 787 
2000 784 
2010 781 
2019 778 
2029 775 
2038 773 
2048 771 
2057 769 
2067 767 
2077 766 
2086 764 
2096 763 
2105 762 
2115 762 
2125 761 
2134 761 
2144 761 
2153 761 
2163 762 
2173 762 
2182 763 
2192 764 
2202 765 
2211 767 
2221 768 
2230 770 
2240 772 
2250 774 
2259 777 
2269 779 
2279 782 
2288 785 
2298 788 
2308 792 
2317 795 
2327 799 
2337 803 
2346 807 
2356 811 
2366 816 
2375 820 
2385 825 
2395 830 
2404 836 
2414 841 
2424 847 
2433 852 
2443 858 
2453 865 
2462 871 
2472 877 
2482 884 
2492 891 
2501 898 
2511 905 
2521 912 
2530 920 
2540 928 
2550 936 
2559 944 
2569 952 
2579 960 
2589 969 
2598 977 
2608 986 
2618 995 
2628 1005 
2637 1014 
2647 1024 
2649 1033 
2649 1043 
2649 1053 
2649 1063 
2649 1074 
2649 1084 
2649 1095 
2649 1106 
2649 1117 
2649 1128 
2649 1139 
2649 1150 
2649 1162 
2638 1156 
2627 1150 
2617 1144 
2606 1139 
2595 1134 
2584 1128 
2574 1123 
2563 1118 
2552 1114 
2542 1109 
2531 1104 
2520 1100 
2510 1096 
2499 1091 
2488 1087 
2478 1083 
2467 1079 
2456 1076 
2446 1072 
2435 1069 
2424 1065 
2414 1062 
2403 1059 
2393 1056 
2382 1053 
2371 1050 
2361 1048 
2350 1045 
2340 1048 
2329 1048 
2318 1048 
2308 1048 
2297 1049 
2287 1049 
2276 1050 
2265 1051 
2255 1052 
2244 1053 
2234 1055 
2223 1057 
2213 1059 
2202 1061 
2192 1063 
2181 1066 
2170 1068 
2160 1071 
2149 1074 
2139 1078 
2128 1081 
2118 1085 
2107 1089 
2100 1093 
2100 1097 
2100 1101 
2100 1106 
2100 1111 
2100 1116 
2100 1121 
2100 1126 
2100 1132 
2100 1138 
2100 1143 
2100 1150 
2100 1156 
2100 1162 
2100 1169 
2100 1176 
2100 1183 
2100 1190 
2100 1197 
2100 1204 
2100 1212 
2100 1220 
2100 1228 
2100 1236 
2100 1244 
2100 1253 
2100 1261 
2100 1270 
2100 1279 
2100 1288 
2100 1297 
2100 1306 
2100 1315 
2100 1324 
2100 1333 
2099 1342 
2099 1351 
2099 1361 
2099 1370 
2098 1380 
2098 1389 
2097 1399 
2097 1408 
2096 1418 
2096 1428 
2095 1437 
2094 1447 
2093 1449 
2092 1449 
2091 1449 
2089 1449 
2087 1449 
2085 1449 
2083 1449 
2081 1449 
2079 1449 
2076 1449 
2073 1449 
2070 1449 
2067 1449 
2064 1449 
2061 1449 
2058 1449 
2054 1449 
2051 1449 
2047 1449 
2044 1449 
2040 1449 
2036 1449 
2032 1449 
2028 1449 
2024 1449 
2020 1449 
2016 1449 
2012 1449 
2008 1449 
2003 1449 
1999 1449 
1995 1449 
1990 1444 
1986 1438 
1982 1432 
1977 1427 
1973 1421 
1968 1416 
1964 1411 
1959 1406 
1954 1401 
1950 1397 
1945 1392 
1940 1388 
1936 1383 
1931 1379 
1926 1375 
1921 1371 
1916 1367 
1911 1364 
1906 1360 
1901 1356 
1896 1353 
1891 1350 
1886 1347 
1881 1349 
1876 1349 
1871 1349 
