144 0 
0 0 
100 315 
100 315 
100 315 
100 316 
100 316 
100 317 
100 317 
100 318 
100 319 
101 320 
101 321 
101 322 
101 324 
101 325 
101 327 
101 328 
102 330 
102 332 
102 334 
103 336 
103 338 
104 340 
104 342 
105 344 
105 347 
106 349 
107 349 
108 349 
110 349 
112 349 
113 349 
115 349 
118 349 
120 349 
123 349 
125 349 
128 349 
131 349 
134 349 
137 349 
141 349 
144 349 
147 349 
151 349 
155 349 
158 349 
162 349 
166 349 
170 349 
174 349 
178 349 
182 349 
186 349 
190 349 
194 349 
199 349 
203 349 
207 349 
212 349 
216 349 
221 349 
225 349 
229 349 
234 349 
239 349 
243 349 
248 349 
252 349 
257 350 
261 350 
266 351 
271 352 
276 353 
280 354 
285 355 
290 357 
295 359 
300 361 
305 363 
310 364 
315 364 
319 364 
324 364 
329 364 
334 364 
339 364 
344 364 
349 364 
354 364 
359 364 
364 364 
368 364 
373 364 
378 364 
383 364 
388 364 
393 364 
398 364 
403 364 
408 364 
412 364 
417 364 
422 364 
427 364 
432 364 
437 364 
442 364 
447 364 
451 364 
456 364 
461 364 
466 364 
471 364 
476 364 
481 364 
486 364 
490 364 
495 364 
500 364 
505 364 
510 364 
515 364 
520 364 
525 364 
529 364 
534 364 
539 364 
544 364 
549 364 
554 364 
559 364 
563 364 
568 364 
573 364 
578 364 
583 364 
588 359 
593 353 
598 348 
603 343 
608 338 
613 333 
618 328 
623 324 
628 319 
633 315 
638 311 
643 307 
649 303 
654 299 
659 295 
665 292 
670 288 
675 285 
681 282 
686 279 
692 276 
697 273 
703 270 
708 268 
714 265 
720 263 
725 260 
731 258 
737 256 
742 254 
748 253 
754 251 
760 249 
766 248 
771 246 
777 245 
783 244 
789 243 
794 242 
800 241 
806 240 
812 240 
818 239 
824 239 
830 239 
836 239 
842 238 
848 238 
849 239 
849 239 
849 239 
849 240 
849 240 
849 241 
849 242 
849 242 
849 243 
849 244 
849 245 
849 247 
849 248 
849 249 
849 249 
849 249 
849 249 
849 249 
849 249 
849 249 
849 249 
849 249 
849 249 
849 249 
849 249 
849 249 
849 249 
849 249 
849 249 
849 244 
849 238 
849 232 
849 227 
849 221 
849 216 
849 211 
849 206 
849 201 
849 197 
849 192 
849 188 
849 183 
849 179 
849 175 
849 171 
849 167 
849 163 
849 160 
850 156 
850 153 
850 150 
850 147 
851 144 
851 141 
852 138 
852 135 
853 133 
853 131 
854 128 
855 126 
856 124 
857 122 
858 121 
859 120 
860 123 
861 124 
862 124 
863 125 
865 126 
866 127 
867 128 
869 129 
870 131 
872 133 
874 135 
875 137 
877 139 
879 142 
881 145 
883 148 
885 151 
887 154 
889 158 
891 162 
893 164 
895 164 
898 164 
900 164 
903 164 
906 164 
909 164 
912 164 
915 164 
919 164 
922 164 
926 164 
929 164 
933 164 
937 164 
941 164 
944 164 
948 164 
949 164 
949 164 
949 159 
949 153 
950 148 
950 143 
950 138 
950 133 
951 129 
951 125 
952 121 
952 122 
953 122 
953 123 
954 123 
955 124 
956 125 
957 127 
958 128 
959 130 
960 131 
961 133 
962 136 
963 138 
965 139 
966 139 
968 139 
970 139 
973 139 
975 139 
978 139 
980 139 
983 139 
986 139 
989 139 
992 139 
996 139 
999 139 
1003 139 
1006 139 
1010 139 
1013 139 
1017 139 
1021 139 
1025 139 
1029 139 
1033 139 
1037 139 
1041 139 
1045 139 
1050 139 
1054 139 
1058 139 
1063 139 
1067 139 
1071 139 
1076 139 
1080 139 
1085 139 
1089 139 
1094 140 
1098 140 
1103 141 
1107 141 
1112 143 
1117 144 
1122 145 
1126 147 
1131 149 
1136 151 
1141 153 
1146 155 
1151 158 
1156 161 
1161 164 
1166 164 
1171 164 
1176 164 
1181 164 
1185 164 
1190 165 
1195 165 
1200 166 
1206 167 
1211 168 
1216 169 
1221 170 
1226 172 
1231 174 
1236 176 
1242 178 
1247 180 
1252 183 
1258 186 
1263 189 
1269 192 
1274 195 
1279 199 
1285 203 
1290 207 
1296 211 
1302 215 
1307 219 
1313 223 
1319 227 
1324 232 
1330 236 
1336 241 
1342 245 
1347 250 
1353 255 
1359 259 
1365 264 
1371 269 
1377 274 
1383 280 
1389 285 
1395 290 
1401 296 
1407 301 
1413 307 
1419 312 
1425 318 
1432 324 
1438 330 
1444 336 
1450 342 
1457 348 
1463 349 
1469 349 
1475 349 
1481 349 
1487 349 
1492 349 
1498 349 
1504 349 
1510 349 
1515 349 
1521 349 
1526 349 
1532 344 
1537 338 
1543 332 
1548 327 
1554 321 
1560 316 
1565 311 
1571 306 
1577 301 
1582 297 
1588 292 
1594 288 
1600 283 
1606 279 
1611 275 
1617 271 
1623 267 
1629 263 
1635 260 
1641 256 
1647 253 
1653 250 
1659 247 
1665 244 
1672 241 
1678 238 
1684 235 
1690 233 
1696 231 
1703 228 
1709 226 
1715 224 
1721 222 
1728 220 
1734 218 
1741 217 
1747 215 
1753 214 
1760 213 
1766 212 
1773 210 
1779 210 
1786 209 
1793 208 
1799 207 
1806 207 
1812 206 
1819 206 
1826 206 
1832 206 
1839 206 
1846 206 
1853 206 
1859 206 
1866 207 
1873 207 
1880 208 
1887 209 
1894 210 
1901 210 
1908 211 
1915 213 
1922 214 
1928 215 
1936 217 
1943 218 
1950 220 
1957 222 
1964 225 
1971 227 
1978 230 
1984 233 
1991 236 
1998 239 
2005 243 
2012 246 
2018 250 
2025 254 
2031 258 
2038 263 
2044 267 
2050 272 
2056 277 
2062 282 
2068 288 
2074 293 
2079 299 
2085 305 
2090 311 
2096 317 
2101 324 
2106 330 
2111 337 
2116 344 
2121 351 
2126 358 
2130 366 
2135 373 
2139 381 
2144 389 
2148 397 
2152 406 
2156 414 
2161 423 
2164 432 
2168 440 
2172 450 
2176 459 
2179 468 
2183 478 
2186 488 
2190 498 
2193 508 
2196 518 
2199 529 
2202 539 
2205 550 
2208 561 
2211 572 
2213 583 
2216 594 
2213 601 
2205 609 
2196 618 
2188 626 
2179 635 
2170 644 
2161 653 
2152 662 
2143 671 
2134 680 
2125 689 
2116 698 
2106 708 
2097 717 
2087 727 
2078 736 
2068 746 
2058 756 
2048 766 
2038 775 
2028 785 
2018 796 
2008 806 
1998 816 
1988 826 
1977 837 
1967 847 
1956 858 
1945 869 
1935 879 
1924 890 
1913 901 
1902 912 
1891 923 
1880 934 
1869 945 
1857 957 
1846 968 
1835 979 
1823 991 
1812 1002 
1793 1006 
1782 1017 
1771 1028 
1760 1039 
1749 1050 
1739 1044 
1728 1038 
1718 1033 
1708 1027 
1697 1022 
1687 1017 
1677 1012 
1666 1007 
1656 1002 
1646 997 
1635 993 
1625 988 
1615 984 
1604 980 
1594 975 
1584 972 
1573 968 
1563 964 
1553 960 
1543 957 
1532 954 
1522 950 
1512 947 
1501 944 
1491 941 
1481 939 
1470 936 
1460 933 
1450 931 
1440 929 
1429 927 
1419 925 
1409 923 
1398 921 
1388 919 
1378 917 
1367 916 
1357 915 
1347 913 
1337 912 
1326 911 
1316 910 
1306 909 
1296 909 
1285 908 
1275 907 
1265 907 
1254 907 
1244 906 
1234 906 
1224 906 
1213 906 
1203 907 
1193 907 
1183 907 
1172 908 
1162 909 
1152 909 
1142 910 
1131 911 
1121 912 
1111 913 
1101 914 
1090 916 
1080 917 
1070 919 
1060 920 
1049 922 
1039 924 
1029 926 
1019 928 
1008 930 
998 932 
988 934 
978 936 
967 939 
957 941 
947 944 
937 947 
927 950 
916 953 
906 956 
896 959 
886 962 
875 965 
865 968 
855 972 
845 975 
834 979 
824 983 
814 986 
804 990 
794 994 
783 998 
773 1002 
763 1007 
753 1011 
743 1015 
732 1020 
722 1024 
712 1029 
702 1034 
691 1038 
681 1043 
671 1048 
661 1053 
651 1058 
640 1064 
630 1069 
620 1074 
610 1080 
600 1085 
589 1091 
579 1096 
569 1102 
559 1108 
549 1114 
538 1120 
528 1126 
518 1132 
508 1138 
498 1144 
488 1151 
477 1157 
467 1163 
457 1170 
447 1177 
437 1183 
426 1190 
416 1197 
406 1204 
396 1211 
386 1218 
375 1225 
365 1232 
355 1239 
345 1247 
335 1249 
325 1249 
315 1249 
306 1249 
297 1249 
288 1249 
280 1249 
272 1249 
264 1249 
256 1249 
248 1249 
241 1249 
233 1249 
226 1249 
219 1249 
212 1249 
205 1249 
199 1249 
192 1249 
186 1249 
179 1249 
173 1249 
167 1249 
161 1249 
155 1249 
149 1249 
143 1249 
137 1249 
132 1249 
126 1249 
120 1249 
115 1249 
109 1249 
104 1249 
98 1249 
94 1249 
89 1249 
85 1249 
82 1249 
79 1249 
76 1249 
74 1249 
73 1249 
72 1249 
71 1249 
70 1249 
70 1249 
71 1249 
71 1249 
72 1249 
73 1249 
74 1249 
76 1249 
77 1249 
79 1249 
81 1249 
83 1249 
86 1249 
88 1249 
91 1249 
94 1249 
97 1249 
100 1249 
103 1249 
106 1249 
110 1249 
113 1249 
117 1249 
121 1249 
124 1249 
128 1249 
132 1249 
136 1249 
140 1249 
143 1249 
146 1249 
148 1249 
150 1249 
152 1249 
153 1249 
154 1249 
154 1249 
155 1249 
154 1249 
154 1249 
153 1249 
152 1249 
151 1249 
149 1249 
148 1249 
146 1249 
144 1249 
142 1249 
139 1249 
137 1249 
134 1249 
131 1249 
128 1249 
125 1249 
122 1249 
119 1249 
115 1249 
112 1249 
108 1249 
105 1249 
101 1249 
97 1249 
93 1249 
89 1249 
85 1249 
81 1249 
77 1249 
73 1249 
69 1249 
65 1249 
61 1249 
58 1250 
54 1250 
51 1250 
48 1250 
44 1251 
41 1252 
38 1252 
35 1253 
32 1254 
29 1255 
26 1256 
23 1257 
20 1259 
18 1260 
15 1262 
13 1263 
10 1265 
8 1267 
6 1269 
4 1271 
2 1273 
0 1275 
-1 1277 
-3 1279 
-5 1282 
-6 1284 
-8 1287 
-10 1290 
-11 1293 
-12 1295 
-14 1298 
-15 1302 
-16 1305 
-17 1309 
-18 1312 
-19 1316 
-20 1320 
-21 1325 
-22 1329 
-22 1334 
-23 1339 
-24 1344 
-24 1349 
-24 1355 
-25 1360 
-25 1366 
-25 1372 
-25 1378 
-26 1384 
-26 1391 
-26 1398 
-25 1404 
-25 1411 
-25 1419 
-25 1426 
-24 1434 
-24 1441 
-23 1449 
-23 1457 
-22 1466 
-22 1474 
-21 1482 
-20 1491 
-19 1500 
-18 1509 
-17 1518 
-16 1528 
-15 1537 
-14 1547 
-13 1557 
-12 1567 
-10 1577 
-9 1587 
-8 1598 
-6 1609 
-5 1619 
-3 1630 
-2 1642 
0 1653 
1 1664 
3 1676 
5 1688 
6 1699 
8 1712 
10 1724 
12 1736 
14 1749 
17 1761 
19 1774 
21 1787 
23 1800 
26 1813 
28 1827 
31 1840 
33 1854 
36 1867 
38 1881 
41 1895 
43 1910 
46 1924 
49 1939 
49 1953 
49 1968 
49 1983 
49 1998 
49 2013 
49 2028 
49 2044 
49 2059 
49 2075 
49 2091 
49 2107 
49 2123 
49 2139 
49 2156 
49 2172 
49 2189 
49 2205 
49 2222 
49 2239 
49 2256 
49 2274 
50 2291 
50 2308 
50 2326 
50 2344 
51 2362 
51 2364 
52 2364 
53 2364 
54 2364 
55 2364 
57 2364 
59 2349 
61 2349 
63 2349 
66 2349 
68 2349 
71 2349 
74 2349 
76 2349 
79 2349 
83 2349 
86 2349 
89 2349 
93 2349 
96 2349 
100 2349 
104 2349 
107 2349 
111 2349 
115 2349 
119 2349 
123 2349 
127 2349 
131 2349 
136 2349 
140 2349 
144 2349 
148 2349 
153 2349 
157 2349 
161 2349 
166 2349 
170 2349 
175 2349 
179 2349 
184 2349 
188 2349 
193 2349 
197 2349 
202 2349 
207 2349 
211 2349 
216 2349 
221 2349 
225 2349 
230 2349 
235 2349 
239 2349 
244 2349 
249 2349 
253 2349 
258 2349 
263 2349 
268 2349 
272 2349 
277 2349 
282 2349 
287 2349 
292 2349 
296 2349 
301 2349 
306 2349 
311 2349 
316 2349 
320 2349 
325 2349 
330 2349 
335 2349 
340 2349 
344 2349 
349 2349 
354 2349 
359 2344 
364 2338 
369 2332 
374 2327 
379 2321 
384 2316 
389 2311 
394 2306 
399 2301 
404 2297 
409 2292 
414 2288 
419 2283 
424 2279 
430 2275 
435 2271 
440 2267 
445 2264 
449 2260 
449 2256 
449 2253 
449 2250 
449 2247 
449 2244 
449 2241 
438 2235 
427 2229 
417 2224 
406 2218 
400 2213 
400 2208 
400 2203 
400 2198 
400 2193 
400 2188 
400 2184 
400 2179 
400 2175 
400 2171 
400 2166 
400 2163 
400 2159 
400 2155 
400 2151 
400 2148 
411 2142 
421 2136 
432 2131 
443 2125 
449 2120 
449 2115 
449 2110 
449 2105 
449 2100 
449 2095 
449 2091 
449 2086 
449 2082 
449 2078 
449 2073 
449 2069 
449 2066 
449 2062 
449 2058 
449 2055 
449 2052 
438 2046 
427 2040 
417 2034 
406 2029 
400 2024 
400 2018 
400 2013 
400 2008 
400 2003 
400 1999 
400 1994 
400 1990 
400 1985 
400 1981 
400 1977 
400 1973 
400 1969 
400 1966 
400 1962 
400 1959 
400 1955 
411 1949 
422 1944 
432 1938 
443 1933 
449 1927 
449 1922 
449 1917 
449 1912 
449 1907 
449 1902 
449 1898 
449 1893 
449 1889 
449 1885 
449 1881 
449 1877 
449 1873 
449 1869 
449 1866 
449 1862 
449 1859 
449 1856 
438 1850 
427 1844 
417 1838 
406 1833 
400 1828 
400 1822 
400 1817 
400 1812 
400 1807 
400 1803 
400 1798 
400 1794 
400 1789 
400 1785 
400 1781 
400 1777 
400 1773 
400 1770 
400 1766 
400 1763 
400 1759 
400 1756 
400 1753 
411 1747 
421 1741 
432 1736 
443 1730 
449 1725 
449 1720 
449 1715 
449 1710 
449 1705 
449 1700 
449 1696 
449 1691 
449 1687 
449 1683 
449 1678 
449 1675 
449 1671 
449 1667 
449 1663 
449 1660 
449 1657 
438 1651 
427 1645 
417 1639 
406 1634 
400 1629 
400 1623 
400 1618 
400 1613 
400 1608 
400 1604 
400 1599 
400 1595 
400 1590 
400 1586 
400 1582 
400 1578 
400 1574 
400 1571 
400 1567 
400 1564 
400 1560 
399 1557 
399 1554 
399 1551 
399 1548 
399 1545 
399 1543 
399 1540 
399 1538 
399 1535 
398 1533 
398 1531 
398 1529 
398 1527 
398 1526 
398 1524 
398 1523 
397 1521 
397 1520 
397 1519 
396 1518 
396 1517 
395 1516 
394 1515 
394 1515 
393 1514 
392 1514 
391 1513 
390 1513 
389 1513 
388 1513 
387 1513 
386 1513 
385 1514 
383 1514 
382 1515 
381 1515 
379 1516 
378 1517 
376 1518 
374 1519 
373 1520 
371 1521 
369 1522 
367 1524 
365 1525 
364 1527 
362 1529 
359 1530 
357 1532 
355 1534 
353 1536 
351 1538 
349 1541 
346 1543 
344 1546 
341 1548 
339 1549 
336 1549 
333 1549 
330 1549 
327 1549 
324 1549 
321 1549 
317 1549 
314 1549 
310 1549 
306 1549 
303 1549 
299 1549 
295 1549 
291 1549 
287 1549 
283 1549 
279 1549 
275 1549 
271 1549 
