144 2022-06-09
850 500 50 50 
850 499 49 50 
850 500 49 50 
850 500 49 50 
850 500 49 50 
851 501 49 50 
851 501 49 50 
852 502 49 50 
852 503 49 50 
853 504 49 50 
853 505 49 50 
854 506 49 50 
855 507 49 50 
856 508 49 50 
856 510 49 50 
857 511 49 50 
858 513 49 50 
859 515 49 50 
860 516 49 50 
862 518 49 50 
863 520 49 50 
864 522 49 50 
865 524 49 50 
867 527 48 51 
868 529 48 51 
870 531 48 51 
871 534 48 51 
873 537 48 51 
875 539 48 51 
876 542 48 51 
878 545 48 51 
880 548 48 51 
882 551 48 51 
884 554 48 51 
886 557 48 51 
888 561 48 51 
890 564 48 51 
892 568 48 51 
894 571 48 51 
896 575 48 51 
898 579 48 51 
901 583 48 51 
903 587 48 51 
906 591 48 51 
908 595 48 51 
911 599 48 51 
913 603 48 51 
916 608 48 51 
918 612 48 51 
921 617 48 51 
924 621 48 51 
927 626 48 51 
929 631 48 51 
932 635 48 36 
935 640 48 36 
938 646 48 36 
941 651 48 36 
944 657 48 36 
948 662 48 36 
953 666 43 41 
953 672 43 41 
953 678 43 41 
953 685 43 41 
953 691 42 42 
953 698 42 42 
953 705 42 57 
953 712 42 57 
953 719 42 57 
953 727 42 57 
953 734 42 57 
953 741 42 57 
953 748 42 57 
953 756 42 57 
937 755 52 47 
926 749 52 47 
915 744 52 47 
904 738 52 47 
894 733 52 47 
883 728 52 47 
872 723 53 46 
862 718 53 46 
851 713 53 46 
841 708 53 46 
830 704 53 46 
820 699 53 46 
810 695 53 46 
800 691 53 46 
802 683 44 55 
802 679 45 54 
802 675 44 55 
802 671 44 55 
802 668 45 54 
802 664 45 54 
802 661 45 54 
802 658 45 54 
802 655 45 54 
802 652 45 54 
802 649 45 54 
809 647 52 47 
820 641 52 47 
831 635 52 47 
842 630 52 47 
853 625 52 47 
863 619 52 47 
874 614 53 46 
884 609 53 46 
895 605 53 46 
905 600 53 46 
915 595 53 46 
926 591 53 46 
936 587 53 46 
946 582 53 46 
952 574 44 55 
952 570 44 55 
952 566 45 54 
952 563 44 55 
952 559 45 54 
952 556 45 54 
952 552 45 54 
952 549 45 54 
952 546 45 54 
937 544 52 47 
926 538 52 47 
915 533 52 47 
904 527 52 47 
894 522 52 47 
883 517 52 47 
872 512 53 46 
862 507 53 46 
851 502 53 46 
841 497 53 46 
830 493 53 46 
820 488 53 46 
810 484 53 46 
799 480 53 46 
802 471 44 55 
802 468 45 54 
802 464 44 55 
802 460 45 54 
802 456 45 54 
802 453 45 54 
802 450 45 54 
802 447 45 54 
802 443 45 54 
809 441 52 47 
820 436 52 47 
831 430 52 47 
842 424 52 47 
853 419 52 47 
863 414 52 47 
874 409 53 46 
884 404 53 46 
895 399 53 46 
905 395 53 46 
915 390 53 46 
926 386 53 46 
936 381 53 46 
946 376 52 47 
956 371 52 47 
965 365 52 47 
974 360 52 47 
983 354 51 48 
992 348 51 48 
1001 342 51 48 
1009 336 51 48 
1017 329 50 49 
1024 323 50 49 
1032 316 50 49 
1039 309 50 49 
1045 302 49 50 
1052 295 49 50 
1058 288 49 50 
1064 281 49 50 
1070 273 48 51 
1075 266 48 51 
1080 258 48 51 
1084 250 48 51 
1089 243 47 52 
1093 235 47 52 
1096 227 47 52 
1100 219 46 53 
1103 211 46 53 
1106 203 46 53 
1108 194 46 53 
1110 186 45 54 
1112 178 45 54 
1113 170 44 55 
1115 162 44 55 
1116 153 43 56 
1116 145 43 56 
1117 136 41 58 
1116 129 43 56 
1115 121 43 56 
1114 114 44 55 
1112 106 44 55 
1111 98 45 54 
1105 100 54 45 
1102 100 53 46 
1100 100 54 45 
1097 100 54 45 
1094 100 54 45 
1091 100 54 45 
1087 100 54 45 
1083 101 54 45 
1079 101 54 45 
1075 101 55 44 
1070 101 55 44 
1065 102 55 44 
1060 102 55 44 
1055 102 55 44 
1049 102 55 44 
1043 103 55 44 
1037 103 55 44 
1031 103 55 44 
1025 104 55 44 
1018 104 56 43 
1011 105 56 43 
1004 105 56 43 
997 105 56 43 
990 106 56 43 
982 106 56 43 
974 107 56 43 
966 107 56 43 
959 107 56 43 
950 108 56 43 
942 108 56 43 
934 109 56 43 
925 109 56 43 
917 110 56 43 
908 110 56 43 
899 111 56 43 
891 111 56 43 
882 112 56 43 
873 112 56 43 
864 113 56 43 
855 114 56 43 
846 114 56 43 
837 115 56 43 
828 115 56 43 
819 116 56 43 
809 116 56 43 
800 117 56 43 
800 113 48 51 
800 114 48 51 
800 114 48 51 
800 115 48 51 
800 115 48 51 
800 116 48 51 
800 117 48 51 
800 117 48 51 
800 118 48 51 
809 114 52 47 
820 108 52 47 
831 102 52 47 
842 97 52 47 
852 91 52 47 
862 85 52 47 
873 80 52 47 
883 74 52 47 
892 68 52 47 
902 63 52 47 
912 58 52 47 
921 52 52 47 
930 47 52 47 
939 42 52 47 
947 37 52 47 
952 28 44 55 
952 24 44 55 
952 19 44 55 
951 15 45 54 
950 11 45 54 
950 6 45 54 
949 2 46 53 
948 0 46 53 
947 -4 47 52 
945 -8 47 52 
944 -12 47 52 
942 -15 47 52 
940 -18 48 51 
938 -22 48 51 
936 -25 48 51 
934 -27 49 50 
932 -30 49 50 
929 -33 49 50 
926 -35 49 50 
924 -38 50 49 
921 -40 50 49 
918 -42 50 49 
914 -44 50 49 
911 -46 51 48 
908 -47 51 48 
904 -49 51 48 
900 -50 52 47 
897 -51 52 47 
893 -52 52 47 
889 -53 52 47 
885 -53 53 46 
880 -54 53 46 
876 -54 54 45 
872 -54 54 45 
867 -54 54 45 
862 -54 55 44 
858 -54 55 44 
854 -54 54 45 
850 -53 54 45 
845 -53 54 45 
840 -52 53 46 
836 -52 53 46 
831 -51 53 46 
826 -50 53 46 
822 -48 53 46 
817 -47 53 46 
812 -45 52 47 
807 -44 52 47 
802 -42 52 47 
801 -43 46 53 
801 -41 46 53 
801 -39 46 53 
801 -36 46 53 
802 -34 45 54 
802 -31 45 54 
802 -29 45 54 
802 -26 45 54 
802 -23 45 54 
802 -20 45 54 
802 -17 45 54 
802 -14 45 54 
809 -16 52 47 
820 -21 52 47 
831 -27 52 47 
841 -32 52 47 
852 -38 52 47 
862 -43 52 47 
872 -48 52 47 
882 -52 52 47 
892 -57 52 47 
902 -61 53 46 
912 -66 53 46 
921 -70 53 46 
931 -74 53 46 
940 -78 53 46 
950 -82 53 46 
959 -85 53 46 
968 -89 53 46 
977 -92 53 46 
987 -96 53 46 
996 -99 53 46 
1005 -102 53 46 
1014 -105 53 46 
1023 -108 53 46 
1032 -110 54 45 
1041 -113 54 45 
1050 -115 54 45 
1059 -118 54 45 
1068 -120 54 45 
1077 -122 54 45 
1086 -124 54 45 
1095 -126 54 45 
1104 -128 54 45 
1113 -129 55 44 
1122 -131 55 44 
1131 -132 55 44 
1140 -134 55 44 
1149 -135 55 44 
1158 -136 55 44 
1167 -137 55 44 
1176 -138 56 43 
1186 -139 56 43 
1195 -139 56 43 
1204 -140 56 43 
1213 -140 56 43 
1222 -141 57 42 
1231 -141 57 42 
1240 -141 57 42 
1249 -141 58 41 
1258 -140 58 41 
1267 -141 58 41 
1277 -141 57 42 
1286 -140 57 42 
1295 -140 57 42 
1305 -140 56 43 
1314 -139 56 43 
1323 -139 56 43 
1333 -138 56 43 
1342 -137 56 43 
1351 -136 56 43 
1361 -135 55 44 
1370 -134 55 44 
1379 -133 55 44 
1389 -131 55 44 
1398 -130 55 44 
1407 -128 55 44 
1417 -127 55 44 
1426 -125 55 44 
1435 -123 55 44 
1445 -121 54 45 
1454 -119 54 45 
1463 -117 54 45 
1473 -115 54 45 
1482 -112 54 45 
1492 -110 54 45 
1501 -108 54 45 
1510 -105 54 45 
1520 -102 54 45 
1529 -99 54 45 
1538 -97 54 45 
1548 -94 53 46 
1557 -91 53 46 
1567 -87 53 46 
1576 -84 53 46 
1585 -81 53 46 
1595 -78 53 46 
1604 -74 53 46 
1614 -70 53 46 
1623 -67 53 46 
1633 -63 53 46 
1642 -59 53 46 
1651 -55 53 46 
1661 -51 53 46 
1667 -45 59 40 
1676 -45 59 40 
1685 -45 58 41 
1694 -45 58 41 
1702 -45 58 41 
1711 -45 58 41 
1719 -45 58 41 
1727 -45 58 41 
1734 -45 58 41 
1742 -45 58 41 
1749 -45 58 41 
1756 -46 58 41 
1763 -46 57 42 
1770 -46 57 42 
1777 -46 57 42 
1783 -46 57 42 
1790 -46 57 42 
1796 -46 57 42 
1803 -46 57 42 
1809 -46 57 42 
1815 -46 57 42 
1821 -46 57 42 
1827 -46 57 42 
1833 -46 57 42 
1839 -46 57 42 
1845 -46 57 42 
1850 -46 57 42 
1856 -46 57 42 
1862 -46 57 42 
1867 -46 57 42 
1873 -46 57 42 
1878 -46 57 42 
1884 -46 57 42 
1889 -46 56 43 
1895 -46 56 43 
1900 -46 56 43 
1905 -46 56 43 
1911 -46 56 43 
1916 -46 56 43 
1921 -46 56 28 
1927 -47 55 29 
1932 -47 54 30 
1937 -46 54 30 
1942 -46 53 31 
1947 -45 53 31 
1952 -44 53 31 
1957 -42 52 32 
1962 -41 52 32 
1967 -39 52 32 
1971 -37 52 32 
1976 -35 51 33 
1978 -31 56 28 
1982 -32 55 29 
1986 -32 55 29 
1989 -33 53 31 
1992 -32 52 32 
1995 -32 52 32 
1998 -32 52 32 
2000 -31 51 33 
2003 -30 51 33 
2005 -28 50 34 
2008 -27 50 34 
2010 -25 50 34 
2012 -23 49 35 
2014 -21 49 35 
2016 -19 49 35 
2018 -17 49 35 
2020 -14 48 36 
2022 -11 48 36 
2023 -8 48 36 
2025 -5 48 36 
2026 -1 47 37 
2028 2 47 37 
2029 5 47 37 
2031 9 47 37 
2032 14 46 38 
2033 18 46 38 
2034 23 46 38 
2035 27 46 38 
2036 32 45 39 
2037 37 45 39 
2038 43 45 39 
2038 48 45 39 
2039 54 45 39 
2040 60 44 40 
2040 66 44 40 
2041 72 44 40 
2041 78 43 41 
2042 85 43 41 
2042 92 43 41 
2042 99 43 41 
2043 106 42 42 
2043 113 42 42 
2042 121 42 42 
2042 128 42 42 
2042 136 42 42 
2042 145 43 41 
2041 153 43 41 
2041 161 43 41 
2040 170 43 41 
2040 179 43 41 
2039 188 43 41 
2038 197 43 41 
2038 206 43 41 
2037 215 43 41 
2036 225 43 41 
2035 235 43 41 
2034 244 43 41 
2033 255 43 41 
2032 265 43 41 
2031 275 43 41 
2030 286 43 41 
2029 296 43 41 
2027 307 43 41 
2026 318 43 41 
2025 329 43 56 
2023 340 43 56 
2022 352 43 56 
2020 363 43 56 
2018 374 43 56 
2017 386 43 56 
2015 397 43 56 
2013 409 43 56 
2011 420 43 56 
2010 432 43 56 
2008 444 43 56 
2006 455 43 56 
2004 467 43 56 
2001 479 44 55 
1999 491 44 55 
1997 503 44 55 
1995 514 44 55 
1993 526 44 55 
1990 538 44 55 
1988 551 44 55 
1985 563 44 55 
1983 575 44 55 
1980 587 44 55 
1978 599 44 55 
1975 612 44 55 
1972 624 44 55 
1970 636 44 55 
1967 649 44 55 
1964 661 44 55 
1961 674 44 55 
1958 686 44 55 
1955 699 44 55 
1952 711 44 55 
1949 724 44 55 
1946 737 44 55 
1938 752 55 44 
1938 743 48 51 
1935 737 48 51 
1931 731 48 51 
1928 726 48 51 
1925 721 48 51 
1921 716 48 51 
1918 711 48 51 
1914 706 48 51 
1910 701 49 50 
1907 696 49 50 
1903 692 49 50 
1899 687 49 50 
1895 683 49 50 
1892 679 49 50 
1888 675 49 50 
1884 671 49 50 
1880 667 50 49 
1876 664 50 49 
1872 660 50 49 
1868 657 50 49 
1864 653 50 49 
1859 650 50 49 
1855 647 50 49 
1851 644 50 49 
1847 641 51 48 
1842 639 51 48 
1838 636 51 48 
1834 634 51 48 
1829 631 51 48 
1825 629 51 48 
1820 627 51 48 
1816 625 52 47 
1811 623 52 47 
1807 621 52 47 
1802 620 52 47 
1797 618 52 47 
1793 617 52 47 
1788 616 52 47 
1783 614 53 46 
1778 613 53 46 
1773 612 53 46 
1769 611 53 46 
1764 611 53 46 
1759 610 54 45 
1754 610 54 45 
1749 609 54 45 
1744 609 54 45 
1738 609 55 44 
1733 609 55 44 
1728 609 55 44 
1722 609 56 43 
1718 609 55 44 
1713 609 55 44 
1708 609 55 44 
1703 609 54 45 
1697 610 54 45 
1692 610 54 45 
1687 611 54 45 
1682 612 54 45 
1676 613 54 45 
1671 614 53 46 
1666 615 53 46 
1660 616 53 46 
1655 617 53 46 
1649 618 53 46 
1644 620 53 46 
1638 621 53 46 
1633 623 53 46 
1627 625 53 46 
1622 627 53 46 
1616 629 52 47 
1610 631 52 47 
1605 633 52 47 
1599 635 52 47 
1593 637 52 47 
1587 640 52 47 
1582 642 52 47 
1576 645 52 47 
1570 647 52 47 
1564 650 52 47 
1558 653 52 47 
1552 656 52 47 
1546 659 52 47 
1540 662 52 47 
1534 666 51 48 
1528 669 51 48 
1522 672 51 48 
1516 676 51 48 
1510 679 51 48 
1504 683 51 48 
1502 683 44 55 
1509 681 52 47 
1520 676 52 47 
1531 670 52 47 
1542 665 52 47 
1553 659 52 47 
1564 654 53 46 
1575 649 53 46 
1586 644 53 46 
1596 640 53 46 
1607 635 53 46 
1618 630 53 46 
1629 626 53 46 
1640 622 53 46 
1651 617 53 46 
1662 613 53 46 
1672 610 53 46 
1683 606 54 45 
1694 602 54 45 
1705 599 54 45 
1716 595 54 45 
1727 592 54 45 
1737 589 54 45 
1748 586 54 45 
1759 583 54 45 
1770 580 54 45 
1780 577 54 45 
1791 575 54 45 
1802 572 55 44 
1813 570 55 44 
1824 567 55 44 
1834 565 55 44 
1845 563 55 44 
1856 561 55 44 
1867 560 55 44 
1877 558 55 44 
1888 556 56 43 
1899 555 56 43 
1909 554 56 43 
1920 553 56 43 
1931 551 56 43 
1941 550 56 43 
1952 550 56 43 
1963 549 57 42 
1973 548 57 42 
1984 548 57 42 
1995 547 57 42 
2005 547 57 42 
2016 547 58 41 
2027 547 58 41 
2037 547 58 41 
2047 547 59 40 
2058 547 58 41 
2069 547 58 26 
2080 547 57 27 
2091 547 57 27 
2101 548 56 28 
2112 549 56 28 
2122 550 56 28 
2133 551 55 29 
2143 553 55 29 
2153 554 55 29 
2163 556 55 29 
2173 558 54 30 
2183 561 54 30 
2193 563 54 30 
2202 566 54 30 
2211 569 53 31 
2221 572 53 31 
2230 575 53 31 
2239 579 53 31 
2248 582 53 31 
2257 586 52 32 
2265 590 52 32 
2274 595 52 32 
2282 599 52 32 
2291 604 52 32 
2299 608 51 33 
2307 613 51 33 
2315 619 51 33 
2323 624 51 33 
2331 629 51 33 
2338 635 51 33 
2346 641 50 34 
2353 647 50 34 
2360 653 50 34 
2368 660 50 34 
2375 667 50 34 
2382 673 50 34 
2388 680 49 35 
2395 687 49 35 
2402 695 49 35 
2408 702 49 35 
2415 710 49 35 
2421 718 49 35 
2427 726 48 36 
2434 734 48 36 
2440 742 48 36 
2445 751 48 36 
2451 759 48 36 
2457 768 48 36 
2463 777 48 36 
2468 786 47 37 
2473 796 47 37 
2479 805 47 37 
2484 815 47 37 
2489 825 47 37 
2494 835 47 37 
2499 845 47 37 
2504 855 46 38 
2509 866 46 38 
2513 876 46 38 
2518 887 46 38 
2522 898 46 38 
2527 909 46 38 
2531 920 46 38 
2535 932 45 39 
2539 943 45 39 
2543 955 45 39 
2542 967 55 29 
2545 967 55 29 
2549 967 55 29 
2551 967 54 30 
2553 967 54 30 
2555 966 53 31 
2556 966 53 31 
2557 966 52 32 
2558 965 51 33 
2559 965 50 34 
2558 965 51 33 
2557 966 52 32 
2556 966 52 32 
2555 966 53 31 
2553 966 53 31 
2551 966 53 31 
2550 966 53 31 
2548 967 54 30 
2545 967 54 30 
2543 967 54 30 
2541 967 54 30 
2538 967 54 30 
2535 967 54 30 
2532 967 55 29 
2529 967 55 29 
2526 967 55 29 
2523 967 55 29 
2519 967 55 29 
2516 967 55 29 
2512 967 55 29 
2509 967 55 29 
2505 967 55 29 
2501 967 55 29 
2497 967 55 29 
2494 967 55 29 
2490 967 55 29 
2486 967 55 29 
2481 967 56 28 
2477 967 56 28 
2473 967 56 28 
2469 968 56 28 
2465 968 56 28 
2460 968 56 28 
2456 968 56 28 
2452 968 56 28 
2447 968 56 28 
2443 968 56 28 
2439 968 56 28 
2434 968 56 28 
2430 968 56 28 
2425 968 56 28 
2421 968 56 28 
2416 968 56 28 
2411 968 56 28 
2407 968 56 28 
2402 968 56 28 
2398 968 56 28 
2393 968 56 28 
2388 968 56 28 
2384 968 56 28 
2379 968 56 28 
2374 968 56 28 
2370 968 56 28 
2365 968 56 28 
2360 968 56 28 
2355 968 56 28 
2351 968 56 28 
2346 968 56 28 
2341 968 56 28 
2336 968 56 28 
2332 968 56 28 
2327 968 56 28 
2322 968 56 28 
2317 968 56 28 
2313 968 56 28 
2308 968 56 28 
2307 958 49 35 
2302 953 49 35 
2297 948 49 35 
2292 943 49 35 
2287 938 50 34 
2282 934 50 34 
2277 929 50 34 
2271 925 50 34 
2266 921 50 34 
2261 918 51 33 
2256 914 51 33 
2251 911 51 33 
2245 908 51 33 
2240 906 51 33 
2235 903 52 32 
2229 901 52 32 
2224 899 52 32 
2218 897 52 32 
2211 903 56 28 
2206 902 55 29 
2201 902 55 29 
2196 903 54 30 
2190 903 54 30 
2185 904 54 30 
2180 905 53 31 
2174 907 53 31 
2169 908 53 31 
2163 910 53 31 
2158 912 52 32 
2152 914 52 32 
2146 916 52 32 
2141 919 52 32 
2135 922 52 32 
2129 924 52 47 
2124 928 51 48 
2118 931 51 48 
2112 934 51 48 
2106 937 51 48 
2100 941 51 48 
2094 944 51 48 
2088 948 51 48 
2079 953 57 42 
2074 953 57 42 
2068 953 57 42 
2062 953 57 42 
2056 953 57 42 
2051 953 57 42 
2045 953 57 42 
2043 944 49 50 
2037 938 49 50 
2032 932 50 49 
2026 927 50 49 
2020 922 50 49 
2014 916 50 49 
2008 911 50 49 
2003 906 50 49 
1997 902 50 49 
1991 897 50 49 
1982 901 57 42 
1976 900 56 43 
1971 900 55 44 
1965 901 55 44 
1959 901 55 44 
1953 901 55 44 
1947 902 55 44 
1941 902 54 45 
1935 903 54 45 
1929 904 54 45 
1923 905 54 45 
1917 906 54 45 
1911 907 54 45 
1905 908 54 45 
1899 910 53 46 
1892 911 53 46 
1886 913 53 46 
1880 914 53 46 
1874 916 53 46 
1867 918 53 46 
1861 920 53 46 
1855 922 53 46 
1848 924 53 46 
1842 926 53 46 
1835 929 53 46 
1829 931 52 47 
1823 934 52 47 
1816 936 52 47 
1810 939 52 47 
1803 942 52 47 
1796 944 52 47 
1790 947 52 47 
1783 950 52 47 
1774 953 57 42 
1771 944 50 49 
1765 938 50 49 
1758 933 50 49 
1752 927 50 49 
1745 922 50 49 
1739 917 50 49 
1732 912 50 49 
1725 907 51 48 
1719 902 51 48 
1712 897 51 48 
1702 901 57 42 
1696 901 56 43 
1689 901 56 43 
1683 901 56 43 
1676 901 55 44 
1670 901 55 44 
1663 902 55 44 
1656 903 55 44 
1649 903 55 44 
1643 904 54 45 
1636 905 54 45 
1629 906 54 45 
1622 907 54 45 
1615 909 54 45 
1608 910 54 45 
1602 911 54 45 
1595 913 54 45 
1588 915 54 45 
1581 916 53 46 
1574 918 53 46 
1567 920 53 46 
1560 922 53 46 
1553 924 53 46 
1546 926 53 31 
1538 929 53 31 
1531 931 53 31 
1524 934 52 32 
1517 937 52 32 
1510 940 52 32 
1503 944 52 32 
1502 944 45 39 
1502 947 45 39 
1502 951 45 39 
1501 956 45 39 
1501 960 45 39 
1497 965 51 33 
1496 966 52 32 
1495 966 52 32 
1494 966 53 31 
1492 966 53 31 
1491 966 53 31 
1489 966 54 30 
1487 967 54 30 
1484 967 54 30 
1482 967 54 30 
1479 967 54 30 
1477 967 54 30 
1474 967 54 30 
1471 967 55 29 
1468 967 55 29 
1465 967 55 29 
1461 967 55 29 
1458 967 55 29 
1455 967 55 29 
1451 967 55 29 
1447 967 55 29 
1444 967 55 29 
1440 967 55 29 
1436 967 55 29 
1432 967 55 29 
1428 967 55 29 
1424 967 56 28 
1420 967 56 28 
1416 967 56 28 
1412 967 56 28 
1407 968 56 28 
1403 968 56 28 
1399 968 56 28 
1395 968 56 28 
1390 968 56 28 
1386 968 56 28 
1381 968 56 28 
1377 968 56 28 
1372 968 56 28 
1368 968 56 28 
1363 968 56 28 
1359 968 56 28 
1354 968 56 28 
1350 968 56 28 
1345 968 56 28 
1340 968 56 28 
1336 968 56 28 
1331 968 56 43 
1327 953 56 43 
1323 953 56 43 
1319 952 55 44 
1316 952 55 44 
1313 952 55 44 
1311 952 54 45 
1309 952 54 45 
1307 951 53 46 
1306 951 53 46 
1306 951 52 47 
1309 941 44 55 
1309 935 44 55 
1308 930 44 55 
1308 924 44 55 
1308 919 44 55 
1307 913 44 55 
1307 908 44 55 
1307 903 44 55 
1308 898 43 56 
1307 894 44 55 
1307 889 44 55 
1307 885 44 55 
1307 881 45 54 
1308 877 45 54 
1308 873 45 54 
1308 869 45 54 
1309 865 46 53 
1309 862 46 53 
1309 858 46 53 
1310 855 46 53 
1311 852 47 52 
1311 848 47 52 
1312 845 47 52 
1313 843 47 52 
1314 840 47 52 
1315 837 48 51 
1316 835 48 51 
1317 832 48 51 
1318 830 48 51 
1319 828 48 51 
1320 826 48 51 
1321 824 49 50 
1323 822 49 50 
1324 820 49 50 
1326 818 49 50 
1327 817 49 50 
1329 815 50 49 
1330 814 50 49 
1332 813 50 49 
1333 812 50 49 
1335 811 50 49 
1337 810 51 48 
1339 809 51 48 
1341 809 51 48 
1343 808 51 48 
1345 808 52 47 
1347 808 52 47 
1350 806 49 50 
1350 806 49 50 
1350 806 49 50 
1349 806 50 49 
1350 806 49 50 
1350 806 49 50 
1350 806 49 50 
1337 802 52 47 
1326 796 52 47 
1316 791 52 47 
1305 785 52 47 
1295 780 52 47 
1284 775 52 47 
1274 770 52 47 
1264 765 52 47 
1254 760 52 47 
1244 755 52 47 
1234 751 53 46 
1224 746 53 46 
1214 742 53 46 
1204 738 53 46 
1194 734 53 46 
1184 730 53 46 
1174 726 53 46 
1164 722 53 46 
1154 719 53 46 
1144 715 53 46 
1134 712 53 46 
1124 709 54 45 
1114 706 54 45 
1104 703 54 45 
1102 696 45 54 
1102 693 45 54 
1102 690 45 54 
1102 688 45 54 
1102 686 46 53 
1109 683 52 47 
1120 677 52 47 
1131 672 52 47 
1141 666 52 47 
1152 661 52 47 
1162 656 52 47 
1172 651 52 47 
1182 646 52 47 
1192 641 52 47 
1202 636 52 47 
1212 632 52 47 
1221 627 52 47 
1230 623 52 47 
1240 619 52 47 
1249 615 53 46 
1258 611 53 46 
1267 607 53 46 
1276 603 53 46 
1284 600 53 46 
1293 596 53 46 
1301 593 53 46 
1310 590 53 46 
1318 587 53 46 
1326 584 53 46 
1334 581 53 46 
1342 578 53 46 
1352 572 45 54 
1337 569 52 47 
1326 563 52 47 
1315 558 52 47 
1304 552 52 47 
1293 547 53 46 
1281 542 53 46 
1270 537 53 46 
1259 532 53 46 
1248 527 53 46 
1237 523 53 46 
1233 513 44 55 
1233 509 44 55 
1232 505 45 54 
1232 501 45 54 
1231 497 45 54 
1231 493 46 53 
1230 490 46 53 
1229 486 46 53 
1229 482 46 53 
1228 479 46 53 
1227 476 47 52 
1226 473 47 52 
1225 470 47 52 
1224 467 47 52 
1223 464 47 52 
1222 461 48 51 
1221 459 48 51 
1219 456 48 51 
1218 454 48 51 
1217 452 48 51 
1215 450 49 50 
1214 448 49 50 
1212 446 49 50 
1210 444 49 50 
1209 443 49 50 
1207 441 50 49 
1205 440 50 49 
1203 438 50 49 
1202 437 50 49 
1200 436 50 49 
1198 435 51 48 
1196 434 51 48 
1193 434 51 48 
1191 433 51 48 
1189 433 51 48 
1187 432 52 47 
1184 432 52 47 
1182 432 52 47 
1180 432 53 46 
1177 432 53 46 
1174 432 54 45 
1172 432 53 46 
1170 432 53 46 
1167 432 53 46 
1165 433 52 47 
1162 433 52 47 
1160 433 52 47 
1157 434 52 47 
1154 435 52 47 
1152 436 52 47 
1149 437 52 47 
1146 438 51 48 
1143 439 51 48 
1140 440 51 48 
1137 442 51 48 
1134 443 51 48 
1131 445 51 48 
1128 446 51 48 
1125 448 51 48 
1121 450 51 48 
1120 443 48 51 
1116 437 48 51 
1113 431 48 51 
1109 426 48 51 
1106 421 48 51 
1102 415 48 51 
1098 410 48 51 
1094 405 49 50 
1091 401 49 50 
1087 396 49 50 
1083 392 49 50 
1079 387 49 50 
1075 383 49 50 
1071 379 49 50 
1067 375 49 50 
1063 371 50 49 
1059 367 50 49 
1055 363 50 49 
1051 360 50 49 
1047 357 50 49 
1043 353 50 49 
1038 350 50 49 
1034 347 50 49 
1030 344 51 48 
1025 341 51 48 
1021 339 51 48 
1016 336 51 48 
1012 334 51 48 
1007 331 51 48 
1003 329 51 48 
998 327 51 48 
994 325 52 47 
989 323 52 47 
984 321 52 47 
979 320 52 47 
975 318 52 47 
970 317 52 47 
965 315 53 31 
960 314 53 31 
955 314 53 31 
950 313 54 30 
945 313 54 30 
940 313 54 30 
934 313 55 29 
929 313 55 29 
925 313 55 29 
920 313 54 30 
915 314 54 30 
910 314 53 31 
905 315 53 31 
900 317 53 31 
895 318 53 31 
890 320 52 32 
884 321 52 32 
879 323 52 32 
874 326 52 32 
869 328 52 32 
863 331 52 32 
858 334 51 33 
853 337 51 33 
847 340 51 33 
842 343 51 33 
836 347 51 33 
831 351 51 33 
825 355 51 33 
820 359 50 34 
814 363 50 34 
808 368 50 34 
803 372 50 34 
803 374 44 40 
803 379 43 41 
803 384 43 41 
803 390 43 41 
803 395 43 41 
803 401 43 41 
803 407 43 41 
803 414 43 41 
803 420 43 41 
803 426 43 41 
803 433 42 42 
803 440 42 42 
803 447 42 42 
803 454 42 42 
803 462 42 42 
803 469 42 42 
803 477 42 42 
803 485 42 42 
804 493 42 42 
804 501 42 42 
804 510 41 43 
804 518 41 43 
804 527 41 43 
804 536 41 43 
804 545 41 43 
804 555 41 43 
804 564 41 43 
804 574 41 43 
804 583 41 43 
804 593 41 43 
804 603 41 43 
804 614 41 43 
804 624 41 43 
804 634 40 44 
804 645 40 44 
804 656 40 44 
804 667 40 44 
804 678 40 44 
804 690 40 44 
804 701 40 44 
804 713 40 44 
804 724 40 44 
804 736 40 44 
804 748 40 44 
804 761 40 44 
804 773 40 44 
805 786 40 44 
805 798 40 44 
805 811 39 45 
805 824 39 45 
805 837 39 45 
805 850 39 45 
805 864 39 45 
805 877 39 45 
804 891 39 45 
804 905 40 44 
804 919 40 44 
803 933 40 44 
803 948 40 44 
797 965 51 33 
796 966 52 32 
795 966 52 32 
793 966 53 31 
792 966 53 31 
790 966 53 31 
788 966 54 30 
786 967 54 30 
784 967 54 30 
781 967 54 30 
779 967 54 30 
776 967 54 30 
773 967 55 29 
770 967 55 29 
767 967 55 29 
764 967 55 29 
760 967 55 44 
757 952 55 44 
753 952 55 44 
750 952 55 44 
746 952 55 44 
742 952 55 44 
739 952 55 44 
735 952 55 44 
731 952 55 44 
727 952 55 44 
723 952 56 43 
719 952 56 43 
715 952 56 43 
710 952 56 43 
706 953 56 43 
702 953 56 43 
698 953 56 43 
693 953 56 43 
689 953 56 43 
684 953 56 43 
680 953 56 43 
676 953 56 43 
671 953 56 43 
667 953 56 43 
663 952 55 44 
660 952 55 44 
656 952 55 44 
653 952 55 44 
650 952 55 44 
647 952 55 44 
645 952 54 45 
642 952 54 45 
640 952 54 45 
638 951 54 45 
637 951 53 46 
636 951 53 46 
636 951 52 47 
636 950 51 48 
636 950 50 49 
636 950 51 48 
640 941 44 55 
640 935 45 54 
641 930 45 54 
642 925 45 54 
642 919 45 54 
643 914 45 54 
644 909 46 53 
645 904 46 53 
646 900 46 53 
647 895 46 53 
648 890 46 53 
649 886 46 53 
650 882 47 52 
652 876 44 55 
652 872 44 55 
652 868 44 55 
652 865 44 55 
652 861 44 55 
652 857 45 54 
652 854 45 54 
652 851 45 54 
652 848 45 54 
652 844 45 54 
652 842 45 54 
652 839 45 54 
652 836 45 54 
652 833 45 54 
651 831 45 54 
651 829 46 53 
651 826 46 53 
651 824 46 53 
651 822 46 53 
651 820 46 53 
651 819 46 53 
651 817 46 53 
651 815 46 53 
651 814 47 52 
651 813 47 52 
651 811 47 52 
651 810 47 52 
651 809 47 52 
651 808 47 52 
637 805 52 47 
626 799 52 47 
616 794 52 47 
605 788 52 47 
595 783 52 47 
584 778 52 47 
574 773 52 47 
563 768 53 46 
553 763 53 46 
542 758 53 46 
532 754 53 46 
521 749 53 46 
511 745 53 46 
500 741 53 46 
490 737 53 46 
479 733 53 46 
469 729 53 46 
458 726 53 46 
448 722 53 46 
438 719 54 45 
427 715 54 45 
417 712 54 45 
406 709 54 45 
396 706 54 45 
385 703 54 45 
375 701 54 45 
364 698 54 45 
354 696 54 45 
344 693 55 44 
333 691 55 44 
323 689 55 44 
312 687 55 44 
302 685 55 44 
291 683 55 44 
281 682 55 44 
271 680 55 44 
260 679 55 44 
250 677 56 43 
239 676 56 43 
229 675 56 43 
218 674 56 28 
208 673 56 28 
197 673 57 27 
187 673 57 27 
176 673 58 26 
165 673 59 25 
155 673 58 26 
145 673 57 27 
135 673 57 27 
125 674 56 28 
115 675 56 28 
105 676 56 28 
94 677 56 28 
84 679 55 29 
74 680 55 29 
64 682 55 29 
54 685 55 29 
43 687 54 30 
33 689 54 30 
23 692 54 30 
13 695 54 30 
2 698 54 30 
-7 701 54 30 
-17 705 53 31 
-27 709 53 31 
-38 712 53 31 
-48 717 53 31 
-58 721 53 31 
-68 725 53 31 
-79 730 53 31 
-89 735 52 32 
-99 740 52 32 
-109 745 52 32 
-120 750 52 32 
-130 756 52 32 
-140 762 52 32 
-150 768 52 32 
-161 774 52 32 
-171 780 52 32 
-181 786 51 33 
-191 793 51 33 
-202 800 51 33 
-212 807 51 33 
-222 814 51 33 
-232 821 51 33 
-242 829 51 33 
-253 837 51 33 
-263 844 51 33 
-273 852 51 33 
-283 861 51 33 
-294 869 50 34 
-304 877 50 34 
-314 886 50 34 
-324 895 50 34 
-335 904 50 34 
