294 2022-06-08
0 0 
1500 315 
1500 315 
1500 315 
1500 315 
1500 315 
1500 315 
1500 315 
1500 315 
1500 316 
1500 316 
1501 316 
1501 316 
1501 317 
1501 317 
1501 317 
1502 318 
1502 318 
1502 319 
1502 319 
1503 320 
1503 320 
1503 321 
1504 321 
1504 322 
1504 322 
1505 323 
1505 324 
1506 324 
1506 325 
1506 326 
1507 327 
1507 327 
1508 328 
1508 329 
1509 330 
1509 331 
1510 332 
1510 332 
1511 333 
1512 334 
1512 335 
1513 336 
1513 337 
1514 338 
1515 339 
1515 341 
1516 342 
1517 343 
1517 344 
1518 345 
1519 346 
1520 348 
1520 349 
1521 350 
1522 351 
1523 353 
1523 354 
1524 355 
1525 357 
1526 358 
1527 359 
1528 361 
1529 362 
1529 364 
1530 365 
1531 367 
1532 368 
1533 370 
1534 372 
1535 373 
1536 375 
1537 377 
1538 378 
1539 380 
1540 382 
1541 383 
1542 385 
1543 387 
1544 389 
1545 390 
1547 392 
1548 394 
1549 396 
1550 398 
1551 399 
1552 399 
1554 399 
1555 399 
1556 399 
1558 399 
1559 399 
1560 399 
1562 399 
1563 399 
1565 399 
1566 399 
1568 399 
1569 399 
1571 399 
1573 399 
1574 399 
1576 399 
1578 399 
1580 399 
1581 399 
1583 399 
1585 399 
1587 399 
1589 399 
1590 399 
1592 399 
1594 399 
1596 399 
1598 399 
1599 399 
1599 399 
1599 399 
1599 399 
1599 399 
1599 399 
1599 399 
1599 399 
1599 399 
1599 399 
1599 399 
1599 399 
1599 399 
1599 399 
1599 399 
1599 397 
1599 394 
1599 391 
1599 388 
1599 385 
1599 382 
1599 380 
1599 377 
1599 374 
1599 372 
1599 369 
1599 367 
1599 364 
1599 362 
1599 359 
1599 357 
1599 354 
1599 352 
1599 350 
1599 347 
1599 345 
1599 343 
1599 340 
1599 338 
1599 336 
1599 334 
1599 332 
1599 330 
1599 328 
1599 326 
1599 324 
1599 322 
1599 320 
1599 318 
1599 316 
1599 314 
1599 312 
1599 311 
1599 309 
1599 307 
1599 306 
1599 304 
1599 302 
1599 301 
1599 299 
1599 298 
1599 296 
1599 294 
1594 292 
1588 289 
1583 286 
1578 283 
1572 280 
1567 278 
1561 275 
1556 272 
1550 269 
1545 267 
1540 264 
1534 262 
1529 259 
1523 257 
1518 254 
1513 252 
1507 249 
1502 247 
1496 245 
1491 242 
1486 240 
1480 238 
1475 236 
1469 233 
1464 231 
1458 229 
1453 227 
1448 225 
1442 223 
1437 221 
1432 219 
1426 217 
1421 215 
1415 213 
1410 211 
1405 209 
1399 208 
1394 206 
1388 204 
1383 202 
1378 201 
1372 199 
1367 197 
1362 196 
1356 194 
1351 193 
1345 191 
1340 190 
1335 188 
1329 187 
1324 185 
1319 184 
1313 183 
1308 181 
1303 180 
1297 179 
1292 177 
1287 176 
1281 175 
1276 174 
1270 173 
1265 172 
1260 171 
1254 169 
1249 168 
1244 167 
1238 167 
1233 166 
1228 165 
1222 164 
1217 163 
1212 162 
1206 161 
1201 161 
1196 160 
1190 159 
1185 158 
1180 158 
1174 157 
1169 156 
1164 156 
1158 155 
1153 155 
1148 154 
1142 154 
1137 153 
1132 153 
1126 153 
1121 152 
1116 152 
1111 151 
1105 151 
1100 151 
1095 151 
1089 150 
1084 150 
1079 150 
1073 150 
1068 150 
1063 150 
1057 150 
1052 150 
1047 150 
1042 150 
1036 150 
1031 150 
1026 150 
1020 150 
1015 150 
1010 150 
1004 150 
999 150 
994 151 
989 151 
983 151 
978 151 
973 152 
967 152 
962 153 
957 153 
952 153 
946 154 
941 154 
936 155 
931 155 
925 156 
920 156 
915 157 
909 158 
904 158 
899 159 
894 159 
888 160 
883 161 
878 162 
873 162 
867 163 
862 164 
857 165 
852 166 
847 167 
841 168 
836 168 
831 169 
826 170 
821 171 
816 172 
811 173 
806 175 
801 176 
796 177 
791 178 
786 179 
782 180 
777 182 
772 183 
767 185 
763 186 
758 188 
753 189 
749 191 
744 192 
739 194 
735 196 
730 198 
726 199 
722 201 
717 203 
713 205 
708 207 
704 209 
700 211 
696 214 
691 216 
687 218 
683 220 
679 223 
675 225 
671 227 
666 230 
662 232 
658 235 
654 237 
650 240 
647 243 
643 246 
639 248 
635 251 
631 254 
627 257 
624 260 
620 263 
616 266 
612 269 
609 272 
605 275 
602 278 
598 282 
594 285 
591 288 
587 292 
584 295 
581 298 
577 302 
574 305 
570 309 
567 313 
564 316 
560 320 
557 324 
554 328 
551 331 
548 335 
544 339 
541 343 
538 347 
535 351 
532 355 
529 359 
526 363 
523 368 
520 372 
517 376 
514 380 
511 385 
508 389 
506 393 
503 398 
500 402 
497 407 
494 412 
492 416 
489 421 
486 426 
484 430 
481 435 
478 440 
476 445 
473 450 
471 455 
468 460 
466 465 
463 470 
461 475 
458 480 
456 485 
454 490 
451 495 
449 501 
447 506 
444 511 
442 517 
440 522 
438 528 
436 533 
433 539 
431 544 
429 550 
427 555 
425 561 
423 567 
421 573 
419 578 
417 584 
415 590 
413 596 
411 602 
409 608 
407 614 
405 620 
404 626 
402 632 
400 638 
398 644 
396 651 
395 657 
393 663 
391 669 
390 676 
388 682 
386 689 
385 695 
383 702 
381 708 
380 715 
378 721 
377 728 
375 735 
374 741 
372 748 
371 755 
370 762 
368 768 
367 775 
366 781 
371 786 
376 791 
381 796 
394 794 
399 799 
404 804 
409 809 
414 814 
419 811 
424 808 
428 805 
433 802 
438 800 
443 797 
448 794 
453 791 
458 789 
463 786 
467 784 
472 781 
477 778 
482 776 
487 773 
492 771 
497 769 
501 766 
506 764 
511 762 
516 759 
521 757 
526 755 
531 753 
536 750 
540 748 
545 746 
550 744 
555 742 
560 740 
565 738 
570 736 
575 734 
579 732 
584 730 
589 729 
594 727 
599 725 
604 723 
609 722 
614 720 
618 718 
623 717 
628 715 
633 713 
638 712 
643 710 
648 709 
653 707 
658 706 
662 704 
667 703 
672 702 
677 700 
682 699 
687 698 
692 697 
697 695 
701 694 
706 693 
711 692 
716 691 
721 690 
726 689 
731 688 
736 687 
740 686 
745 685 
750 684 
755 683 
760 682 
765 681 
770 681 
775 680 
780 679 
784 678 
789 678 
794 677 
799 676 
804 676 
809 675 
814 675 
819 674 
823 674 
828 673 
833 673 
838 672 
843 672 
848 671 
853 671 
858 671 
863 670 
867 670 
872 670 
877 670 
882 669 
887 669 
892 669 
897 669 
902 669 
907 669 
911 669 
916 669 
921 669 
926 669 
931 669 
936 669 
941 669 
946 669 
951 669 
955 669 
960 670 
965 670 
970 670 
975 670 
980 671 
985 671 
990 671 
995 672 
999 672 
1004 673 
1009 673 
1014 673 
1019 674 
1024 674 
1029 675 
1034 676 
1039 676 
1043 677 
1048 677 
1053 678 
1058 679 
1063 679 
1068 680 
1073 681 
1078 682 
1083 682 
1087 683 
1092 684 
1097 685 
1102 686 
1107 687 
1112 688 
1117 689 
1122 690 
1127 691 
1132 692 
1136 693 
1141 694 
1146 695 
1151 696 
1156 697 
1161 698 
1166 699 
1171 701 
1176 702 
1180 703 
1185 704 
1190 706 
1195 707 
1200 708 
1205 710 
1210 711 
1215 712 
1220 714 
1225 715 
1229 717 
1234 718 
1239 720 
1244 721 
1249 723 
1254 724 
1259 726 
1264 728 
1269 729 
1273 731 
1278 733 
1283 734 
1288 736 
1293 738 
1298 740 
1303 741 
1308 743 
1313 745 
1318 747 
1322 749 
1327 751 
1332 752 
1337 754 
1342 756 
1347 758 
1352 760 
1357 762 
1362 764 
1367 766 
1371 768 
1376 770 
1381 773 
1386 775 
1391 777 
1396 779 
1401 781 
1406 783 
1411 786 
1415 788 
1420 790 
1425 793 
1430 795 
1435 798 
1440 800 
1444 803 
1449 805 
1454 808 
1458 811 
1463 814 
1467 816 
1472 819 
1477 822 
1481 825 
1486 828 
1490 831 
1494 834 
1499 837 
1503 840 
1507 844 
1512 847 
1516 850 
1520 853 
1524 857 
1529 860 
1533 864 
1537 867 
1541 871 
1545 874 
1549 878 
1553 881 
1557 885 
1561 889 
1565 893 
1569 896 
1573 900 
1577 904 
1580 908 
1584 912 
1588 916 
1592 920 
1595 924 
1599 928 
1603 933 
1606 937 
1610 941 
1613 945 
1617 950 
1621 954 
1624 959 
1628 963 
1631 967 
1634 972 
1638 977 
1641 981 
1644 986 
1648 991 
1651 995 
1654 1000 
1658 1005 
1661 1010 
1664 1015 
1667 1019 
1670 1024 
1673 1029 
1676 1034 
1680 1040 
1683 1045 
1686 1050 
1689 1055 
1692 1060 
1694 1065 
1697 1071 
1700 1076 
1703 1081 
1706 1087 
1709 1092 
1712 1098 
1714 1103 
1717 1109 
1720 1115 
1722 1120 
1725 1126 
1728 1132 
1730 1137 
1733 1143 
1736 1149 
1738 1155 
1741 1161 
1743 1167 
1744 1170 
1739 1175 
1734 1180 
1730 1184 
1725 1189 
1720 1194 
1716 1198 
1711 1203 
1706 1208 
1702 1212 
1697 1217 
1692 1222 
1687 1227 
1682 1232 
1678 1236 
1673 1241 
1668 1246 
1663 1251 
1658 1256 
1653 1261 
1648 1266 
1643 1271 
1638 1276 
1633 1281 
1628 1286 
1615 1283 
1611 1288 
1606 1293 
1601 1290 
1596 1288 
1591 1285 
1586 1282 
1581 1279 
1576 1276 
1571 1274 
1566 1271 
1561 1268 
1557 1266 
1552 1263 
1547 1261 
1542 1258 
1537 1256 
1532 1253 
1527 1251 
1522 1248 
1517 1246 
1513 1243 
1508 1241 
1503 1239 
1498 1237 
1493 1234 
1488 1232 
1483 1230 
1478 1228 
1473 1226 
1468 1224 
1464 1222 
1459 1220 
1454 1218 
1449 1216 
1444 1214 
1439 1212 
1434 1210 
1429 1208 
1424 1206 
1419 1205 
1414 1203 
1410 1201 
1405 1199 
1400 1198 
1395 1196 
1390 1195 
1385 1193 
1380 1191 
1375 1190 
1370 1188 
1365 1187 
1361 1185 
1356 1184 
1351 1183 
1346 1181 
1341 1180 
1336 1179 
1331 1177 
1326 1176 
1321 1175 
1316 1174 
1312 1173 
1307 1172 
1302 1170 
1297 1169 
1292 1168 
1287 1167 
1282 1166 
1277 1165 
1272 1164 
1267 1164 
1262 1163 
1258 1162 
1253 1161 
1248 1160 
1243 1159 
1238 1159 
1233 1158 
1228 1157 
1223 1157 
1218 1156 
1213 1155 
1209 1155 
1204 1154 
1199 1154 
1194 1153 
1189 1153 
1184 1152 
1179 1152 
1174 1151 
1169 1151 
1164 1151 
1159 1150 
1155 1150 
1150 1150 
1145 1149 
1140 1149 
1135 1149 
1130 1149 
1125 1149 
1120 1149 
1115 1149 
1110 1148 
1105 1148 
1101 1148 
1096 1148 
1091 1148 
1086 1148 
1081 1149 
1076 1149 
1071 1149 
1066 1149 
1061 1149 
1056 1149 
1051 1149 
1047 1150 
1042 1150 
1037 1150 
1032 1151 
1027 1151 
1022 1151 
1017 1152 
1012 1152 
1007 1153 
1002 1153 
997 1154 
993 1154 
988 1155 
983 1155 
978 1156 
973 1156 
968 1157 
963 1158 
958 1158 
953 1159 
948 1160 
943 1161 
939 1161 
934 1162 
929 1163 
924 1164 
919 1165 
914 1165 
909 1166 
904 1167 
899 1168 
894 1169 
889 1170 
885 1171 
880 1172 
875 1173 
870 1174 
865 1176 
860 1177 
855 1178 
850 1179 
845 1180 
840 1181 
835 1183 
830 1184 
826 1185 
821 1187 
816 1188 
811 1189 
806 1191 
801 1192 
796 1193 
791 1195 
786 1196 
781 1198 
776 1199 
772 1201 
767 1202 
762 1204 
757 1206 
752 1207 
747 1209 
742 1211 
737 1212 
732 1214 
727 1216 
722 1217 
718 1219 
713 1221 
708 1223 
703 1225 
698 1227 
693 1229 
689 1231 
684 1233 
679 1235 
675 1237 
670 1239 
665 1241 
661 1244 
656 1246 
652 1249 
647 1251 
643 1253 
638 1256 
634 1259 
629 1261 
625 1264 
621 1266 
617 1269 
612 1272 
608 1275 
604 1278 
600 1281 
595 1284 
591 1287 
587 1290 
583 1293 
579 1296 
575 1299 
571 1302 
567 1305 
563 1309 
559 1312 
556 1315 
552 1319 
548 1322 
544 1326 
540 1329 
537 1333 
533 1337 
529 1340 
526 1344 
522 1348 
518 1352 
515 1355 
511 1359 
508 1363 
504 1367 
501 1371 
497 1375 
494 1379 
490 1383 
487 1388 
484 1392 
480 1396 
477 1400 
474 1405 
471 1409 
467 1413 
464 1418 
461 1422 
458 1427 
455 1431 
452 1436 
449 1441 
446 1445 
443 1450 
440 1455 
437 1460 
434 1464 
431 1469 
428 1474 
425 1479 
422 1484 
420 1489 
417 1494 
414 1499 
411 1504 
409 1510 
406 1515 
403 1520 
401 1525 
398 1531 
395 1536 
393 1541 
390 1547 
388 1552 
385 1558 
383 1563 
380 1569 
378 1575 
375 1580 
373 1586 
371 1592 
368 1597 
366 1603 
364 1609 
361 1615 
359 1621 
357 1627 
355 1633 
352 1639 
350 1645 
348 1651 
346 1657 
346 1661 
351 1666 
355 1670 
360 1675 
365 1680 
369 1684 
374 1689 
379 1694 
384 1699 
388 1703 
393 1708 
398 1713 
403 1718 
408 1723 
420 1720 
425 1725 
430 1730 
434 1734 
439 1732 
444 1729 
449 1726 
453 1723 
458 1720 
463 1717 
468 1715 
472 1712 
477 1709 
482 1707 
487 1704 
491 1702 
496 1699 
501 1697 
506 1694 
510 1692 
515 1689 
520 1687 
525 1685 
529 1682 
534 1680 
539 1678 
544 1676 
548 1673 
553 1671 
558 1669 
563 1667 
567 1665 
572 1663 
577 1661 
582 1659 
586 1657 
591 1655 
596 1653 
601 1651 
605 1649 
610 1647 
615 1646 
620 1644 
624 1642 
629 1641 
634 1639 
639 1637 
644 1636 
648 1634 
653 1633 
658 1631 
663 1630 
667 1628 
672 1627 
677 1625 
682 1624 
686 1622 
691 1621 
696 1620 
701 1619 
705 1617 
710 1616 
715 1615 
720 1614 
725 1613 
729 1612 
734 1611 
739 1609 
744 1608 
748 1607 
753 1606 
758 1606 
763 1605 
768 1604 
772 1603 
777 1602 
782 1601 
787 1601 
791 1600 
796 1599 
801 1598 
806 1598 
811 1597 
815 1596 
820 1596 
825 1595 
830 1595 
834 1594 
839 1594 
844 1593 
849 1593 
854 1592 
858 1592 
863 1592 
868 1591 
873 1591 
878 1591 
882 1591 
887 1590 
892 1590 
897 1590 
901 1590 
906 1590 
911 1590 
916 1590 
921 1589 
925 1589 
930 1589 
935 1589 
940 1590 
945 1590 
949 1590 
954 1590 
959 1590 
964 1590 
969 1590 
973 1591 
978 1591 
983 1591 
988 1591 
993 1592 
997 1592 
1002 1592 
1007 1593 
1012 1593 
1017 1594 
1021 1594 
1026 1595 
1031 1595 
1036 1596 
1041 1596 
1045 1597 
1050 1597 
1055 1598 
1060 1599 
1065 1599 
1069 1600 
1074 1601 
1079 1602 
1084 1602 
1089 1603 
1093 1604 
1098 1605 
1103 1606 
1108 1607 
1113 1608 
1117 1608 
1122 1609 
1127 1610 
1132 1611 
1137 1612 
1142 1613 
1146 1615 
1151 1616 
1156 1617 
1161 1618 
1166 1619 
1170 1620 
1175 1621 
1180 1623 
1185 1624 
1190 1625 
1194 1626 
1199 1628 
1204 1629 
1209 1630 
1214 1632 
1219 1633 
1223 1635 
1228 1636 
1233 1638 
1238 1639 
1243 1641 
1247 1642 
1252 1644 
1257 1645 
1262 1647 
1267 1648 
1272 1650 
1276 1652 
1281 1653 
1286 1655 
1291 1657 
1296 1658 
1300 1660 
1305 1662 
1310 1664 
1315 1666 
1320 1667 
1325 1669 
1329 1671 
1334 1673 
1339 1675 
1344 1677 
1349 1679 
1354 1681 
1358 1683 
1363 1685 
1368 1687 
1373 1689 
1378 1691 
1383 1693 
1387 1695 
1392 1698 
1397 1700 
1402 1702 
1407 1704 
1412 1706 
1416 1709 
1421 1711 
1426 1713 
1431 1715 
1436 1718 
1441 1720 
1445 1722 
1450 1725 
1455 1727 
1460 1730 
1465 1732 
1470 1735 
1474 1737 
1479 1740 
1484 1742 
1489 1745 
1494 1747 
1499 1749 
1503 1747 
1508 1744 
1513 1741 
1518 1738 
1522 1735 
1527 1732 
1532 1730 
1537 1727 
1541 1724 
1546 1722 
1551 1719 
1556 1717 
1560 1714 
1565 1712 
1570 1709 
1575 1707 
1580 1704 
1584 1702 
1589 1700 
1594 1697 
1599 1695 
1603 1693 
1608 1690 
1613 1688 
1618 1686 
1623 1684 
1627 1682 
1632 1680 
1637 1678 
1642 1676 
1646 1674 
1651 1672 
1656 1670 
1661 1668 
1666 1666 
1670 1664 
1675 1662 
1680 1661 
1685 1659 
1689 1657 
1694 1656 
1699 1654 
1704 1652 
1709 1651 
1713 1649 
1718 1647 
1723 1646 
1728 1644 
1732 1643 
1737 1642 
1742 1640 
1747 1639 
1749 1637 
1744 1635 
1739 1632 
1733 1629 
1728 1626 
1723 1623 
1718 1620 
1712 1618 
1707 1615 
1702 1612 
1697 1610 
1692 1607 
1687 1605 
1682 1602 
1677 1600 
1672 1597 
1667 1595 
1662 1592 
1657 1590 
1652 1588 
1647 1585 
1642 1583 
1637 1581 
1632 1578 
1627 1576 
1622 1574 
1617 1572 
1612 1570 
1607 1568 
1602 1566 
1597 1564 
1593 1562 
1588 1560 
1583 1558 
1578 1556 
1573 1554 
1568 1552 
1563 1550 
1558 1549 
1553 1547 
1548 1545 
1543 1544 
1538 1542 
1533 1540 
1528 1539 
1524 1537 
1519 1535 
1514 1534 
1509 1532 
1504 1531 
1499 1530 
1494 1528 
1489 1527 
1484 1525 
1479 1524 
1474 1523 
1470 1522 
1465 1520 
1460 1519 
1455 1518 
1450 1517 
1446 1516 
1441 1515 
1436 1513 
1431 1512 
1427 1511 
1422 1510 
1417 1509 
1413 1509 
1408 1508 
1403 1507 
1399 1506 
1394 1505 
1390 1504 
1385 1503 
1381 1503 
1377 1502 
1372 1501 
1368 1501 
1364 1500 
1359 1499 
1355 1499 
1351 1498 
1346 1498 
1342 1497 
1338 1497 
1334 1496 
1330 1496 
1326 1495 
1322 1495 
1318 1495 
1314 1499 
1310 1499 
1306 1499 
1302 1500 
1298 1500 
1294 1500 
1291 1500 
1287 1500 
1283 1500 
1279 1501 
1276 1501 
1272 1501 
1268 1501 
1265 1502 
1261 1502 
1257 1502 
1254 1503 
1250 1503 
1247 1504 
1243 1504 
1240 1505 
1236 1505 
1233 1506 
1229 1506 
1225 1507 
1222 1507 
1218 1508 
1215 1509 
1211 1509 
1208 1510 
1204 1511 
1201 1511 
1197 1512 
1194 1513 
1190 1514 
1186 1515 
1183 1516 
1179 1516 
1176 1517 
1172 1518 
1168 1519 
1165 1520 
1161 1521 
1158 1522 
1154 1523 
1150 1524 
1147 1525 
1143 1527 
1140 1528 
1136 1529 
1132 1530 
1129 1531 
1125 1532 
1121 1534 
1118 1535 
1114 1536 
1110 1538 
1107 1539 
1103 1540 
1099 1542 
1096 1543 
1092 1544 
1088 1546 
1085 1547 
1081 1549 
1077 1550 
1074 1552 
1070 1553 
1066 1555 
1063 1557 
1059 1558 
1055 1560 
1051 1561 
1048 1563 
1044 1565 
1040 1566 
1036 1568 
1033 1570 
1029 1572 
1025 1574 
1021 1575 
1018 1577 
1014 1579 
1010 1581 
1006 1583 
1003 1585 
999 1587 
995 1589 
991 1591 
988 1593 
984 1595 
980 1597 
976 1599 
972 1601 
969 1603 
965 1605 
961 1607 
957 1609 
953 1612 
950 1614 
946 1616 
942 1618 
938 1621 
934 1623 
930 1625 
927 1627 
923 1630 
919 1632 
915 1635 
911 1637 
907 1639 
903 1642 
900 1644 
896 1647 
892 1649 
888 1652 
884 1654 
880 1657 
876 1659 
872 1662 
869 1665 
865 1667 
861 1670 
857 1673 
853 1675 
849 1678 
845 1681 
841 1683 
837 1686 
833 1689 
830 1692 
826 1695 
822 1697 
818 1700 
814 1703 
810 1706 
806 1709 
802 1712 
798 1715 
794 1718 
790 1721 
786 1724 
782 1727 
778 1730 
774 1733 
770 1736 
766 1739 
762 1742 
758 1745 
754 1748 
750 1745 
747 1742 
743 1740 
739 1737 
735 1734 
731 1731 
727 1729 
723 1726 
719 1723 
715 1721 
711 1718 
707 1715 
703 1713 
699 1710 
695 1708 
691 1706 
687 1703 
683 1701 
679 1698 
675 1696 
671 1694 
667 1692 
663 1689 
659 1687 
655 1685 
651 1683 
647 1681 
643 1679 
639 1677 
635 1675 
631 1673 
627 1671 
623 1669 
619 1667 
615 1665 
611 1663 
607 1661 
603 1660 
599 1658 
595 1656 
591 1654 
587 1653 
583 1651 
579 1649 
575 1648 
570 1646 
566 1645 
562 1643 
558 1642 
554 1640 
550 1639 
546 1638 
542 1636 
538 1635 
534 1634 
530 1632 
526 1631 
522 1630 
517 1629 
513 1628 
509 1626 
505 1625 
501 1624 
497 1623 
493 1622 
489 1621 
485 1620 
480 1619 
476 1618 
472 1618 
468 1617 
464 1616 
460 1615 
456 1614 
451 1614 
447 1613 
443 1612 
439 1611 
435 1611 
431 1610 
427 1610 
422 1609 
418 1609 
414 1608 
410 1608 
406 1607 
402 1607 
397 1606 
393 1606 
389 1606 
385 1605 
381 1605 
377 1605 
372 1604 
368 1604 
364 1604 
360 1604 
356 1604 
351 1604 
347 1603 
343 1603 
339 1603 
335 1603 
331 1603 
326 1603 
322 1603 
318 1603 
314 1604 
310 1604 
306 1604 
303 1603 
306 1600 
309 1597 
312 1594 
314 1592 
317 1589 
320 1586 
323 1583 
326 1581 
329 1578 
331 1575 
334 1573 
337 1570 
340 1568 
343 1565 
346 1563 
349 1560 
352 1558 
354 1556 
357 1553 
360 1551 
363 1549 
366 1546 
369 1544 
372 1542 
375 1540 
378 1538 
381 1536 
384 1533 
387 1531 
390 1529 
393 1527 
396 1525 
399 1524 
402 1522 
405 1520 
408 1518 
411 1516 
414 1514 
417 1513 
420 1511 
423 1509 
426 1507 
429 1506 
432 1504 
435 1503 
438 1501 
441 1500 
444 1498 
448 1497 
451 1495 
454 1494 
457 1492 
460 1491 
463 1490 
466 1488 
469 1487 
473 1486 
476 1485 
479 1484 
482 1482 
485 1481 
488 1480 
491 1479 
495 1478 
498 1477 
501 1476 
504 1475 
507 1474 
511 1473 
514 1472 
517 1472 
520 1471 
523 1470 
527 1469 
530 1468 
533 1468 
536 1467 
540 1466 
543 1466 
546 1465 
549 1464 
549 1464 
549 1463 
549 1463 
549 1462 
544 1459 
539 1457 
533 1454 
528 1451 
522 1448 
517 1445 
512 1443 
507 1440 
501 1437 
496 1435 
491 1432 
485 1430 
480 1427 
475 1425 
470 1422 
465 1420 
459 1417 
454 1415 
449 1412 
444 1410 
439 1408 
433 1406 
428 1403 
423 1401 
418 1399 
412 1397 
407 1395 
402 1393 
397 1391 
392 1389 
386 1387 
381 1385 
376 1383 
371 1381 
366 1379 
360 1377 
355 1375 
350 1374 
345 1372 
340 1370 
334 1368 
329 1367 
324 1365 
319 1364 
314 1362 
308 1360 
303 1359 
298 1357 
293 1356 
288 1355 
282 1353 
277 1352 
272 1350 
267 1349 
262 1348 
257 1346 
251 1345 
246 1344 
241 1343 
236 1342 
231 1341 
225 1339 
220 1338 
215 1337 
210 1336 
205 1335 
200 1334 
195 1333 
190 1333 
184 1332 
179 1331 
174 1330 
169 1329 
164 1328 
159 1328 
154 1327 
150 1326 
155 1323 
160 1320 
166 1318 
171 1315 
177 1312 
182 1309 
188 1307 
193 1304 
198 1301 
204 1299 
209 1296 
215 1293 
220 1291 
226 1288 
231 1286 
236 1284 
242 1281 
247 1279 
253 1276 
258 1274 
263 1272 
269 1270 
274 1267 
280 1265 
285 1263 
290 1261 
296 1259 
301 1257 
307 1255 
312 1253 
317 1251 
323 1249 
328 1247 
334 1245 
339 1243 
344 1241 
350 1239 
355 1238 
360 1236 
366 1234 
371 1232 
377 1231 
382 1229 
387 1227 
393 1226 
398 1224 
403 1223 
409 1221 
414 1220 
420 1218 
425 1217 
430 1216 
436 1214 
441 1213 
446 1212 
452 1210 
457 1209 
462 1208 
468 1207 
473 1206 
478 1204 
484 1203 
489 1202 
494 1201 
500 1200 
505 1199 
511 1198 
516 1197 
521 1196 
527 1196 
532 1195 
537 1194 
543 1193 
548 1192 
553 1192 
559 1191 
564 1190 
569 1189 
575 1189 
580 1188 
585 1188 
591 1187 
596 1187 
601 1186 
606 1186 
612 1185 
617 1185 
622 1184 
628 1184 
633 1184 
638 1183 
644 1183 
649 1183 
654 1182 
660 1182 
665 1182 
670 1182 
676 1182 
681 1182 
686 1181 
691 1181 
697 1181 
702 1181 
707 1181 
713 1181 
718 1181 
723 1181 
729 1182 
734 1182 
739 1182 
744 1182 
750 1182 
755 1182 
760 1183 
766 1183 
771 1183 
776 1184 
781 1184 
787 1184 
792 1185 
797 1185 
803 1186 
808 1186 
813 1186 
818 1187 
824 1188 
829 1188 
834 1189 
839 1189 
845 1190 
850 1191 
855 1191 
861 1192 
866 1193 
871 1193 
876 1194 
882 1195 
887 1196 
892 1197 
897 1198 
903 1198 
908 1199 
913 1200 
918 1201 
924 1202 
929 1203 
934 1204 
939 1205 
945 1206 
950 1207 
955 1209 
960 1210 
966 1211 
971 1212 
976 1213 
981 1214 
987 1216 
992 1217 
997 1218 
1002 1220 
1008 1221 
1013 1222 
1018 1224 
1023 1225 
1029 1226 
1034 1228 
1039 1229 
1044 1231 
1049 1232 
1055 1234 
1060 1235 
1065 1237 
1070 1239 
1076 1240 
1081 1242 
1086 1243 
1091 1245 
1097 1247 
1102 1249 
1107 1250 
1112 1252 
1117 1254 
1123 1256 
1128 1257 
1133 1259 
1138 1261 
1143 1263 
1149 1265 
1154 1267 
1159 1269 
1164 1271 
1170 1273 
1175 1275 
1180 1277 
1185 1279 
1190 1281 
1196 1283 
1201 1285 
1206 1287 
1211 1289 
1216 1292 
1222 1294 
1227 1296 
1232 1298 
1237 1295 
1242 1292 
1247 1290 
1252 1287 
1258 1284 
1263 1281 
1268 1278 
1273 1276 
1278 1273 
1283 1271 
1288 1268 
1293 1265 
1298 1263 
1304 1260 
1309 1258 
1314 1255 
1319 1253 
1324 1251 
1329 1248 
1334 1246 
1339 1244 
1344 1241 
1350 1239 
1355 1237 
1360 1235 
1365 1233 
1370 1231 
1375 1229 
1380 1226 
1385 1224 
1390 1222 
1395 1221 
1401 1219 
1406 1217 
1411 1215 
1416 1213 
1421 1211 
1426 1209 
1431 1208 
1436 1206 
1441 1204 
1446 1203 
1452 1201 
1457 1199 
1462 1198 
1467 1196 
1472 1195 
1477 1193 
1482 1192 
1487 1190 
1492 1189 
1497 1188 
1502 1186 
1508 1185 
1513 1184 
1518 1182 
1523 1181 
1528 1180 
1533 1179 
1538 1177 
1543 1176 
1548 1175 
1553 1174 
1558 1173 
1563 1172 
1569 1171 
1574 1170 
1579 1169 
1584 1168 
1589 1167 
1594 1167 
1599 1166 
1604 1165 
1609 1164 
1614 1163 
1619 1163 
1624 1162 
1630 1161 
1635 1161 
1640 1160 
1645 1160 
1650 1159 
1655 1158 
1660 1158 
1665 1157 
1670 1157 
1675 1157 
1680 1156 
1685 1156 
1690 1155 
1695 1155 
1701 1155 
1706 1155 
1711 1154 
1716 1154 
1721 1154 
1726 1154 
1731 1154 
1736 1153 
1741 1153 
1746 1153 
1743 1150 
1739 1147 
1736 1144 
1732 1142 
1729 1139 
1726 1136 
1722 1133 
1719 1131 
1716 1128 
1713 1125 
1709 1123 
1706 1120 
1703 1118 
1700 1115 
1696 1113 
1693 1110 
1690 1108 
1687 1106 
1683 1103 
1680 1101 
1677 1099 
1674 1096 
1671 1094 
1668 1092 
1664 1090 
1661 1088 
1658 1085 
1655 1083 
1652 1081 
1649 1079 
1646 1077 
1643 1075 
1639 1073 
1636 1072 
1633 1070 
1630 1068 
1627 1066 
1624 1064 
1620 1063 
1617 1061 
1614 1059 
1611 1057 
1608 1056 
1604 1054 
1601 1053 
1598 1051 
1595 1050 
1591 1048 
1588 1047 
1585 1045 
1582 1044 
1578 1042 
1575 1041 
1572 1040 
1569 1038 
1565 1037 
1562 1036 
1559 1035 
1555 1034 
1552 1032 
1549 1031 
1546 1030 
1542 1029 
1539 1028 
1536 1027 
1532 1026 
1529 1025 
1526 1024 
1522 1023 
1519 1022 
1516 1021 
1512 1021 
1509 1020 
1505 1019 
1502 1018 
1500 1018 
1500 1017 
1500 1016 
1500 1016 
1505 1013 
1510 1010 
1516 1007 
1521 1004 
1527 1001 
1532 999 
1538 996 
1543 993 
1548 991 
1554 988 
1559 985 
1565 983 
1570 980 
1576 978 
1581 975 
1586 973 
1592 970 
1597 968 
1603 966 
1608 963 
1613 961 
1619 959 
1624 957 
1630 954 
1635 952 
1640 950 
1646 948 
1651 946 
1657 944 
1662 942 
1667 940 
1673 938 
1678 936 
1684 934 
1689 932 
1694 930 
1700 929 
1705 927 
1710 925 
1716 923 
1721 922 
1727 920 
1732 918 
1737 917 
1743 915 
1748 914 
1753 912 
1759 911 
1764 909 
1770 908 
1775 906 
1780 905 
1786 904 
1791 902 
1796 901 
1801 900 
1807 899 
1812 897 
1817 896 
1822 895 
1828 894 
1833 893 
1838 892 
1843 891 
1848 890 
1853 889 
1858 888 
1864 887 
1869 886 
1874 885 
1879 884 
1884 883 
1889 882 
1894 882 
1898 881 
1893 878 
1888 875 
1882 872 
1877 869 
1871 867 
1866 864 
1860 861 
1855 859 
1850 856 
1844 853 
1839 851 
1833 848 
1828 846 
1823 843 
1817 841 
1812 838 
1806 836 
1801 833 
1795 831 
1790 829 
1785 826 
1779 824 
1774 822 
1768 820 
1763 818 
1758 815 
1752 813 
1747 811 
1741 809 
1736 807 
1731 805 
1725 803 
1720 801 
1715 799 
1709 798 
1704 796 
1698 794 
1693 792 
1688 790 
1682 789 
1677 787 
1671 785 
1666 784 
1661 782 
1655 781 
1650 779 
1645 777 
1639 776 
1634 775 
1629 773 
1623 772 
1618 770 
1612 769 
1607 768 
1602 766 
1596 765 
1591 764 
1586 763 
1580 761 
1575 760 
1570 759 
1564 758 
1559 757 
1554 756 
1548 755 
1543 754 
1538 753 
1532 752 
1527 751 
1522 750 
1516 749 
1511 749 
1506 748 
1500 747 
1495 746 
1490 746 
1484 745 
1479 744 
1474 744 
1468 743 
1463 742 
1458 742 
1452 741 
1447 741 
1442 740 
1436 740 
1431 739 
1426 739 
1420 739 
1415 738 
1410 738 
1404 738 
1399 737 
1394 737 
1388 737 
1383 737 
1378 736 
1373 736 
1367 736 
1362 736 
1357 736 
1351 736 
1346 736 
1341 736 
1335 736 
1330 736 
1325 736 
1320 736 
1314 736 
1309 736 
1304 737 
1298 737 
1293 737 
1288 737 
1283 738 
1277 738 
1272 738 
1267 739 
1261 739 
1256 739 
1251 740 
1246 740 
1240 741 
1235 741 
1230 742 
1224 742 
1219 743 
1214 743 
1209 744 
1203 745 
1198 745 
1193 746 
1188 747 
1182 747 
1177 748 
1172 749 
1166 750 
1161 750 
1156 751 
1151 752 
1145 753 
1140 754 
1135 755 
1130 756 
1124 757 
1119 758 
1114 759 
1109 760 
1103 761 
1098 762 
1093 763 
1088 764 
1082 765 
1077 767 
1072 768 
1067 769 
1061 770 
1056 772 
1051 773 
1046 774 
1040 776 
1035 777 
1030 778 
1025 780 
1020 781 
1014 783 
1009 784 
1004 785 
999 787 
993 789 
988 790 
983 792 
978 793 
972 795 
967 796 
962 798 
957 800 
952 801 
946 803 
941 805 
936 807 
931 808 
925 810 
920 812 
915 814 
910 816 
905 818 
899 820 
894 822 
889 823 
884 825 
879 827 
873 829 
868 831 
863 834 
858 836 
852 838 
847 840 
842 842 
837 844 
832 846 
826 848 
821 845 
816 843 
811 840 
806 837 
801 834 
796 831 
791 829 
786 826 
780 823 
775 821 
770 818 
765 816 
760 813 
755 811 
750 808 
745 806 
740 803 
734 801 
729 799 
724 796 
719 794 
714 792 
709 789 
704 787 
699 785 
694 783 
688 781 
683 779 
678 777 
673 775 
668 773 
663 771 
658 769 
653 767 
648 765 
643 763 
637 761 
632 760 
627 758 
622 756 
617 754 
612 753 
607 751 
602 750 
597 748 
592 746 
586 745 
581 743 
576 742 
571 741 
566 739 
561 738 
556 736 
551 735 
546 734 
541 733 
536 731 
531 730 
525 729 
520 728 
515 727 
510 726 
505 724 
500 723 
495 722 
490 721 
485 720 
480 719 
475 719 
469 718 
464 717 
459 716 
454 715 
449 714 
444 714 
439 713 
434 712 
429 712 
424 711 
419 710 
414 710 
409 709 
403 709 
398 708 
393 708 
388 707 
383 707 
378 706 
373 706 
368 706 
363 705 
358 705 
353 705 
348 705 
343 704 
338 704 
333 704 
328 704 
323 704 
318 704 
313 703 
309 703 
304 703 
301 701 
305 698 
308 695 
311 693 
315 690 
318 687 
321 684 
325 681 
328 679 
331 676 
335 673 
338 671 
341 668 
345 666 
348 663 
352 661 
355 658 
358 656 
362 654 
365 651 
369 649 
372 647 
375 644 
379 642 
382 640 
386 638 
389 636 
393 634 
396 632 
400 629 
403 627 
406 625 
410 624 
413 622 
417 620 
420 618 
424 616 
427 614 
431 612 
434 611 
438 609 
441 607 
445 606 
448 604 
452 602 
455 601 
459 599 
462 598 
466 596 
470 595 
473 593 
477 592 
480 591 
484 589 
487 588 
491 587 
495 585 
498 584 
502 583 
505 582 
509 580 
512 579 
516 578 
520 577 
523 576 
527 575 
530 574 
534 573 
538 572 
541 571 
545 570 
548 570 
549 569 
549 568 
549 567 
549 566 
549 566 
549 565 
549 564 
544 561 
539 559 
533 556 
528 553 
522 550 
517 547 
511 545 
506 542 
501 539 
495 537 
490 534 
484 532 
479 529 
474 527 
468 524 
463 522 
457 519 
452 517 
446 515 
441 512 
436 510 
430 508 
425 505 
419 503 
414 501 
409 499 
403 497 
398 495 
392 493 
387 491 
382 489 
376 487 
371 485 
366 483 
360 481 
355 479 
349 477 
344 476 
339 474 
333 472 
328 470 
322 469 
317 467 
312 466 
306 464 
301 462 
296 461 
290 459 
285 458 
280 457 
274 455 
269 454 
263 452 
258 451 
253 450 
247 449 
242 447 
237 446 
231 445 
226 444 
221 443 
216 442 
210 440 
205 439 
200 438 
195 437 
190 436 
185 435 
179 435 
174 434 
169 433 
164 432 
160 431 
155 430 
150 430 
155 427 
161 424 
166 421 
171 418 
177 415 
182 413 
188 410 
193 407 
199 405 
204 402 
209 399 
215 397 
220 394 
226 392 
231 389 
236 387 
242 385 
247 382 
253 380 
258 378 
264 375 
269 373 
274 371 
280 369 
285 366 
291 364 
296 362 
301 360 
307 358 
312 356 
318 354 
323 352 
328 350 
334 348 
339 346 
344 345 
350 343 
355 341 
361 339 
366 337 
371 336 
377 334 
382 332 
387 331 
393 329 
398 328 
404 326 
409 325 
414 323 
420 322 
425 320 
430 319 
436 318 
441 316 
446 315 
452 314 
457 313 
463 311 
468 310 
473 309 
479 308 
484 307 
489 306 
495 305 
500 304 
505 303 
511 302 
516 301 
521 300 
527 299 
532 298 
537 297 
543 297 
548 296 
553 295 
559 294 
564 294 
569 293 
575 292 
580 292 
585 291 
591 291 
596 290 
601 289 
607 289 
612 289 
617 288 
623 288 
628 287 
633 287 
639 287 
644 286 
649 286 
654 286 
660 286 
665 285 
670 285 
676 285 
681 285 
686 285 
692 285 
697 285 
702 285 
707 285 
713 285 
718 285 
723 285 
729 285 
734 285 
739 285 
745 285 
750 286 
755 286 
760 286 
766 286 
771 287 
776 287 
782 287 
787 288 
792 288 
797 289 
803 289 
808 289 
813 290 
818 290 
824 291 
829 292 
834 292 
840 293 
845 293 
850 294 
855 295 
861 295 
866 296 
871 297 
876 298 
882 298 
887 299 
892 300 
897 301 
903 302 
908 303 
913 304 
919 305 
924 306 
929 307 
934 308 
940 309 
945 310 
950 311 
955 312 
961 313 
966 314 
971 315 
976 317 
982 318 
987 319 
992 320 
997 322 
1002 323 
1008 324 
1013 326 
1018 327 
1023 328 
1029 330 
1034 331 
1039 333 
1044 334 
1050 336 
1055 337 
1060 339 
1065 340 
1071 342 
1076 344 
1081 345 
1086 347 
1091 349 
1097 350 
1102 352 
1107 354 
1112 355 
1118 357 
1123 359 
1128 361 
1133 363 
1138 365 
1144 366 
1149 368 
1154 370 
1159 372 
1164 374 
1170 376 
1175 378 
1180 380 
1185 382 
1191 384 
1196 386 
1201 389 
1206 391 
1211 393 
1217 395 
1222 397 
1227 399 
1232 396 
1237 394 
1242 391 
1247 388 
1253 385 
1258 382 
1263 380 
1268 377 
1273 374 
1278 372 
1283 369 
1288 367 
1293 364 
1299 362 
1304 359 
1309 357 
1314 354 
1319 352 
1324 349 
1329 347 
1334 345 
1339 343 
1345 340 
1350 338 
1355 336 
1360 334 
1365 332 
1370 330 
1375 328 
1380 326 
1385 324 
1390 322 
1396 320 
1401 318 
1406 316 
1411 314 
1416 312 
1421 311 
1426 309 
1431 307 
1436 305 
1441 304 
1446 302 
1452 301 
1457 299 
1462 297 
1467 296 
1472 294 
1477 293 
1482 292 
1487 290 
1492 289 
1497 287 
1503 286 
1508 285 
1513 283 
1518 282 
1523 281 
1528 280 
1533 279 
1538 278 
1543 276 
1548 275 
1553 274 
1558 273 
1564 272 
1569 271 
1574 270 
1579 270 
1584 269 
1589 268 
1594 267 
1599 266 
1604 265 
1609 265 
1614 264 
1619 263 
1625 263 
1630 262 
1635 261 
1640 261 
1645 260 
1650 260 
1655 259 
1660 259 
1665 258 
1670 258 
1675 257 
1680 257 
1685 257 
1690 256 
1696 256 
1701 256 
1706 255 
1711 255 
1716 255 
1721 255 
1726 255 
1731 255 
1736 255 
1741 254 
1746 254 
1751 254 
1756 254 
1761 254 
1767 254 
1772 255 
1777 255 
1782 255 
1787 255 
1792 255 
1797 255 
1802 256 
1807 256 
1812 256 
1817 256 
1822 257 
1827 257 
1832 257 
1837 258 
1842 258 
1848 259 
1853 259 
1858 260 
1863 260 
1868 261 
1873 261 
1878 262 
1883 262 
1888 263 
1893 264 
1898 264 
1899 265 
1899 266 
1899 267 
1899 267 
1899 268 
1899 269 
1899 270 
1899 271 
1899 271 
1899 272 
1899 273 
1899 274 
1899 275 
1899 276 
1899 277 
1899 278 
1899 279 
1899 280 
1899 282 
1899 283 
1899 284 
1899 285 
1899 286 
1899 288 
1899 289 
1899 290 
1899 291 
1894 288 
1889 286 
1883 283 
1878 280 
1873 277 
1867 274 
1862 272 
1857 269 
1851 266 
1846 264 
1841 261 
1836 259 
1830 256 
1825 253 
1820 251 
1815 249 
1810 246 
1804 244 
1799 241 
1794 239 
1789 237 
1784 235 
1779 232 
1773 230 
1768 228 
1763 226 
1758 224 
1753 222 
1748 220 
1743 218 
1737 216 
1732 214 
1727 212 
1722 210 
1717 208 
1712 206 
1707 204 
1701 203 
1696 201 
1691 199 
1686 197 
1681 196 
1676 194 
1671 192 
1665 191 
1660 189 
1655 188 
1650 186 
1645 185 
1640 183 
1635 182 
1630 181 
1624 179 
1619 178 
1614 177 
1609 175 
1604 174 
1599 173 
1594 172 
1588 171 
1583 170 
1578 168 
1573 167 
1568 166 
1563 165 
1558 164 
1553 163 
1547 162 
1542 162 
1537 161 
1532 160 
1527 159 
1522 158 
1517 157 
1512 157 
1506 156 
1501 155 
1496 155 
1491 154 
1486 153 
1481 153 
1476 152 
1471 152 
1466 151 
1460 151 
1455 150 
1450 150 
1445 149 
1440 149 
1435 149 
1430 148 
1425 148 
1420 148 
1414 147 
1409 147 
1404 147 
1399 147 
1394 147 
1389 147 
1384 146 
1379 146 
1374 146 
1368 146 
1363 146 
1358 146 
1353 146 
1348 146 
1343 147 
1338 147 
1333 147 
1328 147 
1323 147 
1317 147 
1312 148 
1307 148 
1302 148 
1297 149 
1292 149 
1287 149 
1282 150 
1277 150 
1272 151 
1266 151 
1261 152 
1256 152 
1251 153 
1246 153 
1241 154 
1236 154 
1231 155 
1226 156 
1221 156 
1216 157 
1210 158 
1205 158 
1200 159 
1195 160 
1190 161 
1185 162 
1180 163 
1175 163 
1170 164 
1165 165 
1160 166 
1155 167 
1149 168 
1144 169 
1139 170 
1134 171 
1129 172 
1124 174 
1119 175 
1114 176 
1109 177 
1104 178 
1099 179 
1094 181 
1088 182 
1083 183 
1078 185 
1073 186 
1068 187 
1063 189 
1058 190 
1053 191 
1048 193 
1043 194 
1038 196 
1033 197 
1028 199 
1023 200 
1017 202 
1012 204 
1007 205 
1002 207 
997 208 
992 210 
987 212 
982 214 
977 215 
972 217 
967 219 
962 221 
957 222 
952 224 
946 226 
941 228 
936 230 
931 232 
926 234 
921 236 
916 238 
911 240 
906 242 
901 244 
896 246 
891 248 
886 250 
881 252 
876 254 
871 257 
865 259 
860 261 
855 263 
850 265 
845 268 
840 270 
835 272 
830 275 
825 277 
820 279 
815 282 
810 284 
805 287 
800 289 
795 291 
790 294 
785 296 
779 299 
774 301 
769 304 
764 307 
759 309 
754 312 
749 314 
744 317 
739 320 
734 322 
729 325 
724 328 
719 331 
714 333 
709 336 
704 339 
699 342 
694 345 
689 347 
684 350 
678 353 
673 356 
668 359 
663 362 
658 365 
653 368 
648 371 
643 374 
638 377 
633 380 
628 383 
623 386 
618 389 
613 392 
608 395 
603 399 
598 399 
593 399 
588 399 
583 399 
579 399 
574 399 
570 399 
565 399 
561 399 
556 399 
552 400 
548 400 
543 400 
539 400 
535 400 
530 400 
526 401 
522 401 
517 401 
513 401 
509 402 
504 402 
500 403 
496 403 
492 404 
487 404 
483 405 
479 406 
475 406 
470 407 
466 408 
462 409 
458 410 
454 411 
450 412 
446 413 
442 414 
437 415 
434 417 
430 418 
426 419 
422 421 
418 422 
414 424 
410 425 
406 427 
403 428 
399 430 
395 432 
392 433 
388 435 
384 437 
381 439 
377 441 
373 443 
370 445 
366 447 
363 449 
360 451 
356 453 
353 455 
349 458 
346 460 
343 462 
339 465 
336 467 
333 470 
330 472 
327 475 
323 478 
320 480 
317 483 
314 486 
311 489 
308 491 
305 494 
302 497 
299 500 
296 503 
293 506 
290 510 
287 513 
285 516 
282 519 
279 522 
276 526 
273 529 
271 533 
268 536 
265 539 
263 543 
260 547 
257 550 
255 554 
252 558 
250 561 
247 565 
245 569 
242 573 
240 577 
237 581 
235 585 
233 589 
230 593 
228 597 
226 601 
223 605 
221 609 
219 614 
217 618 
215 622 
212 627 
213 628 
217 632 
220 635 
224 639 
227 642 
231 646 
235 649 
238 653 
242 657 
246 660 
249 664 
253 668 
257 672 
260 675 
264 679 
268 683 
272 687 
276 691 
280 695 
284 699 
288 702 
291 706 
295 710 
299 714 
304 718 
308 722 
312 727 
316 731 
320 735 
324 739 
328 743 
332 747 
336 751 
341 756 
345 760 
349 764 
353 768 
358 773 
362 777 
366 781 
371 786 
375 790 
387 787 
391 791 
396 796 
400 800 
404 804 
409 809 
413 813 
417 817 
422 822 
426 826 
430 830 
435 835 
439 832 
443 829 
447 826 
452 823 
456 820 
460 818 
464 815 
469 812 
473 810 
477 807 
481 804 
486 802 
490 799 
494 797 
498 794 
503 792 
507 789 
511 787 
516 785 
520 782 
524 780 
528 778 
533 776 
537 773 
541 771 
546 769 
550 767 
554 765 
558 763 
563 761 
567 759 
571 757 
576 755 
580 753 
584 751 
589 749 
593 748 
597 746 
601 744 
606 742 
610 741 
614 739 
619 737 
623 736 
627 734 
632 733 
636 731 
640 730 
645 728 
649 727 
653 725 
658 724 
662 723 
666 721 
671 720 
675 719 
680 717 
684 716 
688 715 
693 714 
697 713 
701 712 
706 711 
710 710 
714 709 
719 708 
723 707 
727 706 
732 705 
736 704 
741 703 
745 702 
749 701 
754 701 
758 700 
763 699 
767 698 
771 698 
776 697 
780 697 
784 696 
789 695 
793 695 
798 694 
802 694 
806 693 
811 693 
815 693 
820 692 
824 692 
828 691 
833 691 
837 691 
842 691 
846 690 
851 690 
855 690 
859 690 
864 690 
868 690 
873 690 
877 690 
882 690 
886 690 
890 690 
895 690 
899 690 
904 690 
908 690 
913 690 
917 690 
921 690 
926 691 
930 691 
935 691 
939 692 
944 692 
948 692 
953 693 
957 693 
961 693 
966 694 
970 694 
975 695 
979 695 
984 696 
988 696 
993 697 
997 698 
1002 698 
1006 699 
1011 700 
1015 700 
1020 701 
1024 702 
1029 702 
1033 703 
1037 704 
1042 705 
1046 706 
1051 707 
1055 708 
1060 709 
1064 709 
1069 710 
1073 711 
1078 712 
1082 714 
1087 715 
1091 716 
1096 717 
1100 718 
1105 719 
1109 720 
1114 721 
1118 723 
1123 724 
1127 725 
1132 726 
1136 728 
1141 729 
1145 730 
1150 732 
1154 733 
1159 735 
1164 736 
1168 738 
1173 739 
1177 741 
1182 742 
1186 744 
1191 745 
1195 747 
1200 748 
1204 750 
1209 752 
1213 753 
1218 755 
1222 757 
1227 759 
1231 760 
1236 762 
1241 764 
1245 766 
1250 768 
1254 769 
1259 771 
1263 773 
1268 775 
1272 777 
1277 779 
1281 781 
1286 783 
1291 785 
1295 787 
1300 789 
1304 791 
1309 793 
1313 795 
1318 798 
1322 800 
1327 802 
1332 804 
1336 806 
1341 809 
1345 811 
1350 813 
1354 816 
1359 818 
1364 820 
1368 823 
1373 825 
1377 827 
1382 830 
1386 832 
1391 835 
1396 837 
1400 840 
1405 842 
1409 845 
1414 847 
1419 849 
1423 849 
1428 849 
1432 849 
1436 849 
1441 849 
1445 849 
1449 849 
1453 849 
1457 849 
1461 849 
1465 849 
1469 849 
1473 849 
1477 849 
1480 849 
1484 849 
1488 849 
1491 850 
1495 850 
1499 850 
1502 850 
1506 850 
1510 850 
1513 851 
1517 851 
1521 851 
1524 851 
1528 852 
1531 852 
1535 853 
1538 853 
1542 854 
1545 855 
1549 855 
1552 856 
1556 857 
1559 858 
1563 858 
1566 859 
1569 860 
1573 861 
1576 862 
1579 864 
1583 865 
1586 866 
1589 867 
1592 868 
1595 870 
1599 871 
1602 873 
1605 874 
1608 876 
1611 877 
1614 879 
1617 881 
1620 882 
1623 884 
1626 886 
1629 888 
1631 890 
1634 892 
1637 894 
1640 896 
1643 898 
1645 900 
1648 902 
1651 904 
1653 907 
1656 909 
1659 911 
1661 914 
1664 916 
1666 918 
1669 921 
1671 924 
1674 926 
1676 929 
1679 932 
1681 934 
1684 937 
1686 940 
1688 943 
1691 946 
1693 949 
1695 952 
1697 955 
1700 958 
1702 961 
1704 964 
1706 967 
1708 971 
1711 974 
1713 977 
1715 981 
1717 984 
1719 988 
1721 991 
1723 995 
1725 998 
1727 1002 
1729 1006 
1731 1009 
1732 1013 
1734 1017 
1736 1021 
1738 1025 
1740 1029 
1742 1032 
1743 1037 
1745 1041 
1747 1045 
1748 1049 
1750 1053 
1752 1057 
1753 1061 
1755 1066 
1757 1070 
1758 1074 
1760 1079 
1761 1083 
1763 1088 
1764 1092 
1766 1097 
1767 1101 
1769 1106 
1770 1111 
1771 1115 
1773 1120 
1774 1125 
1776 1130 
1777 1135 
1776 1138 
1773 1141 
1769 1145 
1765 1149 
1762 1152 
1758 1156 
1754 1160 
1750 1164 
1747 1167 
1743 1171 
1739 1175 
1735 1179 
1731 1183 
1727 1187 
1724 1190 
1720 1194 
1716 1198 
1712 1202 
1708 1206 
1704 1210 
1700 1214 
1696 1218 
1691 1222 
1687 1227 
1683 1231 
1679 1235 
1675 1239 
1671 1243 
1667 1247 
1662 1252 
1654 1245 
1651 1248 
1647 1252 
1643 1256 
1640 1259 
1636 1263 
1633 1266 
1629 1270 
1625 1274 
1622 1277 
1618 1281 
1615 1284 
1611 1288 
1607 1292 
1604 1295 
1600 1299 
1597 1299 
1593 1299 
1590 1299 
1586 1299 
1583 1299 
1579 1299 
1576 1299 
1573 1299 
1569 1299 
1566 1299 
1563 1299 
1560 1299 
1556 1299 
1553 1299 
1550 1299 
1547 1299 
1544 1299 
1541 1299 
1538 1299 
1535 1299 
1532 1299 
1529 1299 
1526 1299 
1523 1299 
1520 1299 
1517 1299 
1514 1299 
1511 1299 
1508 1299 
1505 1299 
1502 1299 
1500 1299 
1497 1299 
1494 1299 
1491 1299 
1488 1299 
1486 1299 
1483 1299 
1480 1299 
1477 1299 
1474 1299 
1472 1299 
1469 1299 
1466 1299 
1464 1299 
1461 1299 
1458 1299 
1456 1299 
1453 1299 
1450 1299 
1448 1299 
1445 1299 
1442 1299 
1440 1299 
1437 1299 
1434 1299 
1432 1299 
1429 1299 
1427 1299 
1424 1299 
1421 1299 
1419 1299 
1416 1299 
1414 1299 
1411 1299 
1408 1299 
1406 1299 
1403 1299 
1401 1299 
1398 1299 
1396 1299 
1393 1299 
1391 1299 
1388 1299 
1386 1299 
1383 1299 
1380 1299 
1378 1299 
1375 1299 
1373 1299 
1370 1299 
1368 1299 
1365 1299 
1363 1299 
1360 1299 
1358 1299 
1355 1299 
1353 1299 
1350 1299 
1348 1299 
1345 1299 
1343 1299 
1340 1299 
1338 1297 
1335 1294 
1333 1291 
1330 1288 
1328 1285 
1325 1282 
1323 1280 
1320 1277 
1318 1274 
1315 1272 
1313 1269 
1310 1267 
1308 1264 
1305 1262 
1302 1259 
1300 1257 
1297 1254 
1295 1252 
1292 1250 
1289 1247 
1287 1245 
1284 1243 
1281 1241 
1279 1238 
1276 1236 
1273 1234 
1271 1232 
1268 1230 
1265 1228 
1263 1226 
1260 1224 
1257 1222 
1255 1220 
1252 1218 
1249 1216 
1246 1214 
1244 1212 
1241 1211 
1238 1209 
1235 1207 
1233 1206 
1230 1204 
1227 1202 
1224 1201 
1222 1199 
1219 1198 
1216 1196 
1213 1195 
1210 1193 
1207 1192 
1205 1190 
1202 1189 
1199 1187 
1196 1186 
1193 1185 
1190 1184 
1187 1182 
1185 1181 
1182 1180 
1179 1179 
1176 1178 
1173 1177 
1170 1176 
1167 1174 
1164 1173 
1161 1172 
1158 1171 
1155 1171 
1152 1170 
1149 1169 
1147 1168 
1144 1167 
1141 1166 
1138 1166 
1135 1165 
1132 1164 
1129 1163 
1126 1163 
1123 1162 
1120 1161 
1117 1161 
1114 1160 
1110 1160 
1107 1159 
1104 1159 
1101 1158 
1098 1158 
1095 1157 
1092 1157 
1089 1157 
1086 1156 
1083 1156 
1080 1156 
1077 1156 
1074 1155 
1070 1155 
1067 1155 
1064 1155 
1061 1155 
1058 1155 
1055 1155 
1052 1154 
1049 1154 
1045 1154 
1042 1155 
1039 1155 
1036 1155 
1033 1155 
1030 1155 
1026 1155 
1023 1155 
1020 1155 
1017 1156 
1014 1156 
1010 1156 
1007 1156 
1004 1157 
1001 1157 
997 1157 
994 1158 
991 1158 
988 1159 
984 1159 
981 1160 
978 1160 
975 1161 
971 1161 
968 1162 
965 1162 
961 1163 
958 1164 
955 1164 
952 1165 
948 1166 
945 1167 
942 1167 
938 1168 
935 1169 
932 1170 
928 1171 
925 1172 
921 1173 
918 1173 
915 1174 
911 1175 
908 1176 
905 1177 
901 1178 
898 1180 
894 1181 
891 1182 
888 1183 
884 1184 
881 1185 
877 1186 
874 1188 
871 1189 
867 1190 
864 1191 
860 1193 
857 1194 
853 1195 
850 1197 
846 1198 
843 1200 
840 1201 
836 1203 
833 1204 
829 1206 
826 1207 
822 1209 
819 1210 
815 1212 
812 1213 
808 1215 
805 1217 
801 1218 
798 1220 
794 1222 
790 1223 
787 1225 
783 1227 
780 1229 
776 1231 
773 1232 
769 1234 
766 1236 
762 1238 
758 1240 
755 1242 
751 1244 
748 1246 
744 1248 
741 1250 
737 1252 
733 1254 
730 1256 
726 1258 
723 1260 
719 1263 
715 1265 
712 1267 
708 1269 
704 1271 
701 1274 
697 1276 
694 1278 
690 1280 
686 1283 
683 1285 
679 1287 
675 1290 
672 1292 
668 1295 
664 1297 
661 1299 
657 1299 
653 1299 
650 1299 
646 1299 
643 1299 
639 1299 
636 1299 
632 1299 
629 1299 
626 1299 
622 1299 
619 1299 
616 1299 
613 1299 
609 1299 
606 1299 
603 1299 
600 1299 
597 1299 
594 1300 
591 1300 
587 1300 
584 1300 
581 1300 
578 1301 
575 1301 
572 1301 
569 1302 
566 1302 
563 1303 
560 1304 
557 1304 
554 1305 
551 1306 
548 1307 
545 1307 
542 1308 
539 1309 
536 1310 
533 1311 
530 1312 
527 1314 
525 1315 
522 1316 
519 1317 
516 1319 
514 1320 
511 1321 
508 1323 
505 1324 
503 1326 
500 1328 
498 1329 
495 1331 
493 1333 
490 1334 
488 1336 
485 1338 
483 1340 
480 1342 
478 1344 
476 1346 
473 1348 
471 1350 
469 1353 
466 1355 
464 1357 
462 1359 
460 1362 
457 1364 
455 1367 
453 1369 
451 1372 
449 1374 
447 1377 
445 1380 
443 1382 
441 1385 
439 1388 
437 1391 
435 1394 
433 1397 
431 1400 
429 1403 
427 1406 
425 1409 
423 1412 
422 1415 
420 1419 
418 1422 
416 1425 
415 1428 
413 1432 
411 1435 
410 1439 
408 1442 
406 1446 
405 1450 
403 1453 
402 1457 
400 1461 
399 1464 
397 1468 
396 1472 
394 1476 
393 1480 
391 1484 
390 1488 
389 1492 
387 1496 
386 1500 
385 1505 
383 1509 
382 1513 
381 1517 
379 1522 
378 1526 
377 1531 
376 1535 
375 1539 
374 1544 
372 1549 
371 1553 
370 1558 
369 1563 
368 1567 
367 1572 
366 1577 
365 1582 
364 1587 
363 1592 
362 1597 
361 1602 
360 1607 
360 1612 
359 1617 
358 1622 
357 1627 
356 1632 
355 1638 
355 1643 
354 1648 
353 1654 
352 1659 
352 1665 
353 1668 
357 1672 
361 1676 
365 1680 
369 1684 
373 1688 
377 1692 
381 1696 
385 1700 
389 1704 
393 1708 
398 1713 
402 1717 
406 1721 
410 1725 
414 1729 
418 1726 
422 1722 
426 1718 
430 1715 
434 1711 
438 1707 
441 1704 
445 1700 
449 1697 
453 1694 
457 1690 
461 1687 
465 1684 
469 1680 
473 1677 
476 1674 
480 1671 
484 1668 
488 1664 
492 1661 
496 1658 
500 1655 
504 1652 
508 1649 
512 1646 
516 1643 
520 1641 
523 1638 
527 1635 
531 1632 
535 1629 
539 1627 
543 1624 
547 1621 
551 1619 
555 1616 
559 1614 
563 1611 
567 1609 
571 1606 
575 1604 
579 1601 
583 1599 
587 1597 
591 1594 
595 1592 
599 1590 
603 1588 
607 1586 
611 1583 
615 1581 
619 1579 
623 1577 
627 1575 
631 1573 
635 1571 
639 1569 
643 1567 
647 1565 
651 1564 
655 1562 
659 1560 
663 1558 
667 1556 
671 1555 
675 1553 
679 1551 
683 1550 
687 1548 
691 1547 
696 1545 
700 1544 
704 1542 
708 1541 
712 1539 
716 1538 
720 1536 
724 1535 
728 1534 
732 1533 
736 1531 
740 1530 
744 1529 
749 1528 
753 1527 
757 1525 
761 1524 
765 1523 
769 1522 
773 1521 
777 1520 
781 1519 
786 1518 
790 1518 
794 1517 
798 1516 
802 1515 
806 1514 
810 1513 
814 1513 
819 1512 
823 1511 
827 1511 
831 1510 
835 1509 
839 1509 
843 1508 
848 1508 
852 1507 
856 1507 
860 1506 
864 1506 
868 1506 
873 1505 
877 1505 
881 1505 
885 1504 
889 1504 
894 1504 
898 1504 
902 1503 
906 1503 
910 1503 
914 1503 
919 1503 
923 1503 
927 1503 
931 1503 
935 1503 
940 1503 
944 1503 
948 1503 
952 1503 
957 1503 
961 1503 
965 1504 
969 1504 
973 1504 
978 1504 
982 1505 
986 1505 
990 1505 
995 1506 
999 1506 
1003 1506 
1007 1507 
1012 1507 
1016 1508 
1020 1508 
1024 1509 
1029 1509 
1033 1510 
1037 1510 
1041 1511 
1046 1512 
1050 1512 
1054 1513 
1058 1514 
1063 1515 
1067 1515 
1071 1516 
1076 1517 
1080 1518 
1084 1519 
1088 1519 
1093 1520 
1097 1521 
1101 1522 
1106 1523 
1110 1524 
1114 1525 
1118 1526 
1123 1527 
1127 1528 
1131 1529 
1136 1531 
1140 1532 
1144 1533 
1149 1534 
1153 1535 
1157 1536 
1161 1538 
1166 1539 
1170 1540 
1174 1542 
1179 1543 
1183 1544 
1187 1546 
1192 1547 
1196 1549 
1200 1550 
1205 1551 
1209 1553 
1213 1555 
1218 1556 
1222 1558 
1226 1559 
1231 1561 
1235 1562 
1240 1564 
1244 1566 
1248 1567 
1253 1569 
1257 1571 
1261 1573 
1266 1574 
1270 1576 
1274 1578 
1279 1580 
1283 1582 
1287 1584 
1292 1585 
1296 1587 
1301 1589 
1305 1591 
1309 1593 
1314 1595 
1318 1597 
1323 1599 
1327 1601 
1331 1603 
1336 1605 
1340 1608 
1344 1610 
1349 1612 
1353 1614 
1358 1616 
1362 1618 
1366 1621 
1371 1623 
1375 1625 
1380 1628 
1384 1630 
1389 1632 
1393 1635 
1397 1637 
1402 1639 
1406 1642 
1411 1644 
1415 1647 
1419 1649 
1424 1652 
1428 1654 
1433 1657 
1437 1659 
1442 1662 
1446 1664 
1450 1667 
1455 1669 
1459 1672 
1464 1675 
1468 1677 
1473 1680 
1477 1683 
1481 1686 
1486 1688 
1490 1691 
1495 1694 
1499 1697 
1504 1699 
1508 1702 
1513 1705 
1517 1708 
1522 1711 
1526 1714 
1530 1717 
1535 1720 
1539 1723 
1544 1726 
1548 1729 
1553 1732 
1557 1735 
1562 1738 
1566 1741 
1571 1744 
1575 1747 
1580 1749 
1584 1749 
1588 1749 
1593 1749 
1597 1747 
1601 1744 
1605 1741 
1610 1738 
1614 1735 
1618 1732 
1622 1730 
1627 1727 
1631 1724 
1635 1722 
1639 1719 
1644 1717 
1648 1714 
1652 1712 
1656 1709 
1661 1707 
1665 1704 
1669 1702 
1673 1700 
1678 1697 
1682 1695 
1686 1693 
1691 1690 
1695 1688 
1699 1686 
1703 1684 
1708 1682 
1712 1680 
1716 1678 
1721 1676 
1725 1674 
1729 1672 
1734 1670 
1738 1668 
1742 1666 
1746 1664 
1751 1662 
1755 1661 
1759 1659 
1764 1657 
1768 1656 
1772 1654 
1777 1652 
1781 1651 
1785 1649 
1790 1648 
1794 1646 
1798 1644 
1803 1643 
1807 1642 
1811 1640 
1816 1639 
1820 1637 
1824 1636 
1829 1635 
1833 1634 
1837 1632 
1842 1631 
1846 1630 
1850 1629 
1855 1628 
1859 1627 
1863 1625 
1868 1624 
1872 1623 
1877 1622 
1881 1621 
1885 1621 
1890 1620 
1894 1619 
1898 1618 
1903 1617 
