144 2022-06-17
1806 216 50 
1806 215 50 
1806 216 49 
1806 216 49 
1806 216 49 
1806 216 49 
1807 217 49 
1807 217 49 
1807 217 49 
1808 217 49 
1808 218 49 
1809 218 49 
1810 218 48 
1811 219 48 
1811 219 48 
1812 219 48 
1813 219 48 
1814 220 48 
1815 220 48 
1816 221 48 
1818 221 48 
1819 221 48 
1820 222 48 
1821 222 48 
1823 222 48 
1824 223 48 
1826 223 48 
1827 224 48 
1829 224 48 
1831 224 47 
1832 225 47 
1834 225 47 
1836 226 47 
1838 226 47 
1840 227 47 
1842 227 47 
1844 227 47 
1846 228 47 
1848 228 47 
1850 229 47 
1853 229 47 
1855 230 47 
1857 230 47 
1860 231 47 
1862 231 47 
1864 232 47 
1867 232 47 
1870 233 47 
1872 233 47 
1875 234 47 
1878 234 47 
1880 235 47 
1883 235 47 
1886 236 47 
1889 236 46 
1892 237 46 
1895 237 46 
1898 238 46 
1901 238 46 
1904 239 46 
1907 239 46 
1911 240 46 
1914 240 46 
1917 241 46 
1921 241 46 
1924 242 46 
1927 242 46 
1931 243 46 
1934 244 46 
1938 244 46 
1942 245 46 
1945 245 46 
1949 246 46 
1953 246 46 
1956 247 46 
1960 247 46 
1964 248 46 
1968 248 46 
1972 249 46 
1976 249 46 
1982 241 51 
1986 236 51 
1990 231 50 
1994 226 50 
1998 221 50 
2002 216 50 
2006 212 50 
2010 207 50 
2014 203 50 
2018 199 50 
2022 196 49 
2026 192 49 
2029 188 49 
2033 185 49 
2037 182 49 
2041 179 49 
2044 176 49 
2048 173 49 
2052 171 49 
2055 168 49 
2059 166 48 
2063 163 48 
2066 161 48 
2070 159 48 
2073 157 48 
2077 155 48 
2080 153 48 
2084 151 48 
2087 150 48 
2091 148 48 
2094 147 48 
2097 145 48 
2101 144 48 
2104 143 47 
2107 141 47 
2111 140 47 
2114 139 47 
2117 138 47 
2120 137 47 
2124 136 47 
2127 135 47 
2130 135 47 
2133 134 47 
2136 133 47 
2139 132 47 
2142 132 47 
2145 131 47 
2149 131 46 
2152 130 46 
2155 130 46 
2158 129 46 
2161 129 46 
2164 129 46 
2166 128 46 
2169 128 46 
2172 128 46 
2175 128 46 
2178 127 46 
2181 127 46 
2184 127 46 
2186 127 46 
2189 127 45 
2192 127 45 
2195 127 45 
2198 127 45 
2204 125 50 
2202 127 50 
2200 129 50 
2198 131 50 
2197 132 50 
2196 134 50 
2195 135 50 
2194 136 50 
2194 137 50 
2193 137 50 
2196 129 55 
2196 123 55 
2195 118 55 
2196 112 56 
2196 107 56 
2195 103 55 
2195 99 55 
2195 95 54 
2195 91 54 
2196 87 54 
2196 83 54 
2196 79 53 
2197 75 53 
2197 72 53 
2198 69 53 
2198 65 53 
2199 62 52 
2200 59 52 
2200 56 52 
2201 54 52 
2202 51 52 
2203 48 51 
2204 46 51 
2205 44 51 
2206 41 51 
2207 39 51 
2209 37 50 
2210 35 50 
2211 34 50 
2213 32 50 
2214 31 50 
2215 29 49 
2217 28 49 
2219 27 49 
2220 26 49 
2222 25 49 
2224 24 48 
2226 23 48 
2227 23 48 
2229 22 48 
2231 22 47 
2233 21 47 
2235 21 47 
2237 21 46 
2239 21 46 
2241 22 45 
2244 21 46 
2246 21 46 
2249 22 46 
2252 22 47 
2254 22 47 
2257 23 47 
2260 24 47 
2263 24 47 
2265 25 47 
2268 26 48 
2271 27 48 
2274 28 48 
2277 30 48 
2280 31 48 
2282 30 50 
2280 33 50 
2278 35 50 
2277 37 50 
2275 39 50 
2274 41 50 
2272 42 50 
2271 44 50 
2270 45 50 
2269 46 50 
2268 47 50 
2267 48 50 
2266 49 50 
2266 50 50 
2265 51 50 
2265 51 50 
2264 52 50 
2264 52 50 
2264 52 50 
2263 53 50 
2263 53 50 
2263 53 50 
2263 54 50 
2263 54 50 
2262 54 50 
2262 54 50 
2262 54 50 
2262 54 50 
2262 55 50 
2262 55 50 
2262 55 50 
2261 55 50 
2261 55 50 
2261 55 50 
2261 56 50 
2261 56 50 
2264 47 56 
2264 41 56 
2264 36 55 
2264 30 55 
2264 25 55 
2265 20 55 
2265 15 54 
2265 10 54 
2266 5 54 
2266 1 54 
2267 -3 53 
2268 -7 53 
2268 -11 53 
2269 -15 53 
2270 -19 53 
2271 -23 53 
2272 -27 52 
2273 -31 52 
2274 -34 52 
2275 -37 52 
2276 -41 52 
2277 -44 51 
2279 -47 51 
2280 -50 51 
2281 -53 51 
2283 -55 51 
2284 -58 51 
2286 -60 50 
2287 -62 50 
2289 -65 50 
2291 -67 50 
2292 -69 50 
2294 -71 50 
2296 -72 49 
2298 -74 49 
2300 -76 49 
2302 -77 49 
2304 -78 49 
2306 -79 48 
2308 -80 48 
2311 -81 48 
2313 -82 48 
2315 -83 48 
2317 -84 47 
2320 -84 47 
2322 -85 47 
2325 -85 47 
2327 -85 46 
2330 -85 46 
2332 -85 45 
2335 -84 45 
2338 -85 45 
2341 -85 46 
2344 -84 46 
2347 -84 46 
2350 -84 46 
2353 -83 47 
2356 -83 47 
2360 -82 47 
2363 -81 47 
2366 -80 47 
2370 -79 47 
2373 -78 47 
2376 -76 47 
2380 -75 48 
2383 -74 48 
2387 -72 48 
2390 -70 48 
2394 -69 48 
2398 -67 48 
2401 -65 48 
2405 -63 48 
2409 -61 48 
2413 -58 48 
2416 -56 48 
2420 -54 48 
2424 -51 48 
2426 -47 44 
2430 -47 44 
2434 -47 43 
2438 -46 43 
2442 -46 43 
2446 -46 43 
2450 -46 43 
2455 -46 43 
2459 -46 43 
2463 -46 43 
2468 -46 43 
2472 -46 43 
2476 -46 43 
2481 -46 43 
2485 -46 43 
2490 -46 43 
2494 -46 43 
2499 -46 43 
2503 -46 43 
2508 -46 43 
2513 -46 43 
2517 -46 43 
2522 -46 43 
2527 -46 43 
2531 -46 43 
2536 -46 43 
2541 -46 43 
2545 -46 43 
2550 -46 43 
2555 -46 43 
2559 -46 43 
2564 -46 43 
2569 -46 43 
2574 -46 43 
2578 -46 43 
2583 -46 43 
2588 -46 43 
2593 -46 43 
2597 -46 43 
2602 -46 43 
2607 -46 43 
2612 -46 43 
2617 -46 43 
2621 -46 43 
2626 -46 43 
2631 -46 43 
2636 -46 43 
2641 -46 43 
2645 -46 43 
2650 -46 43 
2655 -46 43 
2660 -46 43 
2665 -46 43 
2670 -46 43 
2674 -46 43 
2679 -46 43 
2684 -46 43 
2689 -46 43 
2694 -46 43 
2698 -46 43 
2703 -46 43 
2707 -47 44 
2711 -47 44 
2714 -47 44 
2721 -56 52 
2724 -62 52 
2727 -68 52 
2730 -73 52 
2732 -79 52 
2735 -84 52 
2737 -89 52 
2740 -94 52 
2742 -99 51 
2744 -103 51 
2747 -108 51 
2749 -112 51 
2751 -117 51 
2753 -121 51 
2755 -125 51 
2756 -129 51 
2758 -133 51 
2760 -136 51 
2761 -140 51 
2763 -143 51 
2764 -147 51 
2766 -150 51 
2767 -153 51 
2768 -156 51 
2769 -159 51 
2770 -162 51 
2771 -164 51 
2772 -167 51 
2773 -169 51 
2774 -172 51 
2775 -174 51 
2775 -176 51 
2776 -178 51 
2776 -180 51 
2777 -181 51 
2777 -183 51 
2778 -185 51 
2778 -186 52 
2778 -187 52 
2778 -188 52 
2779 -190 52 
2779 -191 52 
2778 -191 51 
2778 -192 51 
2777 -192 51 
2777 -192 50 
2776 -193 50 
2776 -193 49 
2775 -193 49 
2774 -193 48 
2773 -192 47 
2773 -192 48 
2773 -192 48 
2772 -192 49 
2771 -192 49 
2770 -191 49 
2770 -191 49 
2769 -190 49 
2768 -189 49 
2767 -188 49 
2766 -187 49 
2764 -186 49 
2763 -185 49 
2762 -184 49 
2760 -182 50 
2759 -181 50 
2758 -179 50 
2756 -178 50 
2755 -176 50 
2753 -174 50 
2751 -172 50 
2750 -170 50 
2748 -168 50 
2746 -166 50 
2744 -163 50 
2742 -161 50 
2740 -158 50 
2738 -156 50 
2736 -153 50 
2734 -150 50 
2732 -147 50 
2729 -144 50 
2727 -141 50 
2725 -138 50 
2722 -135 50 
2720 -131 50 
2717 -128 50 
2715 -125 50 
2712 -121 50 
2710 -117 50 
2707 -113 50 
2704 -110 50 
2701 -106 50 
2699 -102 50 
2696 -97 50 
2693 -93 51 
2690 -89 51 
2687 -85 51 
2684 -80 51 
2681 -76 51 
2677 -71 51 
2674 -66 51 
2671 -62 51 
2668 -57 51 
2664 -52 51 
2658 -47 44 
2654 -47 44 
2651 -47 44 
2647 -47 44 
2643 -47 44 
2639 -47 44 
2635 -47 44 
2631 -47 44 
2627 -47 44 
2623 -47 43 
2619 -46 43 
2615 -46 43 
2611 -46 43 
2606 -46 43 
2602 -46 43 
2598 -46 43 
2594 -46 43 
2589 -46 43 
2585 -46 43 
2580 -46 43 
2576 -46 43 
2571 -46 43 
2567 -46 43 
2562 -46 43 
2558 -46 43 
2553 -46 43 
2549 -46 43 
2544 -46 43 
2539 -46 43 
2535 -46 43 
2530 -46 43 
2525 -46 43 
2521 -46 43 
2516 -46 43 
2511 -46 43 
2507 -46 43 
2502 -46 43 
2497 -46 43 
2492 -46 43 
2488 -46 43 
2483 -46 43 
2478 -46 43 
2473 -46 43 
2469 -46 43 
2464 -46 43 
2459 -46 43 
2454 -46 43 
2449 -46 43 
2445 -46 43 
2440 -46 43 
2435 -46 43 
2430 -46 43 
2425 -46 43 
2421 -46 43 
2416 -46 43 
2411 -46 43 
2406 -46 43 
2401 -46 43 
2396 -46 43 
2395 -56 50 
2390 -61 50 
2385 -67 50 
2380 -72 50 
2375 -78 50 
2370 -83 50 
2365 -88 50 
2360 -93 49 
2355 -98 49 
2350 -102 49 
2345 -107 49 
2339 -111 49 
2334 -115 49 
2329 -120 49 
2323 -124 49 
2318 -127 49 
2313 -131 48 
2307 -135 48 
2302 -138 48 
2296 -142 48 
2291 -145 48 
2285 -148 48 
2280 -151 48 
2274 -154 48 
2268 -157 48 
2263 -160 47 
2257 -162 47 
2251 -165 47 
2246 -167 47 
2240 -169 47 
2234 -171 47 
2228 -173 47 
2222 -175 46 
2217 -177 46 
2211 -179 46 
2205 -180 46 
2199 -182 46 
2193 -183 46 
2187 -184 46 
2181 -185 45 
2174 -186 45 
2168 -187 45 
2162 -188 45 
2156 -189 45 
2150 -189 44 
2144 -189 44 
2137 -190 44 
2131 -190 44 
2125 -190 43 
2118 -190 43 
2112 -189 42 
2106 -190 43 
2099 -190 43 
2093 -190 44 
2087 -189 44 
2081 -189 44 
2075 -188 44 
2068 -188 44 
2062 -187 45 
2055 -186 45 
2049 -185 45 
2043 -184 45 
2036 -183 45 
2030 -182 45 
2023 -180 45 
2016 -179 45 
2010 -177 46 
2003 -176 46 
1997 -174 46 
1990 -172 46 
1984 -170 46 
1977 -168 46 
1971 -166 46 
1964 -164 46 
1958 -161 46 
1951 -159 46 
1944 -157 47 
1938 -154 47 
1931 -151 47 
1925 -148 47 
1918 -146 47 
1911 -143 47 
1904 -140 47 
1898 -136 47 
1891 -133 47 
1884 -130 47 
1877 -126 47 
1870 -123 47 
1863 -119 47 
1856 -116 47 
1850 -112 47 
1843 -108 47 
1833 -95 42 
1826 -96 42 
1819 -96 43 
1812 -96 43 
1805 -95 43 
1798 -95 44 
1791 -94 44 
1784 -94 44 
1777 -93 44 
1770 -92 44 
1763 -91 44 
1755 -90 45 
1748 -89 45 
1741 -88 45 
1734 -87 45 
1727 -85 45 
1719 -84 45 
