72 2022-06-29
850 499 50 
849 500 50 
849 501 50 
848 502 50 
847 504 50 
846 506 50 
844 508 50 
842 511 50 
841 514 50 
839 518 51 
838 522 51 
836 526 52 
835 531 52 
835 536 52 
834 541 53 
833 547 53 
833 553 53 
833 559 54 
833 566 54 
833 573 55 
833 581 54 
833 589 54 
833 597 54 
834 606 54 
835 615 54 
837 625 53 
838 634 53 
840 644 53 
842 655 53 
844 665 53 
847 676 53 
850 687 53 
853 699 53 
856 711 53 
859 723 53 
863 735 53 
866 748 53 
870 761 53 
875 774 53 
879 788 53 
884 802 53 
889 816 53 
894 831 53 
899 845 53 
904 860 53 
910 875 53 
916 891 53 
921 907 53 
928 923 53 
934 939 53 
936 952 44 
943 952 44 
949 950 49 
949 950 49 
949 950 49 
949 950 49 
949 950 49 
949 950 49 
949 950 49 
949 950 49 
949 950 49 
953 935 56 
953 924 56 
953 913 56 
952 903 55 
952 894 55 
952 885 55 
952 876 55 
952 868 55 
952 861 55 
952 854 54 
952 848 54 
952 842 54 
952 836 54 
937 831 47 
916 820 47 
895 809 47 
874 799 47 
854 789 47 
835 780 47 
816 771 47 
802 758 55 
802 751 55 
802 743 55 
802 737 55 
802 730 54 
802 725 54 
802 719 54 
802 715 53 
802 710 53 
811 706 47 
833 694 47 
855 684 46 
877 673 46 
899 664 46 
921 654 46 
943 646 46 
952 633 55 
952 625 55 
952 618 54 
952 611 54 
952 605 54 
952 599 54 
952 594 54 
951 589 53 
951 585 53 
926 577 47 
904 566 47 
883 555 47 
862 545 46 
841 536 46 
820 527 46 
800 518 46 
802 506 55 
802 498 55 
802 491 54 
802 485 54 
802 477 55 
802 468 55 
803 459 56 
803 448 56 
803 436 56 
803 423 56 
803 409 57 
803 394 57 
803 379 57 
803 363 57 
803 346 57 
804 328 58 
804 310 58 
804 291 58 
804 272 58 
804 253 58 
804 233 58 
804 213 58 
804 193 58 
804 173 58 
804 153 58 
804 133 58 
804 113 58 
804 94 58 
804 74 58 
804 55 58 
804 36 58 
804 18 58 
804 1 58 
820 -4 47 
842 -15 47 
863 -26 47 
884 -36 46 
905 -45 46 
926 -54 46 
946 -63 46 
966 -71 46 
986 -78 46 
1005 -85 46 
1025 -92 46 
1044 -98 45 
1063 -103 45 
1082 -108 45 
1102 -113 45 
1121 -117 44 
1140 -120 44 
1159 -124 44 
1179 -126 44 
1198 -129 43 
1217 -131 43 
1236 -132 43 
1255 -133 42 
1275 -133 42 
1294 -133 41 
1313 -133 41 
1333 -133 42 
1353 -132 42 
1372 -131 43 
1392 -130 43 
1412 -128 43 
1431 -125 44 
1451 -122 44 
1470 -119 44 
1490 -116 44 
1510 -112 44 
1529 -107 45 
1549 -103 45 
1569 -98 45 
1588 -92 45 
1608 -86 45 
1627 -80 45 
1647 -74 46 
1667 -67 46 
1686 -59 46 
1706 -52 46 
1723 -45 40 
1741 -45 41 
1758 -45 41 
1774 -45 41 
1790 -45 41 
1805 -45 41 
1819 -46 42 
1833 -46 42 
1846 -46 42 
1859 -46 42 
1871 -46 42 
1883 -46 42 
1895 -46 42 
1907 -46 42 
1918 -46 42 
1929 -46 27 
1941 -46 30 
1951 -45 30 
1962 -43 31 
1972 -41 32 
1982 -37 32 
1992 -33 33 
2002 -27 33 
2012 -21 33 
2021 -15 34 
2030 -7 34 
2039 0 35 
2047 9 35 
2055 19 35 
2062 29 36 
2070 41 36 
2076 53 37 
2083 65 37 
2089 79 37 
2095 93 38 
2100 108 38 
2106 123 38 
2111 139 39 
2115 156 39 
2119 174 39 
2123 192 40 
2127 211 40 
2130 230 40 
2133 250 41 
2136 271 41 
2139 292 41 
2141 314 42 
2143 337 42 
2144 360 42 
2146 384 43 
2147 408 43 
2148 433 44 
2148 458 44 
2149 484 45 
2149 511 45 
2148 539 44 
2147 567 44 
2146 596 44 
2145 625 44 
2144 655 44 
2142 685 43 
2140 716 43 
2138 747 43 
2129 766 31 
2126 766 31 
2122 767 30 
2117 767 30 
2111 767 30 
2105 767 44 
2099 752 44 
2092 752 44 
2085 752 44 
2077 752 44 
2069 752 44 
2061 752 43 
2053 753 43 
2045 753 43 
2036 753 43 
2031 743 51 
2022 732 50 
2013 721 50 
2004 711 50 
1995 701 50 
1985 692 49 
1976 683 49 
1966 675 49 
1956 668 49 
1946 660 48 
1936 654 48 
1926 648 48 
1915 642 48 
1905 637 48 
1894 632 47 
1883 627 47 
1872 624 47 
1861 620 46 
1850 617 46 
1839 615 46 
1827 613 45 
1816 611 45 
1804 610 45 
1792 609 44 
1780 609 44 
1768 609 42 
1757 609 44 
1745 610 44 
1733 611 44 
1721 612 45 
1709 614 45 
1697 616 45 
1684 619 46 
1672 622 46 
1659 625 46 
1646 629 46 
1634 633 46 
1621 638 46 
1608 642 47 
1595 648 47 
1582 653 47 
1568 659 47 
1555 666 47 
1542 673 47 
1528 680 47 
1515 687 48 
1502 695 48 
1502 699 55 
1502 708 55 
1503 716 55 
1503 725 56 
1503 735 56 
1503 745 56 
1504 741 55 
1505 730 54 
1506 719 54 
1507 709 53 
1509 700 53 
1511 690 53 
1513 682 52 
1516 674 52 
1518 666 52 
1521 659 51 
1524 652 51 
1527 646 51 
1531 640 50 
1535 635 50 
1539 630 50 
1543 626 50 
1547 622 49 
1552 619 49 
1556 616 48 
1561 614 48 
1566 611 48 
1571 610 47 
1577 609 47 
1582 608 46 
1588 608 46 
1594 608 44 
1601 608 46 
1607 609 46 
1614 610 46 
1621 611 47 
1628 613 47 
1636 615 47 
1643 618 47 
1651 621 47 
1659 624 48 
1667 628 48 
1675 632 48 
1683 637 48 
1691 642 48 
1700 647 48 
1708 653 48 
1717 659 48 
1726 665 49 
1735 672 49 
1744 679 49 
1754 686 49 
1763 694 49 
1773 702 49 
1783 711 49 
1792 720 49 
1803 729 49 
1813 738 49 
1823 748 49 
1830 753 43 
1840 753 43 
1850 753 43 
1860 753 43 
1870 753 43 
1880 753 43 
1890 753 43 
1900 753 43 
1910 753 43 
1920 753 43 
1930 753 43 
1940 753 43 
1949 753 43 
1959 753 43 
1969 753 43 
1979 753 43 
1989 753 43 
1998 753 43 
2008 753 43 
2018 753 43 
2028 753 43 
2037 753 43 
2047 753 43 
2057 753 43 
2067 753 43 
2076 753 43 
2086 753 43 
2096 753 43 
2106 753 43 
2115 753 43 
2125 753 43 
2135 753 43 
2145 753 43 
2154 753 43 
2164 753 43 
2174 753 43 
2184 753 43 
2193 753 43 
2203 753 43 
2213 753 43 
2222 753 43 
2232 753 43 
2242 753 43 
2252 753 43 
2261 753 43 
2271 753 43 
2281 753 43 
2291 753 43 
2300 753 43 
2310 753 43 
2320 753 43 
2329 753 43 
2339 753 43 
2349 753 43 
2359 753 43 
2368 753 43 
2378 753 43 
2388 752 44 
2398 753 45 
2409 753 45 
2419 754 45 
2429 756 46 
2439 758 46 
2450 760 46 
2461 763 46 
2471 766 47 
2482 770 47 
2492 774 47 
2503 778 47 
2513 783 48 
2522 788 48 
2532 793 48 
2541 799 48 
2549 805 49 
2558 812 49 
2566 819 34 
2573 826 35 
2581 835 35 
2588 844 36 
2594 853 36 
2600 864 36 
2606 875 37 
2612 887 37 
2617 900 37 
2622 914 38 
2627 928 38 
2631 943 38 
2635 958 39 
2634 966 31 
2636 966 32 
2638 965 34 
2636 966 32 
2633 966 31 
2630 966 31 
2626 967 30 
2622 967 30 
2616 967 30 
2611 967 29 
2604 967 29 
2598 967 29 
2591 967 29 
2583 967 29 
2576 967 29 
2568 967 29 
2560 967 28 
2551 968 28 
2543 968 28 
2534 968 28 
2526 968 28 
2517 968 28 
2508 968 28 
2499 968 28 
2490 968 28 
2480 968 28 
2471 968 28 
2462 968 28 
2452 968 28 
2443 968 28 
2434 968 28 
2424 968 28 
2415 968 28 
2405 968 28 
2395 968 28 
2386 968 28 
2376 968 28 
2367 968 28 
2361 958 35 
2351 948 35 
2341 938 34 
2330 929 34 
2320 921 34 
2310 914 33 
2299 908 33 
2288 903 32 
2275 903 28 
2266 903 29 
2255 904 30 
2244 906 31 
2234 909 31 
2223 912 32 
2211 917 32 
2200 922 32 
2189 928 33 
2177 935 33 
2166 942 33 
2154 951 33 
2142 960 34 
2127 968 27 
2115 968 27 
2104 968 42 
2093 953 42 
2082 953 42 
2071 953 43 
2060 953 43 
2049 953 43 
2039 953 43 
2028 953 43 
2018 953 43 
2008 953 43 
1998 953 43 
1987 953 43 
1977 953 43 
1967 953 43 
1957 953 43 
1947 953 43 
1937 953 43 
1927 953 43 
1918 953 43 
1908 953 43 
1898 953 43 
1888 953 43 
1878 953 43 
1868 953 43 
1862 943 50 
1852 932 50 
1842 921 50 
1832 911 49 
1821 901 49 
1808 903 44 
1798 903 44 
1788 903 45 
1777 905 45 
1766 906 45 
1755 908 46 
1744 911 46 
1733 913 46 
1722 917 46 
1711 920 46 
1699 924 47 
1687 929 47 
1676 933 47 
1664 938 47 
1652 944 47 
1640 950 47 
1625 953 42 
1614 953 42 
1603 953 42 
1591 953 42 
1581 953 29 
1570 953 30 
1560 955 30 
1548 957 31 
1537 960 31 
1526 964 32 
1512 968 27 
1501 968 27 
1490 968 27 
1479 968 27 
1468 968 28 
1457 968 28 
1447 968 28 
1436 968 28 
1426 968 28 
1416 968 28 
1405 968 28 
1395 968 28 
1385 968 28 
1375 968 28 
1365 968 28 
1355 968 28 
1345 968 28 
1335 968 28 
1325 953 43 
1315 953 43 
1306 953 43 
1296 953 43 
1286 953 43 
1276 953 43 
1266 953 43 
1257 953 43 
1250 943 50 
1240 932 50 
1230 921 50 
1220 911 49 
1210 901 49 
1199 892 49 
1188 884 49 
1178 875 49 
1167 868 48 
1156 861 48 
1145 854 48 
1134 848 48 
1122 842 47 
1111 837 47 
1099 832 47 
1101 824 53 
1109 820 47 
1131 808 47 
1153 798 46 
1175 787 46 
1197 778 46 
1219 768 46 
1241 760 46 
1263 752 46 
1285 744 45 
1307 737 45 
1329 730 45 
1352 719 54 
1352 713 54 
1352 708 54 
1351 703 53 
1351 699 53 
1326 691 47 
1304 679 47 
1283 669 46 
1261 659 46 
1239 650 46 
1218 641 46 
1196 632 46 
1174 624 46 
1153 617 45 
1131 610 45 
1110 603 45 
1111 594 47 
1132 582 47 
1153 571 47 
1174 561 47 
1194 551 47 
1210 549 40 
1230 549 42 
1248 549 42 
1267 550 43 
1284 551 43 
1302 553 44 
1318 555 44 
1335 558 45 
1351 557 53 
1326 548 47 
1300 550 40 
1279 549 41 
1257 550 41 
1235 550 42 
1213 552 42 
1191 554 43 
1169 556 43 
1148 558 43 
1126 561 43 
1104 565 44 
1101 564 53 
1101 568 53 
1120 560 47 
1141 549 47 
1162 538 47 
1182 528 47 
1202 519 47 
1212 505 55 
1212 497 55 
1211 489 54 
1210 482 54 
1209 475 53 
1208 469 53 
1207 463 52 
1205 457 52 
1203 452 51 
1200 448 51 
1198 444 51 
1195 440 50 
1192 437 50 
1189 435 49 
1186 432 49 
1182 431 49 
1179 429 48 
1174 428 48 
1170 428 32 
1166 428 31 
1162 429 32 
1157 430 33 
1153 432 33 
1148 435 34 
1143 439 34 
1138 444 34 
1132 449 35 
1127 456 35 
1121 463 35 
1115 471 35 
1109 479 35 
1102 488 36 
1103 496 41 
1103 507 41 
1103 518 41 
1103 531 41 
1103 544 42 
1103 557 42 
1103 572 42 
1103 587 42 
1103 602 57 
1103 618 57 
1109 626 47 
1131 614 47 
1152 604 47 
1172 593 47 
1192 583 47 
1212 574 47 
1231 566 46 
1250 557 46 
1269 550 46 
1286 549 41 
1305 549 42 
1325 550 42 
1344 551 43 
1351 548 52 
1351 550 52 
1351 552 52 
1351 555 52 
1351 558 53 
1351 562 53 
1351 566 53 
1351 570 53 
1351 575 53 
1337 575 47 
1316 564 47 
1295 553 47 
1271 549 40 
1251 549 41 
1232 549 42 
1214 550 43 
1195 551 43 
1178 553 44 
1160 555 44 
1144 558 44 
1127 561 45 
1111 564 45 
1101 564 53 
1101 568 53 
1102 572 54 
1102 577 54 
1120 569 47 
1143 558 47 
1165 548 46 
1184 549 40 
1206 549 41 
1228 550 42 
1251 551 42 
1273 553 42 
1295 555 43 
1317 557 43 
1339 560 43 
1351 558 53 
1351 562 53 
1351 566 53 
1351 570 53 
1351 575 53 
1352 580 54 
1352 586 54 
1352 591 54 
1352 598 54 
1352 604 54 
1352 611 54 
1352 618 55 
1337 620 47 
1316 609 47 
1295 598 47 
1274 588 47 
1254 578 47 
1235 569 47 
1216 560 47 
1197 552 46 
1176 549 41 
1159 549 42 
1143 549 43 
1126 550 43 
1111 551 44 
1101 549 52 
1117 549 40 
1140 549 41 
1162 550 42 
1184 551 42 
1207 553 42 
1229 555 43 
1251 557 43 
1273 560 43 
1295 563 43 
1317 567 44 
1339 571 44 
1337 565 47 
1316 554 47 
1295 543 47 
1274 533 47 
1254 523 47 
1235 514 47 
1233 501 55 
1235 493 55 
1243 487 47 
1265 476 47 
1287 465 46 
1309 455 46 
1331 445 46 
1352 431 55 
1352 423 55 
1352 414 55 
1352 407 55 
1352 399 54 
1337 394 47 
1316 383 47 
1295 372 47 
1274 362 47 
1254 352 47 
1235 343 47 
1216 334 47 
1197 326 46 
1179 318 46 
1161 311 46 
1143 304 46 
1126 298 46 
1109 292 46 
1102 282 54 
1101 278 53 
1101 273 53 
1100 270 52 
1099 267 52 
1098 264 51 
1097 261 50 
1095 259 50 
1093 258 49 
1091 257 49 
1086 250 46 
1083 249 45 
1078 247 45 
1073 245 45 
1067 243 44 
1061 241 44 
1055 239 44 
1048 237 44 
1040 235 44 
1033 233 44 
1025 231 44 
1017 229 43 
1009 228 43 
1000 226 43 
992 224 43 
983 222 43 
974 220 43 
965 218 43 
957 216 44 
948 216 45 
939 217 45 
930 218 46 
920 220 46 
911 222 46 
901 224 46 
891 227 46 
881 230 47 
871 234 47 
861 238 32 
851 243 32 
840 248 33 
830 255 33 
819 262 33 
808 270 34 
802 275 40 
802 285 40 
803 295 41 
803 306 41 
803 317 41 
803 329 41 
803 343 42 
803 356 42 
803 371 42 
803 386 42 
803 402 42 
804 418 42 
804 435 43 
804 453 43 
804 472 43 
804 491 43 
804 510 43 
804 531 43 
804 552 44 
804 574 44 
804 596 44 
804 619 44 
804 642 44 
804 666 44 
804 691 44 
805 716 45 
805 742 45 
805 769 45 
805 796 45 
805 823 45 
805 852 45 
805 880 45 
804 910 45 
804 940 44 
797 965 33 
795 966 32 
792 966 31 
788 952 45 
784 952 45 
779 952 45 
773 952 44 
767 952 44 
760 952 44 
753 952 44 
746 952 44 
739 952 44 
731 952 44 
723 952 43 
715 953 43 
706 953 43 
698 953 43 
689 953 43 
680 953 43 
671 953 43 
663 952 44 
656 952 44 
650 952 44 
645 952 45 
640 952 45 
636 952 45 
632 952 45 
629 951 46 
626 951 46 
624 951 47 
624 951 47 
627 935 55 
627 924 55 
626 913 55 
626 903 55 
626 894 56 
626 885 55 
626 877 54 
626 869 54 
627 862 53 
628 855 53 
629 848 52 
630 843 52 
631 837 52 
633 832 51 
635 828 51 
637 824 50 
640 820 50 
642 817 50 
645 814 49 
648 812 49 
651 809 52 
650 807 51 
650 806 51 
650 806 50 
650 806 50 
650 806 50 
650 806 50 
626 796 47 
605 785 47 
584 775 47 
564 765 47 
544 755 47 
524 746 46 
504 738 46 
485 730 46 
466 722 46 
447 715 46 
428 709 46 
410 703 46 
392 697 45 
374 692 45 
356 688 45 
339 683 45 
321 680 45 
304 676 45 
287 674 44 
271 671 44 
255 669 44 
239 668 44 
224 667 43 
210 666 43 
195 666 43 
182 666 43 
169 667 43 
156 667 44 
144 668 45 
132 670 45 
121 672 45 
110 674 46 
99 677 46 
89 680 47 
79 683 47 
70 687 47 
61 692 48 
52 696 48 
44 701 48 
36 707 49 
28 712 49 
21 719 49 
14 725 49 
7 732 50 
1 739 50 
-4 747 50 
-12 752 45 
-15 751 46 
-17 751 47 
-17 750 49 
-16 751 47 
-15 751 46 
-13 751 46 
-11 751 46 
-9 751 47 
-7 751 47 
-5 751 47 
-4 751 47 
-3 751 47 
-2 751 47 
-1 750 48 
0 750 48 
0 750 48 
0 750 48 
1 750 48 
2 750 48 
2 750 48 
2 750 48 
3 750 48 
3 750 48 
3 750 48 
4 750 49 
4 750 49 
4 750 49 
4 750 49 
4 750 49 
4 750 49 
5 750 49 
5 750 49 
5 750 49 
5 750 49 
5 750 49 
5 750 49 
5 750 49 
5 750 49 
5 750 49 
5 750 49 
5 750 49 
5 750 49 
5 750 49 
5 750 49 
5 750 49 
5 750 49 
5 750 49 
5 750 49 
5 750 49 
5 750 49 
6 750 49 
6 750 49 
6 750 49 
6 750 49 
6 750 49 
6 750 49 
6 750 49 
6 750 49 
6 750 49 
6 750 49 
6 750 49 
6 750 49 
6 750 49 
6 750 49 
6 750 49 
6 749 49 
6 749 49 
6 749 49 
6 750 49 
9 734 57 
9 723 56 
9 713 56 
9 703 56 
9 693 56 
9 684 56 
9 676 56 
9 668 55 
9 661 55 
8 654 55 
8 647 55 
8 641 55 
8 636 54 
8 631 54 
8 626 54 
8 622 54 
8 618 54 
8 615 53 
7 612 53 
7 610 53 
7 608 52 
7 607 52 
7 606 52 
6 605 51 
6 605 50 
6 606 50 
6 606 51 
7 606 52 
7 608 52 
7 609 52 
7 611 53 
7 613 53 
7 616 53 
8 619 53 
8 623 54 
8 627 54 
8 631 54 
8 636 54 
8 641 54 
8 647 54 
8 652 55 
8 659 55 
8 665 55 
8 672 55 
9 679 55 
9 687 55 
9 695 55 
9 703 56 
9 712 56 
9 721 56 
9 730 56 
9 740 56 
6 749 49 
6 749 49 
6 749 49 
6 750 49 
6 750 49 
6 749 49 
6 749 49 
6 749 49 
6 749 49 
6 749 49 
4 751 47 
1 751 46 
-1 751 46 
-5 752 45 
-9 752 45 
-15 752 45 
-19 752 45 
-23 752 45 
-27 751 46 
-30 751 46 
-33 751 46 
-35 751 46 
-37 751 46 
-38 750 48 
-37 750 48 
-36 751 47 
-34 751 46 
-32 751 46 
-30 751 46 
-28 751 47 
-26 751 47 
-24 751 47 
-23 751 47 
-22 751 47 
-21 750 47 
-20 750 48 
-19 750 48 
-18 750 48 
-18 750 48 
-17 750 48 
-17 750 48 
-16 750 48 
-16 750 48 
-16 750 48 
-15 750 48 
-15 750 48 
-14 751 47 
-12 751 46 
-9 751 45 
-4 752 45 
0 752 45 
5 752 44 
10 752 44 
20 743 51 
27 731 51 
34 721 51 
41 711 51 
48 701 50 
55 692 50 
62 683 50 
70 675 50 
77 667 49 
85 660 49 
93 653 49 
101 647 49 
110 641 48 
118 636 48 
127 631 48 
135 627 48 
144 623 47 
153 620 47 
162 617 47 
172 614 46 
181 612 46 
190 611 46 
200 610 45 
210 609 45 
219 609 44 
229 609 43 
240 609 44 
251 609 45 
261 610 45 
272 612 45 
283 614 46 
294 616 46 
305 618 46 
316 621 46 
327 625 47 
338 628 47 
348 633 47 
358 637 47 
368 642 48 
377 647 48 
386 653 48 
395 659 49 
403 665 49 
411 672 49 
418 679 50 
425 686 50 
432 694 50 
438 702 50 
444 710 51 
450 719 51 
456 728 51 
461 737 51 
466 747 52 
470 757 52 
474 767 52 
478 778 52 
482 789 53 
485 800 53 
488 811 53 
490 823 54 
493 835 54 
495 848 54 
503 860 56 
503 873 57 
503 886 57 
503 900 57 
503 914 57 
503 928 57 
503 943 57 
499 950 49 
499 950 49 
499 950 49 
499 950 49 
499 950 49 
499 950 49 
499 950 49 
499 950 49 
499 950 49 
499 950 49 
499 950 49 
499 950 49 
499 950 49 
499 950 49 
499 950 49 
499 950 49 
499 950 49 
499 950 49 
499 950 49 
499 950 49 
499 950 49 
499 950 49 
499 950 49 
499 950 49 
499 950 49 
499 950 49 
499 950 49 
499 950 49 
499 950 49 
503 940 56 
503 929 56 
503 918 56 
503 908 56 
502 898 55 
502 889 55 
502 881 55 
502 872 55 
502 865 55 
502 857 54 
501 851 54 
500 845 53 
499 839 53 
498 834 52 
497 829 52 
495 825 51 
493 821 51 
491 818 50 
488 815 50 
486 813 50 
483 811 49 
481 809 49 
478 808 49 
476 807 48 
473 807 48 
471 807 47 
469 807 48 
467 807 48 
465 808 49 
463 810 49 
461 812 49 
459 814 50 
458 816 50 
456 819 50 
454 823 51 
452 826 51 
451 830 51 
449 835 52 
448 840 52 
448 845 53 
445 850 49 
445 851 47 
447 851 46 
449 851 46 
457 842 53 
460 831 52 
464 820 52 
469 810 52 
473 800 52 
478 791 51 
483 783 51 
488 774 51 
493 767 50 
499 760 50 
504 753 50 
510 747 50 
516 741 49 
522 736 49 
528 731 49 
535 727 48 
542 723 48 
548 719 48 
555 716 47 
562 714 47 
570 712 47 
577 710 46 
585 709 46 
592 709 45 
600 708 45 
608 709 44 
617 709 45 
626 709 45 
635 710 46 
644 711 46 
651 710 52 
637 708 47 
615 697 47 
594 686 47 
572 676 46 
551 666 46 
530 657 46 
509 648 46 
488 640 46 
467 632 46 
446 625 45 
425 618 45 
404 612 45 
383 606 45 
362 601 45 
341 596 44 
320 592 44 
300 588 44 
280 584 44 
261 581 44 
242 579 44 
223 577 44 
205 575 43 
188 574 43 
171 573 43 
154 573 42 
138 573 41 
123 573 43 
108 573 43 
94 574 44 
80 575 44 
66 577 45 
53 579 45 
40 582 45 
28 585 46 
16 588 46 
5 592 47 
-5 596 47 
-16 600 47 
-26 605 47 
-36 610 48 
-46 616 48 
-55 622 48 
-64 628 49 
-72 635 49 
-80 642 49 
-88 649 49 
-95 657 50 
-103 665 50 
-110 673 50 
-118 682 50 
-125 691 50 
-133 701 50 
-141 711 50 
-149 721 50 
-158 731 50 
-166 742 50 
-175 753 50 
-184 764 50 
-193 776 50 
-202 788 50 
-211 800 50 
-220 813 51 
-230 826 51 
-239 839 51 
-249 852 51 
-259 866 51 
-269 880 51 
-279 894 51 
-289 909 51 
-300 924 51 
-310 939 51 
-325 953 43 
