11400 8400 4149 -273
/
empty  ;
1150 -800 3250 850;
/
wall wall 4350 -1200 250 2100;
wall wall 1000 -1050 3500 250;
wall wall 1000 -1200 3600 250;
wall wall 1000 0 3350 900;
corner 1200 -800 250 300 405.0;
corner 4050 -800 300 300 495.0;
lava 1250 -100 3000 100;
wall wall 850 -1200 150 2100;
wall wall 1000 -800 200 800;
corner 4050 -250 300 250 315.0;
corner 1200 -250 250 250 225.0;
gear 4000 -650 200 200 1.5 0;
gear 3850 -600 200 200 0.0 0;
gear 3750 -650 150 150 0.0 0;
wall wall 4050 -200 150 100;
plate 4091 -245 0;
wall wall 3700 -200 200 50;
wall wall 3350 -200 250 50;
wall wall 2850 -200 250 50;
wall wall 2200 -200 250 50;
wall wall 1700 -200 250 50;
key 1278 -252 1;
wall wall 1250 -150 150 50;
wall wall 3750 -300 100 50;
wall wall 3450 -400 200 50;
wall wall 3000 -500 350 50;
gate 3600 -750 50 350 1;
gate 3600 -800 50 100 1;
stickyWall 1900 -800 1000 200;
stickyWall 2850 -750 50 50;
stickyWall 2875 -775 50 175;
stickyWall 2875 -800 50 75;
wall wall 1600 -500 300 50;
flag 1700 -589;
wall wall 4150 -150 200 100;
wall wall 4150 -200 200 100;