11400 8400 1074 -386
/
empty ;
1000 -1100 1700 850;
/
wall wall 950 -300 1750 250;
wall wall 2700 -1100 300 1050;
wall wall 950 -1550 2050 450;
wall wall 400 -1600 600 1550;
wall wall 1200 -350 200 50;
wall wall 1400 -600 50 300;
wall wall 1000 -500 150 50;
wall wall 1000 -800 450 50;
lava 1450 -400 250 100;
wall wall 1400 -800 450 50;
wall wall 1700 -750 150 400;
wall wall 1850 -450 700 50;
wall wall 2500 -800 50 350;
wall pink 3700 -700 1950 200;
wall pink 3450 -2200 250 1700;
wall pink 5650 -2050 200 1600;
water 3700 -750 400 50;
lava 4350 -800 1300 100;
wall pink 4100 -1000 250 350;
wall pink 3700 -1350 200 50;
wall pink 3700 -1600 200 50;
wall pink 4100 -1600 250 50;
wall pink 4600 -1550 200 50;
key 4683 -1598 0;
wall pink 3450 -2400 1550 400;
wall pink 5100 -2350 750 350;
gate 5000 -2100 100 100 0;
key 5029 -2148 1;
wall pink 5000 -2350 100 100;
dimension 1061 -911 3811 -778;
dimension 5428 -1833 1229 -874;
gate 1850 -750 650 100 1;
flag 2135 -570;