11400 8400 1050 1365
/
desert
/
wall 1350 300 1050 150;
wall 1350 450 150 1050;
wall 1500 1350 300 150;
wall 1350 1200 750 150;
wall 2700 150 150 1200;
wall 1650 600 1200 150;
wall 1650 750 150 150;
wall 1650 900 150 150;
wall 1950 900 450 150;
wall 1950 1050 150 150;
wall 2250 1200 150 150;
wall 0 0 2850 150;
wall 0 300 900 1200;
wall 0 1500 2850 150;
wall 0 1650 2850 150;
wall 0 1800 2850 150;
wall 0 1950 2850 150;
wall 0 0 150 150;
trophy 0 150 lol;
flag 1800 1350;
wall 2250 1350 150 150;
wall 2700 1350 150 150;