11400 8400 1978 186
/
empty ;
1300 -200 1200 500;
/
wall wall 1300 -200 50 650;
wall wall 1150 -500 1550 300;
wall wall 2400 -150 400 650;
wall wall 2400 -200 500 150;
wall wall 1050 -200 250 750;
wall wall 1200 450 1250 250;
candle 1350 -250 1000 100;
candle 2400 -50 50 350;
wall wall 1300 250 1100 200;
candle 1100 -400 500 450;
candle 2200 -350 350 250;
candle 1750 -50 150 150;
candle 1450 -150 400 250;
candle 1650 50 200 50;
candle 1450 0 150 150;
candle 1800 50 200 50;
candle 1900 -100 250 100;
candle 2000 -50 100 100;
candle 1800 -150 150 150;
candle 2000 -50 400 150;
candle 1900 -50 100 150;
candle 1900 100 300 50;
shurikan 1432 233;
water 2150 100 250 150;
wall wall 2050 100 100 150;
candle 1400 200 1050 150;
candle 2150 50 250 100;
candle 2050 150 400 400;
candle 2050 50 100 100;
wall wall 2350 450 900 500;
wall wall 2650 -450 600 1050;
wall wall 700 -450 550 1150;