11400 8400 1933 -170
/
empty  ;
1000 -700 1550 850;
/
wall wall 1050 0 1550 350;
wall wall 800 -600 300 950;
wall wall 2450 -650 300 1000;
wall wall 750 -900 2000 300;
water 2000 -100 450 100;
wall wall 1900 -100 100 100;
candle 1050 0 1550 350;
candle 1000 -50 1000 150;
candle 1350 -350 350 350;
candle 1600 -350 350 350;
candle 1550 -450 250 250;
candle 1900 -400 550 550;
candle 1750 -500 350 350;
candle 1000 -700 300 250;
candle 1250 -650 800 100;
candle 2300 -650 200 600;
candle 1050 -550 100 550;
candle 1000 -600 150 600;
candle 1050 -50 900 50;
candle 1050 -50 950 100;
candle 1200 -600 400 450;
candle 2400 -650 150 650;