11400 8400 1997 190
/
empty ;
1250 -300 1100 650;
/
wall wall 1350 300 1050 150;
wall wall 1050 -300 300 750;
wall wall 1000 -600 1450 300;
wall wall 2350 -600 300 1050;
candle 1450 50 100 100;
candle 1700 50 100 100;
candle 2000 50 100 100;
candle 2200 50 100 100;
candleNot 1350 0 300 300;
candleNot 1650 0 250 250;
candleNot 1900 0 250 250;
candleNot 2100 0 250 250;
candleNot 1350 0 250 250;
candleNot 1200 -150 1350 1350;
candleNot 1550 -150 1050 1050;
candleNot 2300 -350 100 600;
candleNot 1300 -300 50 600;
candleNot 1300 -300 50 600;
candleNot 1350 -300 50 600;
candleNot 1300 -400 1150 250;
candleNot 1450 -200 350 350;