11400 8400 1050 1365
/
desert;
0 150 2700 150;
2400 300 300 300;
1500 450 850 150;
2350 450 50 150;
1500 600 150 600;
1650 1050 300 150;
1800 750 900 150;
1800 900 150 150;
2100 1050 300 150;
2100 1200 150 300;
1800 1350 300 150;
900 300 450 1200;
2400 900 300 600;
2400 900 300 600;
2400 1500 300 150;
2400 1650 300 150;
2400 1650 300 150;
2400 1650 300 150;
2400 1650 300 150;
2400 1650 300 150;
/
wall 1350 300 1050 150;
wall 1350 450 150 1050;
wall 1500 1350 300 150;
wall 1350 1200 750 150;
wall 1650 600 1200 150;
wall 1650 750 150 150;
wall 1650 900 150 150;
wall 1950 900 450 150;
wall 1950 1050 150 150;
wall 2250 1200 150 150;
wall 0 0 2850 150;
wall 0 300 900 1200;
wall 0 1800 2850 150;
wall 0 1950 2850 150;
wall 0 0 150 150;
trophy 0 150 lol;
flag 1800 1350;
wall 2250 1350 150 150;
wall 2700 1350 150 150;
wall 2700 150 150 450;
wall 2700 150 150 450;
wall 2700 150 150 450;
wall 2700 150 150 450;
wall 2700 150 150 450;
wall 2700 150 150 450;
wall 2700 150 150 450;
wall 2700 750 150 600;
wall 0 1500 1800 150;
wall 1800 1500 600 150;
wall 2700 1500 150 150;
lava 2400 1350 300 150;
wall 50 1650 2350 150;
water 2400 1650 300 150;
wall 2700 1650 150 150;
wall 2700 1650 150 150;
sand -1300 1950 1300 100;
wall 0 1850 50 100;
wall -50 1850 100 100;
water -450 1850 400 100;
wall -550 1800 100 150;
corner -550 1750 100 50 225.0;
corner -700 1750 150 200 315.0;