11400 8400 1095 1407
/
desert  ;
2400 150 300 450;
1650 450 750 150;
1500 450 150 750;
1650 1050 150 150;
1800 750 150 450;
1950 750 450 150;
2400 750 300 1050;
2250 1050 150 150;
2100 1050 150 450;
1750 1350 350 150;
0 150 900 150;
1350 150 1050 150;
900 150 450 1350;
/
wall wall 1350 300 1050 150;
wall wall 1350 450 150 1050;
wall wall 1500 1350 300 150;
wall wall 1350 1200 750 150;
wall wall 1650 600 1200 150;
wall wall 1650 750 150 150;
wall wall 1650 900 150 150;
wall wall 1950 900 450 150;
wall wall 1950 1050 150 150;
wall wall 2250 1200 150 150;
wall wall 0 0 2850 150;
wall wall 0 300 900 1200;
wall wall 0 1800 2850 150;
wall wall 0 1950 2850 150;
wall wall 0 0 150 150;
trophy 0 150 lol;
flag 1800 1350;
wall wall 2250 1350 150 150;
wall wall 2700 1350 150 150;
wall wall 2700 150 150 450;
wall wall 2700 150 150 450;
wall wall 2700 150 150 450;
wall wall 2700 150 150 450;
wall wall 2700 150 150 450;
wall wall 2700 150 150 450;
wall wall 2700 150 150 450;
wall wall 2700 750 150 600;
wall wall 0 1500 1800 150;
wall wall 1800 1500 600 150;
wall wall 2700 1500 150 150;
wall wall 50 1650 2350 150;
wall wall 2700 1650 150 150;
wall wall 2700 1650 150 150;
wall sand -1300 1950 1300 100;
wall wall 0 1850 50 100;
wall wall -50 1850 100 100;
water -450 1850 400 100;
wall wall -550 1800 100 150;
corner -550 1750 100 50 225.0;
corner -700 1750 150 200 315.0;
lava 2400 1400 300 400;
shurikan 1185 1483;
plate 753 250 0;
gear 600 -150 150 150 1.5 0;
gear 700 -100 100 100 0.0 0;
gear 750 -150 100 100 0.0 0;
gear 800 -200 100 100 0.0 0;
water 1800 1400 450 100;
candle 900 1250 50 50;
candle 1300 1250 50 50;
candle 1300 450 50 50;
candle 900 450 50 50;
candle 1600 650 50 50;
candle 1800 950 50 50;
candle 2400 950 50 50;
candleNot 800 1150 250 250;
candleNot 1200 1150 250 250;
candleNot 1650 850 300 300;
candleNot 1500 550 250 250;
candleNot 1200 350 250 250;
candleNot 800 350 250 250;
candleNot 2300 850 250 250;
candleNot 600 300 1100 350;
candleNot 1300 450 800 400;
candleNot 1550 750 700 400;
candleNot 1150 1000 500 550;
candleNot 650 950 550 600;
candleNot 2200 700 500 450;
candleNot 900 1500 150 50;
candleNot 1200 1500 200 50;
candleNot 1750 1200 200 50;
candleNot 2750 1050 50 50;
candleNot 2700 850 50 200;
candleNot 1750 1100 300 150;
candleNot 700 350 900 700;
candleNot 750 1300 800 300;
candle 2400 350 50 50;
candleNot 2250 250 300 300;
candleNot 2100 150 600 600;
candleNot 2650 200 100 350;
candleNot 2300 600 400 50;