26000 22800 900 815
/
/
wall 0 0 5300 100;
wall 5400 0 1000 100;
wall 0 100 5300 100;
wall 5400 100 1000 100;
wall 0 200 5300 100;
wall 5400 200 1000 100;
wall 0 300 5300 100;
wall 5400 300 1000 100;
wall 0 400 5300 100;
wall 5400 400 1000 100;
wall 0 500 4800 100;
wall 4900 500 400 100;
wall 5400 500 1000 100;
wall 0 600 4800 100;
wall 4900 600 400 100;
wall 5400 600 1000 100;
wall 0 700 4800 100;
wall 4900 700 400 100;
wall 5400 700 1000 100;
wall 100 800 700 100;
wall 4900 800 400 100;
wall 5400 800 1000 100;
wall 0 900 2900 100;
wall 3000 900 1800 100;
wall 4900 900 400 100;
wall 5400 900 1000 100;
wall 0 1000 1200 100;
wall 1300 1000 1600 100;
wall 3000 1000 1800 100;
wall 4900 1000 400 100;
wall 5400 1000 1000 100;
wall 0 1100 1200 100;
wall 1300 1100 3500 100;
wall 4900 1100 400 100;
wall 5400 1100 1000 100;
wall 3100 1200 1700 100;
wall 4900 1200 400 100;
wall 5400 1200 1000 100;
wall 0 1300 400 100;
wall 500 1300 1100 100;
wall 1700 1300 900 100;
wall 2700 1300 300 100;
wall 3100 1300 1700 100;
wall 4900 1300 400 100;
wall 5400 1300 1000 100;
wall 0 1400 400 100;
wall 500 1400 1100 100;
wall 1700 1400 900 100;
wall 2700 1400 300 100;
wall 3100 1400 1700 100;
wall 4900 1400 400 100;
wall 5400 1400 1000 100;
wall 0 1500 400 100;
wall 500 1500 1100 100;
wall 1700 1500 900 100;
wall 2700 1500 300 100;
wall 3100 1500 1700 100;
wall 4900 1500 400 100;
wall 5400 1500 1000 100;
wall 0 1600 400 100;
wall 500 1600 2100 100;
wall 2700 1600 300 100;
wall 3100 1600 1700 100;
wall 4900 1600 400 100;
wall 5500 1600 900 100;
wall 0 1700 400 100;
wall 500 1700 2100 100;
wall 2700 1700 300 100;
wall 3100 1700 1700 100;
wall 4900 1700 500 100;
wall 0 1800 400 100;
wall 500 1800 1400 100;
wall 2700 1800 300 100;
wall 3100 1800 1700 100;
wall 4900 1800 1300 100;
wall 6300 1800 100 100;
wall 0 1900 400 100;
wall 500 1900 2100 100;
wall 2700 1900 300 100;
wall 3100 1900 1700 100;
wall 4900 1900 1300 100;
wall 6300 1900 100 100;
wall 300 2000 100 100;
wall 500 2000 2100 100;
wall 2700 2000 300 100;
wall 5200 2000 1000 100;
wall 6300 2000 100 100;
wall 0 2100 3000 100;
wall 3100 2100 3100 100;
wall 6300 2100 100 100;
wall 0 2200 500 100;
wall 3100 2200 1400 100;
wall 4600 2200 1800 100;
wall 0 2300 3000 100;
wall 3100 2300 1400 100;
wall 4600 2300 1800 100;
wall 0 2400 2600 100;
wall 2700 2400 300 100;
wall 3100 2400 500 100;
wall 3700 2400 800 100;
wall 4600 2400 1800 100;
wall 0 2500 2600 100;
wall 2900 2500 100 100;
wall 3100 2500 300 100;
wall 3700 2500 800 100;
wall 4600 2500 1800 100;
wall 0 2600 2600 100;
wall 2700 2600 300 100;
wall 3100 2600 500 100;
wall 3700 2600 800 100;
wall 4600 2600 1800 100;
wall 0 2700 2600 100;
wall 2700 2700 300 100;
wall 3100 2700 500 100;
wall 3700 2700 800 100;
wall 4600 2700 1800 100;
wall 0 2800 2600 100;
wall 2700 2800 300 100;
wall 3100 2800 500 100;
wall 3700 2800 800 100;
wall 4600 2800 1800 100;
wall 0 2900 2600 100;
wall 2700 2900 300 100;
wall 3100 2900 500 100;
wall 3700 2900 800 100;
wall 4600 2900 1800 100;
wall 0 3000 2600 100;
wall 2700 3000 300 100;
wall 3100 3000 500 100;
wall 3700 3000 800 100;
wall 4600 3000 1800 100;
wall 0 3100 2600 100;
wall 2700 3100 300 100;
wall 3100 3100 500 100;
wall 3700 3100 800 100;
wall 4700 3100 1700 100;
wall 0 3200 2600 100;
wall 2700 3200 300 100;
wall 3100 3200 500 100;
wall 3700 3200 900 100;
wall 4700 3200 1700 100;
wall 0 3300 2600 100;
wall 2700 3300 300 100;
wall 3100 3300 500 100;
wall 4500 3300 100 100;
wall 4700 3300 1700 100;
wall 0 3400 2600 100;
wall 2700 3400 300 100;
wall 3100 3400 500 100;
wall 3700 3400 600 100;
wall 4400 3400 200 100;
wall 4700 3400 1700 100;
wall 0 3500 2600 100;
wall 2700 3500 300 100;
wall 3100 3500 500 100;
wall 3700 3500 900 100;
wall 4700 3500 900 100;
wall 5900 3500 100 100;
wall 700 3600 1900 100;
wall 2700 3600 300 100;
wall 3100 3600 500 100;
wall 3700 3600 900 100;
wall 4700 3600 700 100;
wall 5700 3600 700 100;
wall 0 3700 2600 100;
wall 2700 3700 300 100;
wall 3100 3700 500 100;
wall 3700 3700 900 100;
wall 4700 3700 1100 100;
wall 5900 3700 100 100;
wall 6100 3700 300 100;
wall 0 3800 2600 100;
wall 2700 3800 300 100;
wall 3100 3800 500 100;
wall 3700 3800 900 100;
wall 5400 3800 400 100;
wall 5900 3800 100 100;
wall 6100 3800 300 100;
wall 0 3900 2600 100;
wall 2700 3900 300 100;
wall 3100 3900 500 100;
wall 4700 3900 1100 100;
wall 5900 3900 100 100;
wall 6100 3900 300 100;
wall 0 4000 2600 100;
wall 2700 4000 300 100;
wall 3100 4000 500 100;
wall 3700 4000 900 100;
wall 4700 4000 100 100;
wall 4900 4000 900 100;
wall 5900 4000 100 100;
wall 6100 4000 300 100;
wall 0 4100 2600 100;
wall 2700 4100 300 100;
wall 3300 4100 300 100;
wall 3700 4100 900 100;
wall 4700 4100 100 100;
wall 4900 4100 900 100;
wall 5900 4100 100 100;
wall 6100 4100 300 100;
wall 0 4200 700 100;
wall 3100 4200 500 100;
wall 3700 4200 900 100;
wall 4700 4200 100 100;
wall 4900 4200 900 100;
wall 5900 4200 100 100;
wall 6100 4200 300 100;
wall 0 4300 3000 100;
wall 3100 4300 500 100;
wall 3700 4300 900 100;
wall 4700 4300 100 100;
wall 4900 4300 300 100;
wall 5300 4300 500 100;
wall 5900 4300 100 100;
wall 6100 4300 300 100;
wall 0 4400 3000 100;
wall 3100 4400 500 100;
wall 3700 4400 900 100;
wall 4700 4400 100 100;
wall 4900 4400 300 100;
wall 5300 4400 500 100;
wall 5900 4400 100 100;
wall 6100 4400 300 100;
wall 0 4500 700 100;
wall 3100 4500 500 100;
wall 3700 4500 900 100;
wall 4700 4500 100 100;
wall 4900 4500 300 100;
wall 5300 4500 500 100;
wall 5900 4500 100 100;
wall 6100 4500 300 100;
wall 0 4600 2700 100;
wall 2800 4600 200 100;
wall 3100 4600 500 100;
wall 3700 4600 900 100;
wall 4700 4600 100 100;
wall 4900 4600 300 100;
wall 5300 4600 500 100;
wall 5900 4600 100 100;
wall 6100 4600 300 100;
wall 0 4700 1400 100;
wall 1500 4700 1200 100;
wall 2800 4700 200 100;
wall 3100 4700 500 100;
wall 3700 4700 900 100;
wall 4700 4700 100 100;
wall 4900 4700 300 100;
wall 5300 4700 500 100;
wall 5900 4700 100 100;
wall 6100 4700 300 100;
wall 0 4800 1400 100;
wall 1500 4800 500 100;
wall 2100 4800 600 100;
wall 2800 4800 200 100;
wall 3100 4800 500 100;
wall 3700 4800 900 100;
wall 4700 4800 100 100;
wall 4900 4800 300 100;
wall 5300 4800 500 100;
wall 5900 4800 100 100;
wall 6100 4800 300 100;
wall 0 4900 1400 100;
wall 1500 4900 500 100;
wall 2100 4900 600 100;
wall 2800 4900 100 100;
wall 3100 4900 500 100;
wall 3700 4900 900 100;
wall 4700 4900 100 100;
wall 4900 4900 300 100;
wall 5300 4900 500 100;
wall 5900 4900 100 100;
wall 6100 4900 300 100;
wall 0 5000 1400 100;
wall 1500 5000 500 100;
wall 2100 5000 600 100;
wall 2800 5000 200 100;
wall 3100 5000 500 100;
wall 3700 5000 900 100;
wall 4700 5000 100 100;
wall 4900 5000 300 100;
wall 5300 5000 500 100;
wall 5900 5000 100 100;
wall 6100 5000 300 100;
wall 0 5100 200 100;
wall 300 5100 1100 100;
wall 1500 5100 500 100;
wall 2100 5100 600 100;
wall 2800 5100 200 100;
wall 3100 5100 500 100;
wall 3700 5100 900 100;
wall 4700 5100 100 100;
wall 4900 5100 300 100;
wall 5300 5100 500 100;
wall 5900 5100 100 100;
wall 6100 5100 300 100;
wall 0 5200 200 100;
wall 300 5200 1100 100;
wall 1500 5200 500 100;
wall 2100 5200 600 100;
wall 2800 5200 200 100;
wall 3100 5200 500 100;
wall 3700 5200 900 100;
wall 4700 5200 100 100;
wall 4900 5200 300 100;
wall 5300 5200 500 100;
wall 5900 5200 100 100;
wall 6100 5200 300 100;
wall 0 5300 200 100;
wall 300 5300 1100 100;
wall 1500 5300 500 100;
wall 2100 5300 600 100;
wall 2800 5300 200 100;
wall 3100 5300 500 100;
wall 3700 5300 900 100;
wall 4700 5300 100 100;
wall 4900 5300 300 100;
wall 5300 5300 500 100;
wall 5900 5300 100 100;
wall 6100 5300 300 100;
wall 0 5400 200 100;
wall 300 5400 1100 100;
wall 1500 5400 500 100;
wall 2100 5400 600 100;
wall 2800 5400 200 100;
wall 3100 5400 500 100;
wall 3700 5400 900 100;
wall 4700 5400 100 100;
wall 4900 5400 300 100;
wall 5300 5400 500 100;
wall 5900 5400 100 100;
wall 6100 5400 300 100;
wall 0 5500 200 100;
wall 300 5500 1100 100;
wall 1500 5500 500 100;
wall 2100 5500 600 100;
wall 2800 5500 200 100;
wall 3100 5500 500 100;
wall 3700 5500 900 100;
wall 4700 5500 100 100;
wall 4900 5500 300 100;
wall 5300 5500 500 100;
wall 6100 5500 300 100;
wall 0 5600 1400 100;
wall 1500 5600 1200 100;
wall 2800 5600 200 100;
wall 3100 5600 2100 100;
wall 5300 5600 1100 100;
