11400 8400 1050 1365
/
/
wall 0 0 2850 150;
wall 0 150 900 150;
wall 2700 150 150 150;
wall 0 300 900 150;
wall 1350 300 1050 150;
wall 2700 300 150 150;
wall 0 450 900 150;
wall 1350 450 150 150;
wall 2700 450 150 150;
wall 0 600 900 150;
wall 1350 600 150 150;
wall 1650 600 1200 150;
wall 0 750 900 150;
wall 1350 750 150 150;
wall 1650 750 150 150;
wall 2700 750 150 150;
wall 0 900 900 150;
wall 1350 900 150 150;
wall 1650 900 150 150;
wall 1950 900 450 150;
wall 2700 900 150 150;
wall 0 1050 900 150;
wall 1350 1050 150 150;
wall 1950 1050 150 150;
wall 2700 1050 150 150;
wall 0 1200 900 150;
wall 1350 1200 750 150;
wall 2250 1200 150 150;
wall 2700 1200 150 150;
wall 0 1350 900 150;
wall 1350 1350 450 150;
flag 1800 1350;
wall 2250 1350 150 150;
wall 2700 1350 150 150;
wall 0 1500 2850 150;
wall 0 1650 2850 150;
wall 0 1800 2850 150;
wall 0 1950 2850 150;
