10400 10000 100 315
/
/
wall 0 0 100 100;
wall 100 0 100 114;
wall 200 0 500 100;
wall 700 0 1900 114;
wall 0 100 100 100;
wall 200 100 500 100;
wall 2500 100 100 100;
wall 0 200 100 100;
wall 300 200 100 100;
wall 400 200 100 164;
wall 500 200 100 100;
wall 900 200 100 164;
wall 1000 150 100 164;
wall 1100 200 100 164;
wall 2500 200 100 100;
wall 0 300 100 100;
wall 800 300 500 164;
wall 2500 300 100 100;
wall 0 400 600 100;
wall 600 400 200 164;
wall 800 400 1300 100;
corner 2400 400 100 100 315.0;
wall 2500 400 100 100;
corner 2300 500 100 100 315.0;
wall 2400 500 200 100;
corner 2200 600 100 100 315.0;
wall 2300 600 300 100;
corner 2100 700 100 100 315.0;
wall 2200 700 400 100;
corner 2000 800 100 100 315.0;
wall 2100 800 500 100;
corner 1900 900 100 100 315.0;
wall 2000 900 600 100;
corner 1800 1000 100 100 315.0;
wall 1900 1000 700 100;
corner 1700 1100 100 100 315.0;
wall 1800 1100 700 100;
corner 1600 1200 100 100 315.0;
wall 1700 1200 700 100;
wall 0 1300 100 100;
wall 200 1300 600 100;
corner 1500 1300 100 100 315.0;
wall 1600 1300 700 100;
wall 0 1400 100 100;
wall 200 1400 100 100;
wall 600 1400 200 100;
corner 1400 1400 100 100 315.0;
wall 1500 1400 700 100;
wall 0 1500 100 100;
wall 200 1500 100 100;
flag 300 1500;
wall 600 1500 200 100;
corner 1300 1500 100 100 315.0;
wall 1400 1500 700 100;
wall 0 1600 100 100;
wall 200 1600 300 100;
wall 600 1600 200 100;
corner 1200 1600 100 100 315.0;
wall 1300 1600 700 100;
wall 0 1700 100 100;
wall 200 1700 300 100;
wall 600 1700 200 100;
corner 1100 1700 100 100 315.0;
wall 1200 1700 800 100;
wall 0 1800 100 100;
wall 200 1800 300 100;
wall 600 1800 200 100;
wall 1100 1800 1000 100;
wall 0 1900 100 100;
wall 200 1900 300 100;
wall 600 1900 200 100;
wall 1100 1900 1000 100;
wall 0 2000 100 100;
wall 200 2000 300 100;
wall 600 2000 200 100;
wall 1100 2000 1000 100;
wall 0 2100 100 100;
wall 200 2100 300 100;
wall 600 2100 200 100;
wall 1100 2100 1000 100;
wall 0 2200 100 100;
wall 200 2200 300 100;
wall 600 2200 200 100;
wall 1100 2200 1000 100;
wall 0 2300 100 100;
wall 700 2300 100 100;
wall 1100 2300 1000 100;
wall 0 2400 800 100;
wall 1100 2400 1000 100;
