144 2022-06-26
4174 -272 50 
4174 -272 50 
4173 -271 50 
4173 -271 50 
4173 -271 50 
4173 -270 50 
4172 -270 50 
4172 -269 50 
4172 -268 50 
4171 -267 50 
4170 -266 50 
4170 -265 50 
4169 -264 50 
4168 -263 50 
4167 -261 50 
4166 -260 50 
4166 -258 50 
4164 -256 50 
4163 -255 50 
4162 -253 50 
4161 -251 50 
4157 -248 46 
4156 -248 46 
4154 -248 45 
4152 -247 45 
4149 -247 45 
4147 -247 45 
4144 -247 45 
4141 -247 45 
4139 -247 44 
4136 -247 44 
4133 -247 44 
4129 -247 44 
4126 -247 44 
4123 -247 44 
4119 -247 44 
4115 -247 44 
4112 -247 44 
4108 -247 44 
4104 -247 44 
4100 -247 44 
4096 -247 44 
4093 -247 44 
4089 -247 44 
4087 -247 44 
4084 -247 45 
4083 -247 45 
4081 -248 46 
4080 -248 46 
4080 -248 47 
4080 -249 48 
4079 -248 47 
4078 -248 47 
4076 -248 46 
4075 -248 46 
4073 -248 46 
4071 -247 45 
4069 -247 45 
4067 -247 45 
4064 -247 45 
4062 -247 45 
4059 -247 45 
4057 -247 45 
4055 -247 45 
4053 -247 45 
4051 -248 45 
4050 -248 46 
4048 -248 46 
4047 -248 46 
4045 -248 46 
4044 -248 46 
4043 -248 46 
4042 -248 46 
4041 -248 46 
4040 -248 46 
4039 -248 47 
4038 -248 47 
4037 -248 47 
4036 -248 46 
4034 -248 46 
4033 -248 46 
4031 -248 46 
4029 -247 45 
4027 -247 45 
4024 -247 45 
4022 -247 45 
4019 -247 45 
4016 -247 45 
4017 -256 52 
4014 -262 52 
4011 -268 51 
4008 -273 51 
4005 -278 51 
4002 -284 51 
3998 -289 51 
3995 -294 51 
3992 -298 51 
3989 -303 51 
3986 -308 51 
3983 -312 51 
3980 -316 51 
3977 -320 50 
3974 -324 50 
3971 -328 50 
3968 -332 50 
3965 -336 50 
3962 -339 50 
3960 -343 50 
3957 -346 50 
3954 -349 50 
3951 -352 50 
3948 -355 50 
3945 -358 50 
3943 -361 50 
3940 -363 49 
3937 -366 49 
3934 -368 49 
3932 -370 49 
3929 -373 49 
3926 -375 49 
3924 -377 49 
3921 -378 49 
3918 -380 49 
3916 -382 49 
3913 -383 48 
3911 -384 48 
3908 -386 48 
3905 -387 48 
3903 -388 48 
3900 -388 48 
3901 -391 52 
3900 -392 51 
3900 -392 51 
3900 -393 51 
3900 -393 51 
3900 -393 50 
3900 -393 50 
3900 -393 50 
3899 -393 49 
3900 -393 50 
3900 -393 50 
3900 -393 50 
3900 -393 51 
3900 -392 51 
3900 -392 51 
3900 -391 51 
3901 -390 52 
3901 -390 52 
3901 -389 52 
3901 -388 52 
3901 -386 52 
3901 -385 52 
3901 -384 52 
3901 -382 52 
3901 -381 53 
3901 -379 53 
3901 -377 53 
3901 -376 53 
3901 -374 53 
3901 -372 53 
3901 -369 53 
3901 -367 53 
3901 -365 53 
3902 -363 53 
3901 -360 53 
3901 -357 53 
3901 -354 53 
3900 -352 53 
3900 -349 53 
3899 -346 53 
3899 -342 53 
3898 -339 53 
3898 -336 53 
3897 -333 53 
3896 -329 52 
3895 -326 52 
3895 -322 52 
3894 -318 52 
3893 -314 52 
3892 -311 52 
3891 -307 52 
3889 -303 52 
3888 -298 52 
3887 -294 52 
3886 -290 52 
3884 -286 52 
3883 -281 52 
3881 -276 52 
3880 -272 52 
3878 -267 52 
3877 -262 52 
3875 -258 52 
3873 -253 52 
3868 -247 45 
3866 -247 45 
3863 -247 45 
3861 -247 45 
3858 -247 45 
3855 -247 45 
3852 -247 44 
3849 -247 44 
3846 -247 44 
3843 -247 44 
3839 -247 44 
3836 -247 44 
3833 -247 44 
3829 -247 44 
3825 -247 44 
3821 -247 44 
3818 -247 44 
3814 -247 44 
3810 -247 44 
3806 -247 44 
3802 -247 43 
3798 -247 43 
3793 -246 43 
3789 -246 43 
3789 -256 51 
3784 -262 50 
3780 -267 50 
3775 -273 50 
3771 -278 50 
3767 -283 50 
3762 -288 50 
3757 -293 50 
3753 -298 50 
3748 -302 50 
3744 -307 49 
3739 -311 49 
3734 -316 49 
3730 -320 49 
3725 -324 49 
3720 -328 49 
3715 -331 49 
3710 -335 49 
3705 -339 49 
3701 -342 49 
3696 -345 49 
3691 -349 48 
3684 -346 43 
3680 -347 44 
3676 -347 44 
3671 -346 45 
3667 -346 45 
3663 -346 45 
3658 -345 46 
3654 -345 46 
3650 -344 46 
3645 -343 46 
3641 -342 46 
3637 -341 46 
3633 -340 47 
3628 -339 47 
3624 -338 47 
3620 -336 47 
3616 -335 47 
3612 -333 47 
3608 -331 47 
3604 -329 48 
3600 -327 48 
3596 -325 48 
3592 -323 48 
3588 -321 48 
3584 -319 48 
3580 -316 48 
3576 -314 48 
3573 -311 48 
3569 -309 49 
3565 -306 49 
3561 -303 49 
3557 -300 49 
3554 -297 49 
3550 -294 49 
3546 -291 49 
3543 -287 49 
3539 -284 49 
3535 -281 49 
3532 -277 49 
3528 -273 50 
3525 -270 50 
3521 -266 50 
3517 -262 50 
3513 -258 50 
3509 -254 50 
3502 -247 44 
3498 -247 44 
3494 -246 43 
3490 -246 43 
3486 -247 43 
3482 -246 43 
3478 -246 43 
3474 -246 43 
3469 -246 43 
3465 -246 43 
3460 -246 43 
3456 -246 43 
3452 -246 43 
3447 -246 43 
3443 -246 43 
3438 -246 43 
3437 -256 50 
3433 -262 50 
3428 -267 50 
3423 -272 50 
3419 -278 50 
3414 -283 50 
3409 -288 50 
3404 -293 50 
3400 -298 50 
3395 -302 49 
3390 -307 49 
3385 -311 49 
3380 -315 49 
3375 -320 49 
3370 -324 49 
3365 -328 49 
3360 -331 49 
3354 -335 49 
3349 -338 48 
3344 -342 48 
3339 -345 48 
3333 -348 48 
3328 -351 48 
3323 -354 48 
3317 -357 48 
3312 -360 48 
3307 -362 48 
3302 -365 47 
3296 -367 47 
3291 -370 47 
3286 -372 47 
3281 -374 47 
3276 -376 47 
3271 -377 47 
3266 -379 47 
3261 -381 47 
3256 -382 47 
3251 -383 46 
3246 -385 46 
3241 -386 46 
3236 -387 46 
3231 -388 46 
3227 -388 46 
3222 -389 46 
3217 -390 45 
3212 -390 45 
3208 -390 45 
3203 -390 45 
3198 -390 44 
3193 -390 44 
3189 -390 43 
3185 -390 44 
3180 -390 45 
3176 -390 45 
3172 -390 45 
3168 -389 45 
3163 -389 46 
3159 -388 46 
3155 -388 46 
3151 -387 46 
3146 -386 46 
3142 -385 46 
3138 -384 47 
3133 -382 47 
3129 -381 47 
3124 -380 47 
3120 -378 47 
3115 -376 47 
3111 -375 47 
3106 -373 47 
3102 -371 47 
3097 -369 47 
3092 -367 47 
3087 -364 47 
3083 -362 48 
3078 -360 48 
3073 -357 48 
3068 -354 48 
3063 -352 48 
3058 -349 48 
3053 -346 48 
3048 -343 48 
3043 -340 48 
3038 -337 48 
3033 -334 48 
3028 -330 48 
3022 -327 48 
3017 -323 48 
3012 -320 48 
3007 -316 48 
3001 -312 48 
2996 -309 48 
2991 -305 48 
2985 -301 49 
2980 -297 49 
2974 -292 49 
2969 -288 49 
2963 -284 49 
2958 -279 49 
2952 -275 49 
2947 -270 49 
2941 -265 49 
2935 -261 49 
2930 -256 49 
2924 -251 49 
2915 -246 42 
2909 -246 42 
2904 -246 42 
2898 -246 42 
2893 -246 42 
2887 -246 42 
2882 -246 43 
2876 -246 43 
2871 -246 43 
2866 -246 43 
2860 -246 43 
2859 -256 50 
2853 -261 50 
2848 -267 50 
2843 -272 50 
2837 -278 49 
2832 -283 49 
2826 -288 49 
2821 -293 49 
2815 -297 49 
2810 -302 49 
2804 -307 49 
2798 -311 49 
2793 -315 49 
2787 -319 49 
2781 -323 48 
2775 -327 48 
2770 -331 48 
2764 -335 48 
2758 -338 48 
2752 -342 48 
2746 -345 48 
2740 -348 48 
2734 -351 48 
2728 -354 47 
2722 -357 47 
2716 -360 47 
2710 -362 47 
2704 -365 47 
2698 -367 47 
2692 -369 47 
2686 -371 47 
2679 -373 46 
2673 -375 46 
2667 -377 46 
2661 -379 46 
2655 -380 46 
2649 -382 46 
2642 -383 46 
2636 -384 46 
2630 -385 45 
2624 -386 45 
2618 -387 45 
2613 -388 45 
2607 -389 45 
2601 -389 45 
2595 -390 44 
2589 -390 44 
2583 -390 44 
2578 -390 44 
2572 -390 43 
2566 -390 43 
2561 -390 43 
2556 -390 44 
2550 -390 44 
2545 -390 44 
2540 -389 45 
2535 -389 45 
2529 -388 45 
2524 -387 45 
2519 -386 46 
2514 -386 46 
2509 -385 46 
2504 -383 46 
2499 -382 46 
2494 -381 46 
2489 -379 46 
2484 -378 47 
2479 -376 47 
2474 -374 47 
2469 -373 47 
2464 -371 47 
2460 -369 47 
2455 -367 47 
2450 -364 47 
2445 -362 48 
2441 -360 48 
2436 -357 48 
2432 -355 48 
2427 -352 48 
2422 -349 48 
2418 -346 48 
2413 -343 48 
2409 -340 48 
2404 -337 48 
2400 -334 49 
2395 -331 49 
2391 -327 49 
2386 -324 49 
2382 -320 49 
2377 -316 49 
2372 -313 49 
2367 -309 49 
2363 -305 49 
2358 -301 49 
2353 -297 49 
2348 -293 49 
2343 -288 49 
2338 -284 49 
2333 -279 49 
2328 -275 49 
2323 -270 49 
2318 -266 49 
2313 -261 49 
2308 -256 49 
2303 -251 49 
2294 -246 43 
2293 -256 50 
2287 -261 50 
2282 -267 50 
2277 -272 50 
2271 -278 50 
2266 -283 49 
2261 -288 49 
2255 -293 49 
2250 -297 49 
2244 -302 49 
2239 -307 49 
2233 -311 49 
2228 -315 49 
2222 -319 49 
2217 -323 48 
2211 -327 48 
2205 -331 48 
2200 -335 48 
2194 -338 48 
2188 -342 48 
2182 -345 48 
2176 -348 48 
2171 -351 48 
2165 -354 47 
2159 -357 47 
2153 -360 47 
2148 -362 47 
2142 -365 47 
2136 -367 47 
2131 -369 47 
2125 -372 47 
2120 -374 47 
2114 -375 47 
2109 -377 47 
2103 -379 46 
2098 -380 46 
2093 -382 46 
2087 -383 46 
2082 -384 46 
2077 -386 46 
2071 -387 46 
2066 -387 46 
2061 -388 45 
2056 -389 45 
2051 -389 45 
2046 -390 45 
2041 -390 45 
2036 -390 44 
2030 -390 44 
2025 -390 44 
2020 -390 43 
2016 -390 44 
2011 -390 44 
2007 -390 45 
2002 -390 45 
1997 -389 45 
1993 -389 45 
1988 -388 46 
1984 -388 46 
1979 -387 46 
1975 -386 46 
1970 -385 46 
1966 -384 46 
1962 -382 47 
1957 -381 47 
1953 -380 47 
1949 -378 47 
1944 -376 47 
1940 -375 47 
1936 -373 47 
1932 -371 48 
1927 -369 48 
1923 -367 48 
1919 -365 48 
1915 -362 48 
1911 -360 48 
1907 -357 48 
1902 -355 48 
1898 -352 48 
1894 -349 48 
1890 -346 48 
1885 -343 48 
1881 -340 48 
1876 -337 48 
1872 -334 49 
1867 -331 49 
1863 -327 49 
1858 -324 49 
1853 -320 49 
1849 -316 49 
1844 -313 49 
1839 -309 49 
1834 -305 49 
1830 -301 49 
1825 -297 49 
1820 -293 49 
1815 -288 49 
1810 -284 49 
1805 -280 49 
1800 -275 49 
1795 -270 49 
1790 -266 49 
1785 -261 49 
1780 -256 49 
1775 -251 49 
1766 -246 43 
1761 -246 43 
1756 -246 43 
1754 -256 50 
1749 -261 50 
1744 -267 50 
1739 -272 50 
1733 -278 50 
1728 -283 49 
1723 -288 49 
1717 -293 49 
1712 -297 49 
1706 -302 49 
1701 -307 49 
1695 -311 49 
1690 -315 49 
1684 -319 49 
1679 -323 49 
1673 -327 48 
1667 -331 48 
1662 -335 48 
1656 -338 48 
1650 -342 48 
1645 -345 48 
1639 -348 48 
1633 -351 48 
1627 -354 47 
1621 -357 47 
1615 -360 47 
1609 -362 47 
1603 -365 47 
1598 -367 47 
1591 -369 47 
1585 -371 47 
1579 -373 46 
1573 -375 46 
1567 -377 46 
1561 -379 46 
1555 -380 46 
1549 -382 46 
1543 -383 46 
1538 -384 46 
1532 -385 46 
1526 -386 45 
1520 -387 45 
1515 -388 45 
1509 -389 45 
1503 -389 45 
1497 -390 45 
1492 -390 44 
1486 -390 44 
1481 -390 44 
1475 -390 43 
1469 -390 43 
1464 -390 44 
1459 -390 44 
1454 -390 44 
1449 -390 45 
1444 -389 45 
1439 -389 45 
1434 -388 45 
1429 -387 45 
1424 -387 46 
1419 -386 46 
1415 -385 46 
1410 -384 46 
1406 -382 47 
1401 -381 47 
1397 -380 47 
1393 -378 47 
1389 -376 47 
1385 -375 47 
1381 -373 48 
1377 -371 48 
1373 -369 48 
1370 -367 48 
1366 -365 48 
1362 -363 48 
1359 -360 49 
1356 -358 49 
1352 -355 49 
1349 -352 49 
1346 -350 49 
1343 -347 49 
1340 -344 50 
1337 -341 50 
1335 -338 50 
1332 -335 50 
1329 -331 50 
1327 -328 50 
1325 -325 50 
1322 -321 51 
1320 -317 51 
1318 -314 51 
1316 -310 51 
1314 -306 51 
1312 -302 51 
1310 -298 51 
1308 -294 52 
1306 -290 52 
1305 -285 52 
1303 -281 52 
1302 -276 52 
1300 -272 52 
1299 -267 52 
1297 -263 53 
1296 -258 53 
1295 -253 53 
1294 -248 53 
1293 -243 53 
1292 -238 53 
1291 -233 53 
1291 -227 54 
1290 -222 54 
1289 -217 54 
1288 -211 50 
1292 -207 50 
1296 -203 50 
1298 -196 43 
1302 -196 43 
1306 -196 43 
1310 -196 43 
1315 -196 43 
1319 -196 43 
1323 -196 43 
1328 -196 43 
1332 -196 43 
1337 -196 43 
1341 -196 43 
1346 -196 43 
1350 -196 43 
1355 -196 43 
1359 -196 43 
1364 -196 43 
1368 -196 43 
1373 -196 43 
1381 -206 50 
1386 -211 50 
1391 -217 50 
1395 -222 50 
1400 -228 50 
1405 -233 50 
1410 -238 50 
1414 -243 50 
1419 -248 49 
1424 -252 49 
1429 -257 49 
1434 -261 49 
1439 -265 49 
1444 -270 49 
1449 -274 49 
1454 -278 49 
1459 -281 49 
1464 -285 48 
1470 -288 48 
1475 -292 48 
1480 -295 48 
1485 -298 48 
1490 -301 48 
1496 -304 48 
1501 -307 48 
1506 -310 48 
1511 -313 48 
1516 -315 47 
1521 -317 47 
1526 -320 47 
1531 -322 47 
1536 -324 47 
1541 -326 47 
1546 -327 47 
1551 -329 47 
1556 -331 47 
1561 -332 46 
1565 -333 46 
1570 -335 46 
1575 -336 46 
1580 -337 46 
1585 -337 46 
1590 -338 46 
1595 -339 45 
1600 -339 45 
1605 -340 45 
1610 -340 45 
1614 -340 45 
1619 -340 44 
1623 -340 44 
1628 -340 43 
1633 -340 44 
1637 -340 45 
1642 -340 45 
1646 -340 45 
1650 -340 46 
1654 -339 46 
1658 -339 46 
1662 -338 46 
1666 -337 47 
1670 -336 47 
1673 -335 47 
1677 -334 47 
1680 -333 47 
1684 -331 48 
1687 -330 48 
1691 -328 48 
1694 -327 48 
1698 -325 48 
1701 -323 48 
1705 -321 48 
1709 -319 48 
1712 -317 48 
1716 -315 48 
1720 -312 48 
1724 -310 48 
1728 -307 48 
1732 -305 48 
1736 -302 49 
1739 -299 49 
1744 -297 49 
1748 -294 49 
1752 -290 49 
1756 -287 49 
1760 -284 49 
1764 -281 49 
1768 -277 49 
1773 -274 49 
1777 -270 49 
1781 -267 49 
1786 -263 49 
1790 -259 49 
1795 -255 49 
1799 -251 49 
1801 -246 43 
1805 -246 43 
1810 -246 43 
1818 -256 50 
1822 -261 50 
1827 -267 50 
1832 -272 50 
1836 -278 50 
1841 -283 50 
1846 -288 50 
1850 -293 50 
1855 -298 49 
1860 -302 49 
1865 -307 49 
1870 -311 49 
1875 -315 49 
1880 -320 49 
1885 -324 49 
1890 -328 49 
1895 -331 49 
1900 -335 48 
1905 -338 48 
1910 -342 48 
1915 -345 48 
1920 -348 48 
1925 -351 48 
1931 -354 48 
1936 -357 48 
1941 -360 48 
1947 -362 47 
1952 -365 47 
1957 -367 47 
1963 -369 47 
1968 -372 47 
1973 -374 47 
1979 -375 47 
1984 -377 47 
1989 -379 47 
1994 -380 46 
1999 -382 46 
2005 -383 46 
2010 -384 46 
2015 -386 46 
2020 -387 46 
2025 -387 46 
2030 -388 46 
2034 -389 45 
2039 -389 45 
2044 -390 45 
2049 -390 45 
2054 -390 45 
2058 -390 44 
2063 -390 44 
2067 -390 43 
2072 -390 44 
2077 -390 44 
2082 -390 45 
2087 -390 45 
2092 -389 45 
2096 -389 45 
2101 -388 46 
2105 -388 46 
2110 -387 46 
2115 -386 46 
2119 -385 46 
2124 -384 47 
2128 -382 47 
2132 -381 47 
2137 -380 47 
2141 -378 47 
2145 -376 47 
2150 -375 47 
2154 -373 47 
2158 -371 48 
2162 -369 48 
2167 -367 48 
2171 -365 48 
2175 -362 48 
2179 -360 48 
2183 -357 48 
2187 -355 48 
2191 -352 48 
2195 -349 49 
2199 -347 49 
2203 -344 49 
2207 -341 49 
2211 -337 49 
2215 -334 49 
2219 -331 49 
2222 -327 49 
2226 -324 49 
2230 -320 49 
2234 -317 49 
2238 -313 50 
2241 -309 50 
2245 -305 50 
2249 -301 50 
2253 -297 50 
2257 -293 50 
2261 -289 50 
2265 -284 50 
2269 -280 50 
2273 -275 50 
2277 -271 50 
2281 -266 50 
2285 -261 50 
2289 -256 50 
2293 -251 50 
2294 -246 43 
2299 -246 43 
2303 -246 43 
2307 -246 43 
2315 -256 50 
2320 -262 50 
2324 -267 50 
2329 -273 50 
2333 -278 50 
2338 -283 50 
2342 -288 50 
2347 -293 50 
2351 -298 50 
2356 -302 49 
2361 -307 49 
2365 -311 49 
2370 -316 49 
2375 -320 49 
2380 -324 49 
2385 -328 49 
2390 -331 49 
2394 -335 49 
2399 -339 48 
2404 -342 48 
2409 -345 48 
2414 -348 48 
2420 -351 48 
2425 -354 48 
2430 -357 48 
2435 -360 48 
2440 -362 47 
2445 -365 47 
2451 -367 47 
2456 -369 47 
2461 -372 47 
2467 -374 47 
2472 -375 47 
2477 -377 47 
2483 -379 46 
2488 -380 46 
2494 -382 46 
2499 -383 46 
2505 -384 46 
2510 -385 46 
2516 -386 45 
2522 -387 45 
2527 -388 45 
2533 -389 45 
2539 -389 45 
2544 -390 44 
2550 -390 44 
2556 -390 44 
2561 -390 44 
2567 -390 43 
2573 -390 42 
2579 -390 43 
2585 -390 44 
2591 -390 44 
2598 -389 44 
2604 -389 44 
2610 -388 45 
2616 -388 45 
2622 -387 45 
2628 -386 45 
2634 -385 45 
2639 -384 45 
2645 -383 46 
2651 -382 46 
2657 -381 46 
2663 -379 46 
2668 -378 46 
2674 -376 46 
2679 -374 46 
2685 -372 47 
2691 -370 47 
2696 -368 47 
2701 -366 47 
2707 -364 47 
2712 -362 47 
2718 -359 47 
2723 -357 47 
2728 -354 48 
2733 -352 48 
2739 -349 48 
2744 -346 48 
2749 -343 48 
2754 -340 48 
2759 -337 48 
2764 -334 48 
2769 -330 48 
2774 -327 48 
2779 -324 48 
2784 -320 48 
2789 -316 49 
2794 -313 49 
2799 -309 49 
2805 -305 49 
2810 -301 49 
2815 -297 49 
2820 -292 49 
2825 -288 49 
2831 -284 49 
2836 -279 49 
2841 -275 49 
2847 -270 49 
2852 -266 49 
2858 -261 49 
2863 -256 49 
2869 -251 49 
2871 -246 42 
2876 -246 43 
2882 -246 43 
2887 -246 43 
2892 -246 43 
2901 -256 50 
2907 -261 50 
2912 -267 50 
2917 -272 50 
2923 -278 49 
2928 -283 49 
2933 -288 49 
2939 -293 49 
2944 -297 49 
2950 -302 49 
2955 -307 49 
2961 -311 49 
2966 -315 49 
2972 -319 49 
2978 -323 48 
2983 -327 48 
2989 -331 48 
2995 -335 48 
3000 -338 48 
3006 -342 48 
3012 -345 48 
3018 -348 48 
3024 -351 47 
3030 -354 47 
3035 -357 47 
3041 -360 47 
3047 -362 47 
3053 -365 47 
3058 -367 47 
3064 -369 47 
3069 -372 47 
3075 -374 47 
3080 -375 47 
3086 -377 47 
3091 -379 46 
3097 -380 46 
3102 -382 46 
3107 -383 46 
3113 -384 46 
3118 -386 46 
3123 -387 46 
3128 -387 46 
3133 -388 45 
3138 -389 45 
3144 -389 45 
3149 -390 45 
3154 -390 45 
3158 -390 44 
3163 -390 44 
3168 -390 44 
3173 -390 43 
3178 -390 44 
3183 -390 44 
3188 -390 45 
3193 -390 45 
3198 -389 45 
3203 -389 45 
3208 -388 46 
3212 -388 46 
3217 -387 46 
3222 -386 46 
3227 -385 46 
3231 -384 46 
3236 -382 47 
3241 -381 47 
3245 -380 47 
3250 -378 47 
3254 -376 47 
3259 -375 47 
3264 -373 47 
3269 -371 47 
3273 -369 47 
3278 -367 47 
3283 -364 47 
3288 -362 47 
3293 -360 48 
3298 -357 48 
3303 -355 48 
3308 -352 48 
3313 -349 48 
3318 -346 48 
3323 -343 48 
3328 -340 48 
3334 -337 48 
3339 -334 48 
3344 -330 48 
3349 -327 48 
3355 -323 48 
3360 -320 48 
3365 -316 48 
3371 -312 48 
3376 -309 48 
3382 -305 48 
3387 -301 49 
3393 -297 49 
3398 -292 49 
3404 -288 49 
3409 -284 49 
3415 -279 49 
3421 -275 49 
3426 -270 49 
3432 -266 49 
3438 -261 49 
3443 -256 49 
3449 -251 49 
3452 -246 42 
3461 -255 50 
3467 -261 50 
3472 -267 49 
3478 -272 49 
3484 -277 49 
3489 -283 49 
3495 -288 49 
3501 -293 49 
3507 -297 49 
3513 -302 49 
3519 -306 49 
3524 -311 49 
3530 -315 49 
3536 -319 48 
3542 -323 48 
3547 -327 48 
3553 -331 48 
3558 -335 48 
3564 -338 48 
3569 -342 48 
3575 -345 48 
3580 -348 48 
3583 -346 43 
3589 -346 43 
3595 -346 44 
3600 -346 44 
3605 -346 45 
3611 -346 45 
3616 -345 45 
3621 -345 45 
3626 -344 46 
3631 -343 46 
3636 -342 46 
3640 -341 46 
3645 -340 46 
3649 -339 47 
3654 -338 47 
3658 -336 47 
3662 -335 47 
3666 -333 47 
3670 -331 48 
3674 -329 48 
3678 -328 48 
3682 -326 48 
3686 -324 48 
3689 -321 48 
3693 -319 49 
3696 -317 49 
3699 -314 49 
3703 -312 49 
3706 -309 49 
3709 -306 49 
3712 -303 49 
3715 -300 49 
3719 -297 49 
3722 -294 50 
3725 -291 50 
3728 -288 50 
3731 -284 50 
3734 -281 50 
3737 -277 50 
3741 -274 50 
3744 -270 50 
3747 -266 50 
3751 -262 50 
3754 -258 50 
3758 -254 50 
3758 -247 44 
3762 -247 44 
3765 -247 44 
3769 -247 44 
3773 -247 44 
3776 -247 44 
3780 -247 44 
3784 -247 44 
3792 -256 51 
3796 -262 51 
3800 -267 51 
3804 -273 50 
3808 -278 50 
3812 -283 50 
3817 -288 50 
3821 -293 50 
3825 -298 50 
3830 -302 50 
3834 -307 50 
3838 -311 50 
3843 -316 49 
3847 -320 49 
3852 -324 49 
3856 -328 49 
3861 -331 49 
3865 -335 49 
3870 -339 49 
3875 -342 49 
3879 -345 48 
3884 -349 48 
3889 -352 48 
3894 -354 48 
3898 -357 48 
3903 -360 48 
3908 -363 48 
3913 -365 48 
3917 -367 48 
3922 -370 48 
3927 -372 47 
3931 -374 47 
3936 -376 47 
3940 -378 47 
3945 -379 47 
3949 -381 47 
3953 -382 47 
3958 -384 47 
3962 -385 47 
3967 -386 46 
3971 -387 46 
3975 -388 46 
3979 -388 46 
3984 -389 46 
3988 -390 46 
3992 -390 46 
3996 -390 45 
4000 -391 45 
4003 -391 45 
4007 -391 45 
4010 -390 44 
4014 -391 45 
4018 -391 45 
4022 -391 46 
4025 -390 46 
4029 -390 46 
4032 -389 46 
4035 -389 47 
4039 -388 47 
4042 -387 47 
4045 -386 47 
4048 -385 48 
4050 -384 48 
4053 -383 48 
4056 -382 48 
4058 -380 48 
4061 -379 49 
4063 -377 49 
4065 -376 49 
4068 -374 49 
4070 -372 49 
4072 -370 50 
4074 -368 50 
4076 -366 50 
4078 -363 50 
4079 -361 50 
4081 -358 50 
4083 -356 51 
4084 -353 51 
4086 -351 51 
4087 -348 51 
4089 -345 51 
4090 -342 52 
4091 -339 52 
4092 -336 52 
4093 -332 52 
4094 -329 52 
4095 -326 52 
4096 -322 53 
4097 -318 53 
4097 -315 53 
4098 -311 53 
4099 -307 53 
4099 -303 54 
4100 -299 54 
4100 -295 54 
4100 -291 54 
4101 -286 54 
4101 -282 54 
4101 -278 54 
4102 -273 54 
4102 -268 54 
4102 -264 54 
4103 -259 55 
4103 -254 55 
4100 -249 48 
4100 -249 48 
4100 -249 48 
4101 -249 48 
4101 -249 48 
4101 -249 48 
4101 -249 48 
4101 -249 48 
4102 -249 48 
4102 -249 48 
4102 -249 48 
4102 -249 48 
4102 -249 48 
4106 -259 56 
4106 -264 56 
4106 -270 56 
4106 -275 56 
4106 -281 55 
4106 -286 55 
4106 -291 55 
4106 -296 55 
4106 -300 55 
4106 -305 55 
4107 -310 55 
4102 -314 55 
4102 -318 55 
4102 -323 55 
4102 -327 55 
4102 -331 55 
4102 -334 55 
4102 -338 55 
4102 -342 54 
4102 -345 54 
4102 -348 54 
4102 -351 54 
4102 -355 54 
4102 -357 54 
4102 -360 54 
4102 -363 54 
4102 -366 54 
4101 -368 54 
4101 -370 53 
4101 -373 53 
4101 -375 53 
4101 -377 53 
4101 -379 53 
4101 -380 53 
4101 -382 53 
4101 -384 53 
4101 -385 52 
4101 -386 52 
4101 -388 52 
4101 -389 52 
4101 -390 52 
4101 -390 52 
4100 -391 51 
4100 -392 51 
4100 -392 50 
4101 -392 50 
4101 -393 50 
4101 -393 49 
4101 -393 49 
4102 -392 48 
4102 -392 47 
4103 -392 48 
4104 -392 48 
4104 -392 49 
4105 -392 49 
4106 -391 49 
4107 -391 49 
4108 -390 49 
4108 -398 46 
4109 -398 46 
4111 -398 46 
4112 -398 46 
4114 -397 45 
4116 -397 45 
4118 -397 45 
4121 -397 45 
4123 -397 45 
4126 -397 45 
4129 -397 44 
4132 -397 44 
4135 -397 44 
4138 -397 44 
4141 -397 44 
4145 -397 44 
4148 -397 44 
4152 -397 44 
4155 -397 44 
4159 -397 44 
4163 -397 44 
4167 -397 44 
4170 -397 44 
4174 -397 44 
4177 -397 44 
4180 -397 44 
4183 -397 44 
4186 -397 45 
4188 -397 45 
4190 -398 46 
4192 -398 46 
4193 -398 47 
4194 -398 47 
4195 -399 48 
4195 -399 49 
4194 -399 48 
4193 -398 47 
4192 -398 47 
4191 -398 46 
4189 -398 46 
4187 -398 46 
4185 -398 45 
4183 -397 45 
4181 -397 45 
4179 -397 45 
4176 -397 45 
4173 -397 45 
4171 -397 45 
4168 -397 44 
4165 -397 44 
4161 -397 44 
4158 -397 44 
4155 -397 44 
4151 -397 44 
4148 -397 44 
4148 -406 51 
4144 -412 51 
4140 -417 51 
4136 -423 51 
4133 -428 51 
4129 -433 50 
4125 -438 50 
4121 -443 50 
4117 -448 50 
4113 -453 50 
4109 -457 50 
4105 -462 50 
4100 -466 50 
4096 -470 50 
4092 -474 49 
4088 -478 49 
4084 -482 49 
4079 -485 49 
4075 -489 49 
4070 -492 49 
4066 -496 49 
4061 -499 49 
4057 -502 49 
4053 -505 48 
4048 -508 48 
4044 -510 48 
4040 -513 48 
4035 -515 48 
4031 -518 48 
4027 -520 48 
4023 -522 48 
4018 -524 48 
4014 -526 48 
4010 -528 47 
4006 -529 47 
4002 -531 47 
3998 -532 47 
3994 -534 47 
3990 -535 47 
3986 -536 47 
3982 -537 47 
3977 -538 46 
3973 -539 46 
3969 -539 46 
3965 -540 46 
3961 -540 46 
3956 -540 45 
3952 -541 45 
3947 -541 45 
3943 -541 44 
3938 -540 43 
3934 -540 44 
3930 -540 45 
3926 -540 45 
3921 -540 45 
3917 -539 45 
3912 -539 45 
3908 -538 46 
3903 -538 46 
3899 -537 46 
3894 -536 46 
3889 -535 46 
3885 -534 46 
3880 -532 46 
3875 -531 46 
3870 -529 47 
3865 -528 47 
3860 -526 47 
3856 -524 47 
3851 -523 47 
3846 -521 47 
3841 -519 47 
3835 -516 47 
3830 -514 47 
3825 -512 47 
3820 -510 47 
3815 -507 47 
3810 -504 47 
3804 -502 48 
3799 -499 48 
3794 -496 48 
3788 -493 48 
3783 -490 48 
3778 -487 48 
3772 -484 48 
3767 -480 48 
3761 -477 48 
3756 -473 48 
3750 -470 48 
3745 -466 48 
3739 -462 48 
3733 -459 48 
3728 -455 48 
3722 -451 48 
3713 -446 42 
3708 -446 42 
3702 -446 42 
3697 -446 42 
3691 -446 42 
3686 -446 42 
3680 -446 43 
3675 -446 43 
3670 -446 43 
3668 -456 50 
3663 -461 50 
3657 -467 50 
3652 -472 50 
3646 -478 49 
3641 -483 49 
3635 -488 49 
3630 -493 49 
3624 -497 49 
3618 -502 49 
3613 -507 49 
3607 -511 49 
3601 -515 49 
3596 -519 48 
3590 -523 48 
3584 -527 48 
3578 -531 48 
3572 -535 48 
3566 -538 48 
3560 -542 48 
3555 -545 48 
3549 -548 48 
3543 -551 47 
3537 -554 47 
3530 -557 47 
3524 -560 47 
3518 -562 47 
3512 -565 47 
3506 -567 47 
3500 -569 47 
3494 -571 46 
3487 -573 46 
3481 -575 46 
3475 -577 46 
3469 -579 46 
3462 -580 46 
3456 -582 46 
3449 -583 45 
3443 -584 45 
3437 -585 45 
3430 -586 45 
3424 -587 45 
3417 -588 45 
3411 -588 44 
3404 -589 44 
3397 -589 44 
3391 -590 44 
3384 -590 43 
3377 -590 43 
3371 -590 43 
3364 -589 42 
3357 -590 43 
3351 -590 43 
3344 -589 43 
3338 -589 44 
3331 -589 44 
3325 -588 44 
3318 -588 44 
3311 -587 44 
3304 -586 45 
3298 -585 45 
3291 -584 45 
3284 -583 45 
3277 -582 45 
3270 -580 45 
3264 -579 45 
3257 -577 45 
3250 -576 45 
3243 -574 46 
3236 -572 46 
3229 -570 46 
3222 -568 46 
3215 -566 46 
3208 -564 46 
3201 -561 46 
3194 -559 46 
3187 -556 46 
3179 -554 46 
3172 -551 46 
3165 -548 46 
3156 -546 42 
3149 -546 42 
3142 -546 42 
3135 -546 42 
3129 -546 42 
3122 -546 42 
3116 -546 42 
3110 -546 42 
3104 -546 42 
3098 -546 42 
3092 -546 42 
3086 -546 42 
3080 -546 42 
3074 -546 42 
3068 -546 42 
3063 -546 42 
3057 -546 42 
3052 -546 42 
3046 -546 42 
3040 -546 42 
3035 -546 42 
3030 -546 43 
3024 -546 43 
3019 -546 43 
3014 -546 43 
3008 -546 43 
3003 -546 43 
2998 -546 43 
2993 -546 43 
2987 -546 43 
2986 -556 50 
2981 -561 50 
2975 -567 50 
2970 -572 50 
2965 -578 50 
2959 -583 49 
2954 -588 49 
2948 -593 49 
2943 -597 49 
2937 -602 49 
2932 -607 49 
2926 -611 49 
2928 -619 56 
2927 -622 55 
2927 -625 55 
2927 -628 54 
2927 -630 54 
2927 -631 54 
2926 -633 53 
2926 -634 53 
2926 -635 53 
2926 -635 52 
2926 -636 52 
2926 -636 51 
2925 -636 51 
2925 -636 51 
2925 -636 50 
2925 -636 50 
2925 -636 51 
2925 -636 51 
2925 -636 51 
2925 -635 51 
2925 -635 51 
2925 -635 51 
2926 -634 52 
2926 -634 52 
2926 -633 52 
2926 -633 52 
2926 -632 52 
2926 -632 52 
2926 -631 52 
2926 -630 52 
2926 -630 52 
2926 -629 52 
2926 -629 52 
2926 -628 52 
2926 -627 52 
2926 -627 52 
2926 -626 52 
2926 -625 52 
2926 -624 52 
2926 -624 52 
2926 -623 52 
2926 -622 52 
2926 -622 52 
2926 -621 52 
2925 -620 51 
2925 -619 51 
2926 -618 51 
2926 -617 51 
2926 -617 51 
2926 -616 51 
2926 -615 50 
2926 -614 50 
2927 -614 50 
2927 -613 50 
2927 -612 50 
2928 -611 50 
2928 -610 50 
2929 -609 50 
2930 -608 50 
2930 -606 50 
2931 -605 50 
2932 -603 50 
2933 -602 51 
2934 -600 51 
2935 -598 51 
2936 -597 51 
2937 -595 51 
2938 -592 51 
2939 -590 51 
2941 -588 51 
2942 -586 51 
2943 -583 51 
2945 -581 51 
2946 -578 51 
2948 -575 51 
2950 -572 51 
2951 -570 51 
2953 -567 51 
2955 -563 51 
2956 -560 51 
2958 -557 51 
2960 -554 51 
2962 -550 51 
2962 -547 45 
2964 -547 45 
2966 -547 45 
2969 -547 45 
2971 -547 45 
2974 -547 44 
2977 -547 44 
2980 -547 44 
2983 -547 44 
2987 -547 44 
2990 -547 44 
2994 -547 44 
2997 -547 44 
3001 -547 44 
3005 -547 44 
3008 -547 44 
3012 -547 44 
3016 -547 44 
3020 -547 43 
3024 -546 43 
3028 -546 43 
3032 -546 43 
3037 -546 43 
3041 -546 43 
3045 -546 43 
3049 -546 43 
3054 -546 43 
3058 -546 43 
3063 -546 43 
3067 -546 43 
3071 -546 43 
3076 -546 43 
3080 -546 43 
3085 -546 43 
3089 -546 43 
3094 -546 43 
3099 -546 43 
3103 -546 43 
3108 -546 43 
3112 -546 43 
3117 -546 43 
3122 -546 43 
3126 -546 43 
3131 -546 43 
3136 -546 43 
3141 -546 43 
3145 -546 43 
3150 -546 43 
3155 -546 43 
3159 -546 43 
3164 -546 43 
3169 -546 43 
3174 -546 43 
3178 -546 43 
3183 -546 43 
3188 -546 43 
3193 -546 43 
3198 -546 43 
3202 -546 43 
3207 -546 43 
3212 -546 43 
3217 -546 43 
3222 -546 43 
3226 -546 43 
3231 -546 43 
3236 -546 43 
3241 -546 43 
3246 -546 43 
3251 -546 43 
3255 -546 43 
3260 -546 43 
3265 -546 43 
3270 -546 43 
3275 -546 43 
3280 -546 43 
3284 -546 43 
3289 -546 43 
3294 -546 43 
3299 -546 43 
3304 -546 43 
3309 -546 43 
3313 -546 43 
3318 -546 43 
3323 -546 43 
3328 -546 43 
3333 -546 43 
3338 -547 44 
3343 -547 44 
3348 -546 45 
3353 -546 45 
3358 -546 45 
3364 -545 45 
3369 -545 45 
3374 -544 45 
3379 -543 46 
3384 -542 46 
3389 -541 46 
3395 -540 46 
3400 -539 46 
3405 -537 46 
3411 -536 46 
3416 -534 46 
3421 -533 46 
3427 -531 47 
3432 -529 47 
3438 -527 47 
3443 -525 47 
3449 -523 47 
3454 -521 47 
3460 -518 47 
3466 -516 47 
3471 -513 47 
3477 -511 47 
3483 -508 47 
3488 -505 47 
3494 -502 47 
3500 -499 47 
3506 -496 48 
3512 -493 48 
3518 -490 48 
3523 -487 48 
3529 -483 48 
3535 -480 48 
3541 -476 48 
3547 -473 48 
3553 -469 48 
3559 -465 48 
3565 -461 48 
3572 -457 48 
3578 -453 48 
3581 -446 42 
3587 -446 42 
3593 -446 42 
3599 -446 42 
3605 -446 42 
3610 -446 42 
3616 -446 42 
3622 -446 42 
3627 -446 42 
3633 -446 42 
3639 -446 42 
3644 -446 42 
3649 -446 42 
3655 -446 43 
3660 -446 43 
3666 -446 43 
3671 -446 43 
3676 -446 43 
3682 -446 43 
3687 -446 43 
3692 -446 43 
3697 -446 43 
3702 -446 43 
3708 -446 43 
3713 -446 43 
3718 -446 43 
3723 -446 43 
3727 -446 43 
3731 -447 44 
3735 -447 44 
3738 -447 44 
3741 -447 45 
3743 -447 45 
3745 -448 46 
3746 -448 46 
3747 -448 47 
3748 -449 48 
3748 -449 49 
3748 -449 48 
3747 -448 47 
3746 -448 47 
3745 -448 46 
3743 -448 46 
3742 -448 46 
3740 -448 46 
3738 -447 45 
3736 -447 45 
3733 -447 45 
3731 -447 45 
3728 -447 45 
3725 -447 45 
3723 -447 44 
3720 -447 44 
3716 -447 44 
3713 -447 44 
3710 -447 44 
3706 -447 44 
3703 -447 44 
3699 -447 44 
3696 -447 44 
3692 -447 44 
3688 -447 44 
3684 -447 44 
3680 -447 44 
3676 -447 44 
3672 -447 43 
3668 -446 43 
3664 -446 43 
3660 -446 43 
3655 -446 43 
3651 -446 43 
3647 -446 43 
3642 -446 43 
3638 -446 43 
3634 -446 43 
3629 -446 43 
3625 -446 43 
3620 -446 43 
3616 -446 43 
3611 -446 43 
3607 -446 43 
3602 -446 43 
3597 -446 43 
3593 -446 43 
3588 -446 43 
3584 -446 43 
3579 -446 43 
3574 -446 43 
3573 -456 50 
3568 -461 50 
3564 -467 50 
3559 -472 50 
3554 -478 50 
3549 -483 50 
3544 -488 50 
3539 -493 50 
3534 -498 49 
3529 -502 49 
3524 -507 49 
3519 -511 49 
3514 -515 49 
3509 -520 49 
3504 -524 49 
3498 -528 49 
3493 -531 49 
3488 -535 48 
3482 -538 48 
3477 -542 48 
3472 -545 48 
3466 -548 48 
3461 -551 48 
3455 -554 48 
3450 -557 48 
3444 -560 47 
3439 -562 47 
3433 -565 47 
3428 -567 47 
3422 -569 47 
3416 -572 47 
3411 -574 47 
3405 -575 47 
3399 -577 46 
3393 -579 46 
3388 -580 46 
3382 -582 46 
3376 -583 46 
3370 -584 46 
3364 -585 45 
3358 -586 45 
3352 -587 45 
3346 -588 45 
3340 -589 45 
3334 -589 45 
3328 -590 44 
3321 -590 44 
3315 -590 44 
3309 -590 43 
3303 -590 43 
3296 -590 42 
3290 -590 43 
3284 -590 43 
3278 -590 44 
3272 -589 44 
3266 -589 44 
3260 -588 44 
3254 -588 45 
3247 -587 45 
3241 -586 45 
3235 -585 45 
3228 -584 45 
3222 -583 45 
3216 -582 45 
3209 -580 45 
3203 -579 46 
3196 -577 46 
3190 -576 46 
3183 -574 46 
3177 -572 46 
3170 -570 46 
3164 -568 46 
3157 -566 46 
3150 -564 46 
3144 -561 46 
3137 -559 46 
3130 -557 46 
3124 -554 47 
3117 -551 47 
3110 -548 47 
3101 -546 42 
3094 -546 42 
3088 -546 42 
3082 -546 42 
3075 -546 42 
3069 -546 42 
3063 -546 42 
3057 -546 42 
3051 -546 42 
3045 -546 42 
3039 -546 42 
3034 -546 42 
3028 -546 42 
3022 -546 42 
3017 -546 42 
3011 -546 42 
3006 -546 42 
3000 -546 42 
2995 -546 43 
2993 -556 50 
2988 -561 50 
2982 -567 50 
2977 -572 49 
2971 -578 49 
2965 -583 49 
2960 -588 49 
2954 -593 49 
2948 -597 49 
2943 -602 49 
2937 -607 49 
2931 -611 49 
2925 -615 49 
2927 -622 55 
2927 -625 55 
2927 -628 54 
2927 -630 54 
2927 -631 54 
2926 -633 53 
2926 -634 53 
2926 -635 53 
2926 -635 52 
2926 -636 52 
2926 -636 51 
2925 -636 51 
2925 -636 51 
2925 -636 50 
2925 -636 50 
2925 -636 51 
2925 -636 51 
2925 -636 51 
2925 -635 51 
2925 -635 51 
2925 -635 51 
2926 -634 52 
2926 -634 52 
2926 -633 52 
2926 -633 52 
2926 -632 52 
2926 -632 52 
2926 -631 52 
2926 -631 52 
2926 -630 52 
2926 -629 52 
2926 -629 52 
2926 -628 52 
2926 -627 52 
2926 -627 52 
2925 -626 51 
2925 -625 51 
2926 -624 51 
2926 -623 51 
2926 -622 51 
2926 -622 51 
2926 -621 50 
2927 -620 50 
2927 -619 50 
2927 -619 50 
2928 -618 50 
2928 -617 50 
2929 -616 50 
2929 -615 50 
2930 -614 50 
2930 -612 50 
2931 -611 50 
2932 -609 50 
2933 -608 51 
2934 -606 51 
2935 -604 51 
2936 -602 51 
2937 -600 51 
2938 -598 51 
2939 -596 51 
2941 -594 51 
2942 -592 51 
2943 -589 51 
2945 -587 51 
2946 -584 51 
2948 -581 51 
2950 -578 51 
2951 -576 51 
2953 -573 51 
2955 -570 51 
2957 -566 51 
2958 -563 51 
2960 -560 51 
2962 -556 51 
2964 -553 51 
2964 -547 45 
2966 -547 45 
2968 -547 45 
2971 -547 45 
2973 -547 45 
2976 -547 44 
2979 -547 44 
2982 -547 44 
2985 -547 44 
2988 -547 44 
2992 -547 44 
2995 -547 44 
2999 -547 44 
3002 -547 44 
3006 -547 44 
3010 -547 44 
3014 -547 44 
3017 -547 44 
3021 -547 44 
3025 -547 43 
3029 -546 43 
3034 -546 43 
3038 -546 43 
3042 -546 43 
3046 -546 43 
3050 -546 43 
3055 -546 43 
3059 -546 43 
3064 -546 43 
3068 -546 43 
3072 -546 43 
3077 -546 43 
3081 -546 43 
3086 -546 43 
3090 -546 43 
3095 -546 43 
3100 -546 43 
3104 -546 43 
3109 -546 43 
3113 -546 43 
3118 -546 43 
3123 -546 43 
3127 -546 43 
3132 -546 43 
3137 -546 43 
3141 -546 43 
3146 -546 43 
3151 -546 43 
3156 -546 43 
3160 -546 43 
3165 -546 43 
3170 -546 43 
3175 -546 43 
3179 -546 43 
3184 -546 43 
3189 -546 43 
3194 -546 43 
3198 -546 43 
3203 -546 43 
3208 -546 43 
3213 -546 43 
3218 -546 43 
3222 -546 43 
3227 -546 43 
3232 -546 43 
3237 -546 43 
3242 -546 43 
3247 -546 43 
3251 -546 43 
3256 -546 43 
3261 -546 43 
3266 -546 43 
3271 -546 43 
3276 -546 43 
3280 -546 43 
3285 -546 43 
3290 -546 43 
3295 -546 43 
3300 -546 43 
3305 -546 43 
3309 -546 43 
3314 -546 43 
3319 -546 43 
3324 -546 43 
3329 -546 43 
3334 -546 43 
3339 -547 44 
3344 -547 44 
3349 -546 45 
3354 -546 45 
3359 -546 45 
3364 -545 45 
3370 -545 45 
3375 -544 45 
3380 -543 46 
3385 -542 46 
3390 -541 46 
3396 -540 46 
3401 -539 46 
3406 -537 46 
3412 -536 46 
3417 -534 46 
3422 -533 46 
3428 -531 47 
3433 -529 47 
3439 -527 47 
3444 -525 47 
3450 -523 47 
3455 -521 47 
3461 -518 47 
3467 -516 47 
3472 -513 47 
3478 -511 47 
3484 -508 47 
3489 -505 47 
3495 -502 47 
3501 -500 47 
3507 -496 48 
3513 -493 48 
3518 -490 48 
3524 -487 48 
3530 -483 48 
3536 -480 48 
3542 -476 48 
3548 -473 48 
3554 -469 48 
3560 -465 48 
3566 -461 48 
3572 -457 48 
3578 -453 48 
3582 -446 42 
3588 -446 42 
3594 -446 42 
3600 -446 42 
3605 -446 42 
3611 -446 42 
3617 -446 42 
3623 -446 42 
3628 -446 42 
3634 -446 42 
3639 -446 42 
3645 -446 42 
3654 -456 50 
3659 -461 50 
3665 -467 50 
3670 -472 49 
3676 -477 49 
3681 -483 49 
3687 -488 49 
3693 -493 49 
3698 -497 49 
3704 -502 49 
3710 -507 49 
3715 -511 49 
3721 -515 49 
3727 -519 48 
3732 -523 48 
3738 -527 48 
3744 -531 48 
3750 -535 48 
3756 -538 48 
3762 -542 48 
3768 -545 48 
3774 -548 48 
3780 -551 47 
3786 -554 47 
3792 -557 47 
3798 -560 47 
3804 -562 47 
3810 -565 47 
3816 -567 47 
3822 -569 47 
3829 -571 46 
3835 -573 46 
3841 -575 46 
3847 -577 46 
3854 -579 46 
3860 -580 46 
3866 -582 46 
3872 -583 45 
3879 -584 45 
3885 -585 45 
3892 -586 45 
3898 -587 45 
3904 -588 45 
3911 -588 44 
3917 -589 44 
3924 -589 44 
3930 -590 44 
3937 -590 43 
3943 -590 43 
3950 -590 43 
3956 -589 42 
3963 -590 43 
3970 -590 43 
3977 -589 43 
3984 -589 44 
3991 -589 44 
3998 -588 44 
4005 -588 44 
4012 -587 44 
4019 -586 45 
4026 -585 45 
4033 -584 45 
4040 -583 45 
4047 -582 45 
4054 -580 45 
4060 -579 45 
4067 -577 46 
4074 -576 46 
4081 -574 46 
4087 -572 46 
4094 -570 46 
4100 -568 46 
4107 -566 46 
4113 -564 46 
4120 -562 47 
4126 -559 47 
4133 -557 47 
4139 -554 47 
4145 -551 47 
4151 -549 47 
4158 -546 47 
4164 -543 47 
4170 -540 47 
4175 -537 48 
4181 -534 48 
4187 -530 48 
4192 -527 48 
4198 -523 48 
4203 -520 48 
4208 -516 48 
4214 -513 49 
4219 -509 49 
4224 -505 49 
4228 -501 49 
4233 -497 49 
4238 -493 49 
4242 -488 49 
4247 -484 49 
4251 -480 50 
4256 -475 50 
4260 -471 50 
4264 -466 50 
4268 -461 50 
4272 -457 50 
4276 -452 50 
4280 -447 50 
4283 -442 51 
4287 -437 51 
4290 -431 51 
4294 -426 51 
4297 -421 51 
4300 -415 51 
4303 -412 56 
4303 -406 56 
4303 -401 56 
4303 -395 56 
4303 -389 57 
4303 -383 57 
4303 -377 57 
4303 -371 57 
4303 -365 57 
4303 -359 57 
4303 -353 57 
4303 -346 57 
4303 -340 57 
4303 -333 57 
4303 -327 57 
4303 -320 57 
4303 -313 57 
4303 -306 57 
4297 -298 50 
4292 -293 50 
4287 -289 50 
4281 -284 50 
4276 -280 50 
4270 -275 50 
4264 -270 50 
4259 -266 50 
4253 -261 50 
4248 -256 50 
4242 -252 50 
4233 -246 43 
4227 -246 43 
4222 -246 43 
4217 -246 43 
4212 -246 43 
4207 -246 43 
4202 -246 43 
4197 -246 43 
4191 -246 43 
4186 -246 43 
4181 -246 43 
4176 -246 43 
4171 -246 43 
4166 -246 43 
4161 -246 43 
4156 -246 43 
4151 -246 43 
4146 -246 43 
4142 -246 43 
4137 -246 43 
4133 -246 43 
4130 -247 44 
4126 -247 44 
4123 -247 44 
4121 -247 45 
4119 -247 45 
4117 -248 46 
4116 -248 46 
4116 -248 47 
4115 -248 47 
4116 -249 48 
4116 -249 49 
4116 -249 48 
4116 -248 47 
4117 -248 47 
4118 -248 46 
4119 -248 46 
4121 -248 46 
4122 -247 45 
4124 -247 45 
4126 -247 45 
4129 -247 45 
4131 -247 45 
4134 -247 45 
4136 -247 44 
4139 -247 44 
4142 -247 44 
4145 -247 44 
4148 -247 44 
4152 -247 44 
4155 -247 44 
4159 -247 44 
4162 -247 44 
4166 -247 44 
4170 -247 44 
4173 -247 44 
4177 -247 44 
4181 -247 44 
4185 -247 43 
4189 -247 44 
4193 -247 44 
4196 -247 44 
4199 -247 44 
4202 -247 44 
4205 -247 45 
4208 -247 45 
4210 -247 45 
4213 -247 45 
4215 -247 45 
4217 -247 45 
4219 -247 45 
4221 -248 46 
4222 -248 46 
4224 -248 46 
4225 -248 46 
4227 -248 46 
4228 -248 46 
4229 -248 46 
4231 -248 46 
4232 -248 46 
4233 -248 47 
4234 -248 47 
4235 -248 47 
4235 -248 47 
4236 -248 47 
4237 -248 47 
4238 -248 47 
4240 -250 50 
4238 -248 47 
4238 -249 48 
4238 -249 49 
4238 -249 48 
4238 -248 47 
4240 -250 50 
4238 -248 47 
4239 -249 48 
4242 -258 56 
4242 -264 55 
4243 -270 55 
4243 -275 55 
4243 -280 55 
4243 -285 54 
4244 -290 54 
4244 -295 54 
4245 -300 54 
4242 -298 47 
4243 -299 48 
4244 -298 48 
4245 -298 48 
4246 -298 49 
4247 -297 49 
4249 -297 49 
4250 -296 49 
4251 -296 49 
4252 -295 49 
4254 -294 49 
4255 -293 49 
4256 -291 49 
4258 -290 49 
4259 -289 49 
4261 -287 49 
4263 -286 49 
4264 -284 50 
4266 -282 50 
4268 -280 50 
4270 -278 50 
4272 -276 50 
4271 -276 50 
4269 -274 50 
4267 -273 50 
4266 -271 50 
4264 -270 50 
4263 -269 50 
4261 -268 50 
4260 -267 50 
4259 -266 50 
4258 -265 50 
4257 -264 50 
4256 -264 50 
4256 -263 50 
4255 -263 50 
4255 -262 50 
4254 -262 50 
4254 -262 50 
4254 -261 50 
4253 -261 50 
4253 -261 50 
4253 -261 50 
4253 -261 50 
4253 -260 50 
4252 -260 50 
4252 -260 50 
4252 -260 50 
4252 -260 50 
4252 -260 50 
4252 -260 50 
4251 -259 50 
4255 -269 56 
4255 -274 56 
4255 -280 55 
4255 -285 55 
4255 -290 55 
4255 -295 55 
4255 -300 54 
4253 -298 47 
4253 -299 48 
4254 -299 49 
4255 -298 49 
4256 -298 49 
4257 -298 49 
4258 -297 49 
4259 -296 49 
4260 -296 49 
4261 -295 49 
4262 -294 49 
4263 -293 49 
4264 -292 50 
4265 -290 50 
4266 -289 50 
4268 -288 50 
4269 -286 50 
4270 -285 51 
4270 -283 51 
4271 -281 51 
4272 -279 51 
4272 -276 50 
4270 -275 50 
4268 -273 50 
4266 -271 50 
4263 -269 50 
4261 -267 50 
4258 -265 50 
4256 -263 50 
4253 -261 50 
4250 -258 50 
4247 -256 50 
4244 -253 50 
4240 -250 50 
4234 -247 44 
4231 -247 44 
4227 -247 44 
4224 -247 44 
4220 -247 44 
4217 -247 44 
4213 -247 44 
4209 -247 44 
4205 -247 44 
4201 -247 44 
4197 -247 44 
4193 -247 43 
4189 -247 43 
4185 -246 43 
4181 -246 43 
4177 -246 43 
4173 -246 43 
4168 -246 43 
4164 -246 43 
4160 -246 43 
4155 -246 43 
4151 -246 43 
4146 -246 43 
4142 -246 43 
4137 -246 43 
4133 -246 43 
4128 -246 43 
4124 -246 43 
4120 -247 44 
4117 -247 44 
4113 -247 44 
4110 -247 44 
4107 -247 44 
4104 -247 44 
4101 -247 45 
4099 -247 45 
4097 -247 45 
4095 -247 45 
4092 -247 45 
4091 -247 45 
4089 -247 45 
4087 -248 46 
4086 -248 46 
4084 -248 46 
4083 -248 46 
4081 -248 46 
4080 -248 46 
4079 -248 46 
4078 -248 46 
4077 -248 46 
4076 -248 47 
4075 -248 47 
4074 -248 47 
4074 -248 47 
4074 -249 47 
4074 -249 48 
4074 -249 48 
4074 -248 47 
4078 -258 54 
4079 -263 54 
4080 -269 54 
4080 -274 54 
4081 -280 53 
4082 -285 53 
4083 -290 53 
4084 -295 53 
4085 -299 53 
4087 -304 53 
4088 -308 52 
4089 -313 52 
4091 -317 52 
4092 -321 52 
4093 -325 52 
4095 -329 52 
4097 -333 52 
4098 -336 51 
4100 -340 51 
4102 -345 54 
4102 -348 54 
4102 -351 54 
4102 -355 54 
4102 -357 54 
4102 -360 54 
4102 -363 54 
4102 -366 54 
4101 -368 54 
4101 -370 53 
4101 -373 53 
4101 -375 53 
4101 -377 53 
4101 -379 53 
4101 -380 53 
4101 -382 53 
4101 -384 53 
4101 -385 52 
4101 -386 52 
4101 -388 52 
4101 -389 52 
4101 -390 52 
4101 -390 52 
4100 -391 51 
4100 -392 51 
4100 -392 50 
4101 -392 50 
4101 -393 50 
4101 -393 49 
4101 -393 49 
4102 -392 48 
4102 -392 47 
4103 -392 48 
4104 -392 48 
4104 -392 49 
4105 -392 49 
4106 -391 49 
4107 -391 49 
4108 -390 49 
4108 -398 46 
4109 -398 46 
4111 -398 46 
4112 -398 46 
4114 -397 45 
4116 -397 45 
4118 -397 45 
4121 -397 45 
4123 -397 45 
4126 -397 45 
4129 -397 44 
4132 -397 44 
4135 -397 44 
4138 -397 44 
4141 -397 44 
4145 -397 44 
4148 -397 44 
4152 -397 44 
4155 -397 44 
4159 -397 44 
4163 -397 44 
4167 -397 44 
4171 -397 44 
4175 -397 44 
4179 -396 43 
4183 -396 43 
4187 -396 43 
4191 -396 43 
4195 -396 43 
4199 -396 43 
4204 -396 43 
4208 -396 43 
4212 -396 43 
4217 -396 43 
4221 -397 44 
4224 -397 44 
4228 -397 44 
4231 -397 44 
4234 -397 44 
4237 -397 44 
4240 -397 45 
4242 -397 45 
4245 -397 45 
4247 -397 45 
4248 -398 46 
4250 -398 46 
4251 -398 47 
4251 -399 48 
4252 -399 49 
4251 -399 48 
4250 -398 47 
4249 -398 47 
4248 -398 46 
4246 -398 46 
4245 -398 46 
4243 -398 46 
4241 -397 45 
4239 -397 45 
4236 -397 45 
4234 -397 45 
4231 -397 45 
4228 -397 45 
4225 -397 44 
4222 -397 44 
4219 -397 44 
4216 -397 44 
4213 -397 44 
4209 -397 44 
4206 -397 44 
4202 -397 44 
4198 -397 44 
4195 -397 44 
4191 -397 44 
4187 -397 44 
4183 -397 44 
4179 -397 44 
4175 -396 43 
4174 -406 51 
4170 -412 51 
4166 -417 50 
4162 -423 50 
4157 -428 50 
4153 -433 50 
4149 -438 50 
4144 -443 50 
4140 -448 50 
4135 -452 50 
4131 -457 50 
4126 -461 49 
4122 -466 49 
4117 -470 49 
4112 -474 49 
4108 -478 49 
4103 -481 49 
4098 -485 49 
4093 -489 49 
4088 -492 49 
4084 -495 48 
4079 -498 48 
4074 -502 48 
4069 -504 48 
4064 -507 48 
4059 -510 48 
4054 -513 48 
4048 -515 48 
4043 -517 47 
4038 -520 47 
4033 -522 47 
4028 -524 47 
4022 -526 47 
4017 -527 47 
4012 -529 47 
4006 -530 46 
4001 -532 46 
3996 -533 46 
3990 -534 46 
3985 -536 46 
3979 -536 46 
3974 -537 45 
3968 -538 45 
3962 -539 45 
3957 -539 45 
3951 -540 45 
3945 -540 44 
3940 -540 44 
3934 -540 44 
3928 -540 43 
3922 -540 43 
3916 -540 43 
3911 -540 44 
3905 -540 44 
3899 -539 44 
3894 -539 44 
3888 -538 45 
3882 -538 45 
3876 -537 45 
3870 -536 45 
3864 -535 45 
3858 -534 45 
3852 -533 45 
3846 -532 46 
3840 -530 46 
3834 -529 46 
3828 -527 46 
3822 -526 46 
3816 -524 46 
3810 -522 46 
3803 -520 46 
3797 -518 46 
3791 -516 46 
3785 -514 46 
3778 -512 47 
3772 -509 47 
3766 -507 47 
3759 -504 47 
3753 -501 47 
3747 -499 47 
3740 -496 47 
3734 -493 47 
3727 -490 47 
3721 -487 47 
3714 -483 47 
3708 -480 47 
3701 -477 47 
3694 -473 47 
3688 -469 47 
3681 -466 48 
3674 -462 48 
3668 -458 48 
3661 -454 48 
3654 -450 48 
3645 -446 42 
3638 -446 42 
3632 -446 42 
3625 -446 42 
3619 -446 42 
3613 -446 42 
3607 -446 42 
3601 -446 42 
3595 -446 42 
3589 -446 42 
3584 -446 42 
3578 -446 42 
3572 -446 42 
3570 -455 50 
3564 -461 50 
3559 -467 49 
3553 -472 49 
3547 -477 49 
3541 -483 49 
3535 -488 49 
3530 -493 49 
3524 -497 49 
3518 -502 49 
3512 -506 49 
3506 -511 49 
3500 -515 48 
3494 -519 48 
3488 -523 48 
3482 -527 48 
3475 -531 48 
3469 -535 48 
3463 -538 48 
3457 -542 48 
3451 -545 48 
3444 -548 47 
3438 -551 47 
3432 -554 47 
3426 -557 47 
3419 -560 47 
3413 -562 47 
3406 -565 47 
3400 -567 47 
3394 -569 46 
3387 -571 46 
3381 -573 46 
3374 -575 46 
3367 -577 46 
3361 -579 46 
3354 -580 46 
3348 -582 45 
3341 -583 45 
3334 -584 45 
3328 -585 45 
3321 -586 45 
3314 -587 45 
3307 -588 45 
3301 -588 44 
3294 -589 44 
3287 -589 44 
3280 -590 44 
3273 -590 43 
3266 -590 43 
3259 -590 43 
3252 -589 42 
3245 -590 43 
3239 -590 43 
3232 -589 43 
3225 -589 44 
3218 -589 44 
3212 -588 44 
3205 -588 44 
3198 -587 44 
3191 -586 44 
3184 -585 45 
3177 -584 45 
3170 -583 45 
3163 -582 45 
3156 -580 45 
3149 -579 45 
3141 -577 45 
3134 -575 45 
3127 -574 45 
3120 -572 46 
3113 -570 46 
3106 -568 46 
3098 -566 46 
3091 -564 46 
3084 -561 46 
3077 -559 46 
3069 -556 46 
3062 -554 46 
3055 -551 46 
3047 -548 46 
3038 -545 41 
3031 -546 42 
3024 -546 42 
3017 -546 42 
3010 -546 42 
3004 -546 42 
2997 -546 42 
2991 -546 42 
2985 -546 42 
2979 -546 42 
2972 -546 42 
2966 -546 42 
2960 -546 42 
2955 -546 43 
2949 -546 44 
2944 -546 44 
2938 -546 44 
2932 -545 44 
2926 -545 44 
2920 -544 45 
2914 -543 45 
2908 -543 45 
2902 -542 45 
2896 -541 45 
2890 -539 45 
2883 -538 45 
2877 -537 46 
2871 -535 46 
2865 -534 46 
2859 -532 46 
2852 -531 46 
2846 -529 46 
2840 -527 46 
2833 -525 46 
2827 -523 46 
2821 -520 46 
2814 -518 46 
2808 -516 47 
2801 -513 47 
2795 -511 47 
2788 -508 47 
2782 -505 47 
2775 -502 47 
2769 -499 47 
2762 -496 47 
2755 -493 47 
2749 -490 47 
2742 -486 47 
2735 -483 47 
2729 -480 47 
2722 -476 47 
2715 -472 47 
2708 -469 48 
2702 -465 48 
2695 -461 48 
2688 -457 48 
2681 -453 48 
2674 -449 48 
2667 -444 48 
2660 -440 48 
2653 -436 48 
2646 -431 48 
2639 -426 48 
2632 -422 48 
2625 -417 48 
2618 -412 48 
2611 -407 48 
2604 -402 48 
2597 -397 48 
2590 -392 48 
2583 -387 48 
2576 -381 48 
2568 -376 48 
2561 -371 48 
2554 -365 49 
2547 -359 49 
2540 -354 49 
2532 -348 49 
2525 -342 49 
2518 -336 49 
2510 -330 49 
2503 -324 49 
2496 -318 49 
2488 -312 49 
2481 -305 49 
2473 -299 49 
2466 -292 49 
2459 -286 49 
2451 -279 49 
2444 -273 49 
2436 -266 49 
2429 -259 49 
2421 -252 49 
2410 -245 41 
2402 -245 41 
2396 -246 42 
2389 -246 42 
2387 -255 50 
2381 -261 50 
2376 -267 50 
2370 -272 49 
2365 -278 49 
2360 -283 49 
2354 -288 49 
2349 -293 49 
2344 -298 49 
2339 -302 49 
2335 -307 49 
2330 -311 49 
2325 -316 49 
2321 -320 49 
2316 -324 49 
2312 -328 49 
2307 -332 49 
2303 -335 49 
2299 -339 49 
2295 -342 49 
2291 -346 49 
2287 -349 49 
2284 -352 49 
2280 -355 49 
2276 -358 49 
2273 -361 49 
2270 -363 49 
2266 -366 49 
2263 -368 49 
2260 -370 49 
2257 -372 49 
2254 -375 49 
2251 -376 49 
2248 -378 49 
2245 -380 48 
2243 -382 48 
2240 -383 48 
2238 -384 48 
2235 -386 48 
2233 -387 48 
2231 -388 48 
2228 -389 48 
2226 -389 48 
2224 -390 48 
2222 -391 48 
2220 -391 48 
2218 -391 47 
2217 -392 47 
2215 -392 47 
2213 -392 47 
2211 -391 46 
2210 -392 47 
2209 -392 47 
2208 -392 48 
2207 -391 48 
2206 -391 48 
2205 -391 49 
2205 -390 49 
2204 -389 49 
2203 -389 50 
2203 -388 50 
2202 -387 50 
2202 -386 50 
2201 -384 51 
2201 -383 51 
2200 -382 51 
2200 -380 52 
2200 -379 52 
2200 -377 52 
2200 -375 52 
2200 -374 53 
2200 -372 53 
2200 -370 53 
2200 -367 53 
2200 -365 53 
2201 -362 53 
2201 -360 53 
2201 -357 53 
2201 -354 53 
2202 -351 52 
2202 -348 52 
2203 -345 52 
2204 -342 52 
2204 -339 52 
2205 -336 52 
2206 -332 52 
2207 -329 52 
2208 -325 52 
2209 -322 52 
2210 -318 52 
2211 -314 52 
2212 -310 52 
2213 -306 52 
2214 -302 52 
2216 -298 52 
2217 -294 52 
2219 -290 52 
2220 -285 52 
2222 -281 52 
2223 -276 52 
2225 -272 52 
2227 -267 52 
2229 -262 52 
2230 -257 52 
2232 -252 52 
2231 -247 45 
2233 -247 45 
2235 -247 45 
2238 -247 45 
2240 -247 45 
2243 -247 44 
2246 -247 44 
2249 -247 44 
2252 -247 44 
2255 -247 44 
2259 -247 44 
2262 -247 44 
2266 -247 44 
2269 -247 44 
2273 -247 44 
2277 -247 44 
2281 -247 44 
2285 -247 44 
2289 -247 44 
2293 -247 43 
2297 -246 43 
2304 -256 51 
2308 -262 51 
2313 -267 50 
2317 -273 50 
2321 -278 50 
2325 -283 50 
2330 -288 50 
2334 -293 50 
2338 -298 50 
2343 -302 50 
2347 -307 50 
2352 -311 49 
2356 -316 49 
2361 -320 49 
2365 -324 49 
2370 -328 49 
2375 -331 49 
2379 -335 49 
2384 -339 49 
2389 -342 49 
2393 -345 48 
2398 -348 48 
2403 -352 48 
2408 -354 48 
2413 -357 48 
2418 -360 48 
2423 -363 48 
2428 -365 48 
2433 -367 47 
2438 -370 47 
2443 -372 47 
2448 -374 47 
2453 -376 47 
2459 -377 47 
2464 -379 47 
2469 -380 46 
2474 -382 46 
2480 -383 46 
2485 -384 46 
2490 -385 46 
2496 -386 46 
2501 -387 45 
2506 -388 45 
2512 -389 45 
2517 -389 45 
2523 -390 45 
2528 -390 44 
2534 -390 44 
2539 -390 44 
2545 -390 43 
2550 -390 43 
2556 -390 43 
2562 -390 44 
2568 -390 44 
2574 -389 44 
2580 -389 44 
2586 -388 45 
2592 -388 45 
2598 -387 45 
2604 -386 45 
2611 -385 45 
2617 -384 45 
2623 -383 45 
2629 -382 46 
2635 -380 46 
2641 -379 46 
2648 -377 46 
2654 -376 46 
2660 -374 46 
2666 -372 46 
2673 -370 46 
2679 -368 46 
2685 -366 46 
2692 -364 46 
2698 -362 47 
2704 -359 47 
2711 -357 47 
2717 -354 47 
2724 -351 47 
2730 -349 47 
2737 -346 47 
2743 -343 47 
2750 -340 47 
2757 -337 47 
2763 -333 47 
2770 -330 47 
2777 -327 47 
2783 -323 47 
2790 -319 47 
2797 -316 48 
2803 -312 48 
2810 -308 48 
2817 -304 48 
2824 -300 48 
2831 -296 48 
2837 -292 48 
2844 -288 48 
2851 -283 48 
2858 -279 48 
2865 -274 48 
2872 -270 48 
2879 -265 48 
2886 -260 48 
2893 -255 48 
2900 -251 48 
2904 -246 42 
2910 -246 42 
2917 -246 42 
2924 -246 42 
2930 -246 42 
2936 -246 42 
2943 -246 42 
2949 -246 42 
2959 -255 49 
2965 -261 49 
2971 -267 49 
2977 -272 49 
2983 -277 49 
2989 -282 49 
2995 -287 49 
3001 -292 49 
3008 -297 49 
3014 -302 48 
3020 -306 48 
3026 -311 48 
3033 -315 48 
3039 -319 48 
3045 -323 48 
3052 -327 48 
3058 -331 48 
3065 -335 48 
3071 -338 48 
3077 -341 47 
3084 -345 47 
3090 -348 47 
3096 -351 47 
3103 -354 47 
3109 -357 47 
3115 -360 47 
3121 -362 47 
3126 -365 47 
3132 -367 47 
3138 -369 47 
3143 -372 47 
3149 -374 47 
3154 -375 47 
3159 -377 47 
3164 -379 47 
3169 -381 47 
3174 -382 47 
3179 -383 46 
3184 -385 46 
3188 -386 46 
3193 -387 46 
3197 -388 46 
3201 -388 46 
3206 -389 46 
3210 -390 46 
3214 -390 45 
3218 -390 45 
3223 -390 45 
3227 -391 45 
3231 -390 44 
3235 -390 43 
3240 -390 44 
3245 -390 44 
3250 -390 45 
3255 -390 45 
3260 -389 45 
3264 -389 45 
3269 -388 45 
3274 -387 46 
3279 -387 46 
3284 -386 46 
3289 -385 46 
3294 -383 46 
3299 -382 46 
3304 -381 46 
3309 -379 46 
3314 -378 47 
3319 -376 47 
3325 -374 47 
3330 -373 47 
3335 -371 47 
3340 -369 47 
3346 -366 47 
3351 -364 47 
3356 -362 47 
3362 -359 47 
3367 -357 47 
3373 -354 47 
3378 -352 47 
3383 -349 48 
3389 -346 48 
3395 -343 48 
3400 -340 48 
3406 -337 48 
3411 -334 48 
3417 -330 48 
3423 -327 48 
3428 -323 48 
3434 -320 48 
3440 -316 48 
3446 -312 48 
3452 -308 48 
3457 -305 48 
3463 -300 48 
3469 -296 48 
3475 -292 48 
3481 -288 48 
3487 -284 48 
3493 -279 48 
3499 -275 49 
3505 -270 49 
3511 -265 49 
3517 -261 49 
3524 -256 49 
3530 -251 49 
3533 -246 42 
3539 -246 42 
3544 -246 42 
3554 -255 50 
3560 -261 49 
3566 -267 49 
3572 -272 49 
3577 -277 49 
3583 -282 49 
3589 -288 49 
3595 -292 49 
3601 -297 49 
3607 -302 49 
3613 -306 49 
3620 -311 48 
3626 -315 48 
3632 -319 48 
3638 -323 48 
3644 -327 48 
3650 -331 48 
3657 -335 48 
3663 -338 48 
3669 -342 48 
3675 -345 47 
3682 -348 47 
3685 -346 42 
3692 -346 43 
3699 -346 43 
3706 -346 44 
3712 -346 44 
3719 -345 44 
3725 -345 44 
3732 -344 44 
3739 -343 45 
3745 -342 45 
3752 -342 45 
3759 -340 45 
3766 -339 45 
3772 -338 45 
3779 -337 45 
3786 -335 45 
3793 -334 45 
3800 -332 46 
3806 -330 46 
3813 -328 46 
3820 -327 46 
3827 -325 46 
3834 -322 46 
3841 -320 46 
3848 -318 46 
3855 -315 46 
3862 -313 46 
3869 -310 46 
3876 -308 47 
3883 -305 47 
3890 -302 47 
3897 -299 47 
3904 -296 47 
3911 -293 47 
3919 -290 47 
3926 -286 47 
3933 -283 47 
3940 -279 47 
3947 -276 47 
3955 -272 47 
3962 -268 47 
3969 -265 47 
3976 -261 47 
3984 -257 47 
3991 -253 47 
3995 -245 41 
4002 -246 41 
4010 -246 42 
4016 -246 42 
4023 -246 42 
4030 -246 42 
4037 -246 42 
4043 -246 42 
4049 -246 42 
4056 -246 42 
4062 -246 42 
4067 -246 42 
4072 -246 43 
4077 -246 43 
4082 -246 43 
4086 -246 43 
4090 -247 44 
4094 -247 44 
4098 -247 44 
4101 -247 44 
4104 -247 45 
4106 -247 45 
4108 -248 46 
4109 -248 46 
4111 -248 47 
4111 -248 47 
4112 -249 48 
4112 -249 48 
4111 -249 47 
4110 -248 47 
4109 -248 47 
4107 -248 46 
4106 -248 46 
4104 -248 46 
4102 -247 45 
4100 -247 45 
4098 -247 45 
4095 -247 45 
4093 -247 45 
4090 -247 45 
4087 -247 44 
4084 -247 44 
4081 -247 44 
4078 -247 44 
4074 -247 44 
4071 -247 44 
4067 -247 44 
4064 -247 44 
4060 -247 44 
4057 -247 44 
4054 -247 44 
4051 -247 44 
4048 -247 44 
4046 -247 45 
4043 -247 45 
4044 -257 52 
4042 -262 52 
4040 -268 52 
4038 -274 52 
4036 -279 52 
4034 -284 52 
4032 -289 52 
4030 -294 52 
4028 -299 52 
4026 -304 52 
4025 -308 52 
4023 -313 52 
4022 -317 52 
4020 -321 52 
4019 -325 52 
4018 -329 52 
4017 -333 52 
4016 -337 52 
4015 -340 52 
4014 -344 52 
4013 -347 52 
4012 -350 52 
4011 -354 52 
4010 -357 52 
4010 -359 52 
4009 -362 52 
4009 -365 52 
4008 -367 52 
4008 -370 52 
4008 -372 52 
4008 -374 53 
4008 -376 53 
4007 -379 53 
4008 -380 53 
4008 -382 53 
4007 -383 52 
4007 -385 52 
4007 -386 52 
4008 -387 51 
4008 -388 51 
4008 -389 51 
4008 -390 50 
4009 -391 50 
4009 -391 50 
4010 -392 49 
4010 -392 49 
4011 -392 49 
4011 -392 48 
4012 -392 48 
4013 -392 48 
4013 -392 47 
4015 -392 47 
4016 -392 48 
4017 -392 48 
4019 -391 48 
4020 -391 48 
4021 -391 49 
4022 -390 49 
4024 -389 49 
4025 -388 49 
4026 -387 49 
4027 -386 50 
4028 -385 50 
4029 -384 50 
4030 -383 50 
4031 -381 51 
4032 -380 51 
4032 -378 51 
4033 -377 51 
4034 -375 51 
4035 -373 51 
4035 -371 51 
4036 -369 52 
4037 -366 52 
4037 -364 52 
4038 -362 52 
4039 -359 52 
4039 -357 52 
4040 -354 52 
4040 -351 52 
4041 -348 52 
4042 -345 52 
4042 -342 52 
4043 -339 53 
4044 -336 53 
4044 -333 53 
4045 -329 53 
4045 -326 53 
4046 -322 53 
4047 -319 53 
4047 -315 53 
4048 -311 53 
4048 -307 53 
4049 -303 53 
4050 -299 53 
4050 -295 53 
4051 -291 54 
4051 -286 54 
4052 -282 54 
4052 -277 54 
4053 -273 54 
4053 -268 54 
4054 -263 54 
4055 -258 54 
4055 -253 54 
4056 -260 55 
4056 -265 55 
4057 -271 55 
4057 -276 54 
4058 -282 54 
4058 -287 54 
4058 -292 54 
4059 -297 54 
4059 -302 54 
4060 -306 54 
4060 -311 54 
4061 -315 53 
4061 -319 53 
4062 -323 53 
4063 -327 53 
4063 -331 53 
4064 -335 52 
4065 -339 52 
4066 -342 52 
4067 -345 52 
4068 -349 52 
4069 -352 52 
4070 -355 51 
4072 -358 51 
4073 -361 51 
4074 -363 51 
4076 -366 51 
4077 -368 51 
4079 -371 50 
4080 -373 50 
4082 -375 50 
4084 -377 50 
4085 -379 50 
4087 -380 49 
4089 -382 49 
4091 -384 49 
4093 -385 49 
4095 -386 49 
4097 -387 49 
4099 -388 48 
4101 -389 48 
4103 -390 48 
4105 -391 48 
4108 -392 47 
4109 -397 45 
4111 -397 45 
4114 -397 45 
4117 -397 44 
4120 -397 44 
4123 -397 44 
4126 -397 44 
4129 -397 44 
4133 -397 44 
4136 -397 44 
4140 -397 44 
4144 -397 44 
4147 -397 44 
4151 -397 44 
4155 -397 44 
4159 -397 44 
4163 -397 44 
4166 -397 44 
4170 -397 44 
4173 -397 44 
4176 -397 44 
4178 -397 45 
4181 -397 45 
4183 -397 45 
4186 -397 45 
4188 -397 45 
4190 -397 45 
4192 -398 45 
4194 -398 46 
4195 -398 46 
4196 -398 47 
4196 -399 48 
4197 -399 49 
4196 -399 48 
4195 -398 47 
4194 -398 47 
4193 -398 46 
4191 -398 46 
4190 -398 46 
4188 -398 46 
4186 -397 45 
4184 -397 45 
4181 -397 45 
4179 -397 45 
4176 -397 45 
4173 -397 45 
4170 -397 44 
4167 -397 44 
4164 -397 44 
4161 -397 44 
4157 -397 44 
4154 -397 44 
4150 -397 44 
4147 -397 44 
4143 -397 44 
4139 -397 44 
4135 -397 44 
4132 -397 44 
4128 -397 44 
4124 -397 44 
4123 -406 51 
4119 -412 51 
4115 -417 51 
4111 -423 50 
4106 -428 50 
4102 -433 50 
4098 -438 50 
4093 -443 50 
4089 -448 50 
4084 -452 50 
4080 -457 50 
4075 -461 49 
4071 -466 49 
4066 -470 49 
4062 -474 49 
4057 -478 49 
4052 -481 49 
4048 -485 49 
4043 -489 49 
4038 -492 49 
4033 -495 48 
4028 -499 48 
4023 -502 48 
4019 -504 48 
4014 -507 48 
4009 -510 48 
4004 -513 48 
3998 -515 48 
3993 -517 47 
3988 -520 47 
3983 -522 47 
3978 -524 47 
3973 -526 47 
3967 -527 47 
3962 -529 47 
3957 -530 46 
3951 -532 46 
3946 -533 46 
3941 -534 46 
3935 -536 46 
3930 -536 46 
3924 -537 45 
3919 -538 45 
3913 -539 45 
3907 -539 45 
3902 -540 45 
3896 -540 44 
3890 -540 44 
3884 -540 44 
3879 -540 43 
3873 -540 43 
3867 -540 43 
3862 -540 44 
3856 -540 44 
3850 -539 44 
3845 -539 44 
3839 -538 45 
3833 -538 45 
3827 -537 45 
3821 -536 45 
3815 -535 45 
3810 -534 45 
3804 -533 45 
3798 -532 46 
3792 -530 46 
3786 -529 46 
3779 -527 46 
3773 -526 46 
3767 -524 46 
3761 -522 46 
3755 -520 46 
3749 -518 46 
3743 -516 46 
3736 -514 46 
3730 -512 47 
3724 -509 47 
3717 -507 47 
3711 -504 47 
3705 -501 47 
3698 -499 47 
3692 -496 47 
3685 -493 47 
3679 -490 47 
3673 -487 47 
3666 -483 47 
3659 -480 47 
3653 -477 47 
3646 -473 47 
3640 -469 47 
3633 -466 48 
3626 -462 48 
3620 -458 48 
3613 -454 48 
3606 -450 48 
3600 -457 49 
3594 -462 49 
3587 -468 49 
3580 -473 49 
3574 -479 49 
3567 -484 49 
3560 -489 48 
3553 -494 48 
3546 -499 48 
3539 -503 48 
3533 -508 48 
3526 -512 48 
3519 -516 48 
3512 -521 48 
3505 -525 48 
3498 -529 48 
3491 -532 47 
3484 -536 47 
3477 -540 47 
3470 -543 47 
3463 -546 47 
3455 -549 47 
3448 -552 47 
3441 -555 47 
3434 -558 47 
3427 -561 46 
3420 -563 46 
3412 -566 46 
3405 -568 46 
3398 -571 46 
3391 -573 46 
3383 -575 46 
3376 -577 46 
3369 -578 45 
3361 -580 45 
3354 -581 45 
3347 -583 45 
3339 -584 45 
3332 -585 45 
3324 -587 45 
3317 -587 44 
3309 -588 44 
3302 -589 44 
3294 -590 44 
3287 -590 44 
3279 -591 43 
3271 -591 43 
3264 -591 43 
3256 -591 43 
3248 -591 42 
3240 -591 41 
3233 -591 42 
3226 -591 43 
3218 -591 43 
3211 -590 43 
3203 -590 43 
3196 -590 44 
3188 -589 44 
3181 -588 44 
3173 -587 44 
3165 -586 44 
3158 -585 44 
3150 -584 44 
3142 -583 45 
3135 -582 45 
3127 -580 45 
3119 -579 45 
3111 -577 45 
3104 -575 45 
3096 -573 45 
3088 -571 45 
3080 -569 45 
3072 -567 45 
3064 -565 46 
3057 -563 46 
3049 -560 46 
3041 -558 46 
3033 -555 46 
3025 -553 46 
3017 -550 46 
3007 -545 41 
2999 -545 41 
2992 -545 41 
2985 -545 41 
2978 -546 41 
2971 -546 42 
2967 -555 49 
2960 -561 49 
2954 -566 49 
2947 -572 49 
2940 -577 49 
2933 -582 48 
2926 -587 48 
2918 -592 48 
2911 -597 48 
2903 -597 45 
2896 -597 45 
2888 -597 45 
2881 -597 45 
2874 -597 45 
2867 -597 44 
2860 -597 44 
2853 -597 44 
2846 -597 44 
2838 -597 44 
2831 -597 44 
2824 -597 44 
2817 -597 44 
2809 -597 44 
2802 -597 44 
2795 -597 44 
2787 -597 44 
2780 -597 44 
2773 -597 44 
2765 -597 44 
2758 -597 44 
2751 -597 44 
2743 -597 44 
2736 -597 44 
2728 -597 44 
2721 -597 44 
2713 -597 44 
2706 -597 44 
2698 -597 44 
2691 -597 44 
2683 -597 44 
2675 -597 44 
2668 -597 44 
2660 -597 44 
2653 -597 44 
2645 -597 44 
2637 -597 44 
2630 -597 44 
2622 -597 44 
2614 -597 44 
2607 -597 44 
2599 -597 44 
2591 -597 44 
2583 -597 44 
2576 -597 44 
2568 -597 44 
2560 -597 44 
2552 -597 44 
2544 -597 44 
2536 -597 44 
2529 -597 44 
2521 -597 44 
2513 -597 44 
2505 -597 44 
2497 -597 44 
2489 -597 44 
2481 -597 44 
2473 -597 44 
2465 -597 44 
2457 -597 44 
2449 -597 44 
2441 -597 44 
2433 -597 44 
2425 -597 44 
2417 -597 44 
2409 -597 44 
2401 -597 44 
2393 -597 44 
2385 -597 44 
2377 -597 44 
2368 -597 44 
2360 -597 44 
2352 -597 44 
2344 -597 44 
2336 -597 44 
2328 -597 44 
2319 -597 44 
2311 -597 44 
2303 -597 44 
2295 -597 44 
2287 -597 44 
2278 -597 44 
2270 -597 44 
2262 -597 44 
2253 -597 44 
2245 -597 44 
2237 -597 44 
2229 -597 44 
2220 -597 44 
2212 -597 44 
2203 -597 44 
2195 -597 44 
2187 -597 44 
2178 -597 44 
2170 -597 44 
2162 -597 44 
2153 -597 44 
2145 -597 44 
2136 -597 44 
2128 -597 44 
2119 -597 44 
2111 -597 44 
2102 -597 44 
2094 -597 44 
2085 -597 44 
2077 -597 44 
2068 -597 44 
2060 -597 44 
2051 -597 44 
2043 -597 44 
2034 -597 44 
2026 -597 44 
2017 -597 44 
2008 -597 44 
2000 -597 44 
1991 -597 44 
1983 -597 44 
1974 -597 44 
1965 -597 44 
1957 -597 44 
1948 -597 44 
1939 -597 44 
1931 -597 44 
1924 -593 48 
1915 -587 48 
1907 -581 48 
1898 -575 48 
1889 -569 48 
1881 -562 48 
1872 -556 48 
1863 -550 48 
1851 -545 41 
1843 -545 41 
1835 -545 41 
1827 -545 41 
1819 -545 41 
1812 -545 41 
1805 -545 41 
1797 -546 41 
1790 -546 42 
1784 -546 42 
1777 -546 42 
